flow_id,src_port,dst_port,total_bytes,total_packets,flow_duration,protocol,prediction,confidence,attack_type,severity,model_used,confidence_category
679df6bdea093592,-9428,3268,83006,370,728.90966796875,6.0,0,0.85,BENIGN,INFO,lightgbm,HIGH
57dcbeacb0182d5d,-23392,389,99836,326,696.9082641601562,6.0,0,0.85,BENIGN,INFO,lightgbm,HIGH
d8980afa38e8370f,0,0,240,4,0.054759979248046875,2.0,0,0.85,BENIGN,INFO,lightgbm,HIGH
068d7e7c80a5144f,-2326,5355,1540,22,0.10012602806091309,17.0,0,0.85,BENIGN,INFO,lightgbm,HIGH
fce69112e2573ee5,137,137,4040,40,93.06942749023438,17.0,0,0.85,BENIGN,INFO,lightgbm,HIGH
8b4abba1c88c1aaa,-16107,53,592,4,0.00024509429931640625,17.0,0,0.85,BENIGN,INFO,lightgbm,HIGH
09edf3dedce42279,-24,53,592,4,0.000225067138671875,17.0,0,0.85,BENIGN,INFO,lightgbm,HIGH
7e30a21e3fc0fa9f,-1005,53,328,4,0.00014495849609375,17.0,0,0.85,BENIGN,INFO,lightgbm,HIGH
fb6f70d04c3eb776,-8948,53,328,4,0.0001838207244873047,17.0,0,0.85,BENIGN,INFO,lightgbm,HIGH
8faa3caf8a2519c7,-8946,389,704,4,0.0001518726348876953,17.0,0,0.85,BENIGN,INFO,lightgbm,HIGH
bb3756e296ae01f5,-8945,389,786,4,0.00017309188842773438,17.0,0,0.85,BENIGN,INFO,lightgbm,HIGH
7aaaa13b459f2959,1028,135,2824,24,26.393653869628906,6.0,0,0.85,BENIGN,INFO,lightgbm,HIGH
eb3af2a0a4420f1f,1029,-15865,8750,42,26.39211082458496,6.0,0,0.85,BENIGN,INFO,lightgbm,HIGH
4c1d61b89ad82845,1030,445,12404,45,10.882110595703125,6.0,0,0.85,BENIGN,INFO,lightgbm,HIGH
7d9aa867bedd27e5,1031,88,1840,16,0.0007081031799316406,6.0,0,0.85,BENIGN,INFO,lightgbm,HIGH
a6407a6758864d1d,1032,88,4770,18,0.0009620189666748047,6.0,0,0.85,BENIGN,INFO,lightgbm,HIGH
1fbb0ea1ed1a201b,-2911,53,552,4,0.00019812583923339844,17.0,0,0.85,BENIGN,INFO,lightgbm,HIGH
9f0b067132458a06,-2910,389,704,4,0.00012111663818359375,17.0,0,0.85,BENIGN,INFO,lightgbm,HIGH
2a487a26a731aa9d,1033,88,7340,20,0.0010960102081298828,6.0,0,0.85,BENIGN,INFO,lightgbm,HIGH
d85d9a6197b90965,1034,88,6574,16,0.0007340908050537109,6.0,0,0.85,BENIGN,INFO,lightgbm,HIGH
606fbb4d525f6dab,1035,389,11236,27,0.004316091537475586,6.0,0,0.85,BENIGN,INFO,lightgbm,HIGH
6a03e2c6e2d86c1a,1036,88,7378,20,0.0009081363677978516,6.0,0,0.85,BENIGN,INFO,lightgbm,HIGH
1e1104f3a8cb2544,0,0,120,2,4.155641078948975,2.0,4,0.85,DoS_Hulk,HIGH,lightgbm,HIGH
76c33fa5b5cad0a0,-544,53,328,4,0.00025010108947753906,17.0,0,0.85,BENIGN,INFO,lightgbm,HIGH
7c63dfa72be28aa4,-11643,53,428,4,0.00021505355834960938,17.0,0,0.85,BENIGN,INFO,lightgbm,HIGH
9b2ba92caeeecb64,-7477,53,316,4,0.00023293495178222656,17.0,0,0.85,BENIGN,INFO,lightgbm,HIGH
4da38b87c81f247e,137,137,54096,498,942.2852172851562,17.0,0,0.85,BENIGN,INFO,lightgbm,HIGH
4a0f5f1fa584d4fb,138,138,32635,122,942.2850341796875,17.0,0,0.85,BENIGN,INFO,lightgbm,HIGH
46353f6d1674bb66,137,137,6420,60,30.392250061035156,17.0,0,0.85,BENIGN,INFO,lightgbm,HIGH
c53b674b54190825,138,138,25542,99,942.2840576171875,17.0,0,0.85,BENIGN,INFO,lightgbm,HIGH
41aa1dc4ddd18d86,-8772,53,442,4,0.02401280403137207,17.0,0,0.85,BENIGN,INFO,lightgbm,HIGH
b7c0a2e621498c4d,-4587,53,522,4,0.11999106407165527,17.0,0,0.85,BENIGN,INFO,lightgbm,HIGH
baade02955e0b475,-4806,53,243,2,0.023526906967163086,17.0,0,0.85,BENIGN,INFO,lightgbm,HIGH
59ba9954096e053c,-5475,53,640,4,312.5863952636719,17.0,0,0.85,BENIGN,INFO,lightgbm,HIGH
47dd1d6661de51fd,-14801,53,506,4,0.00019502639770507812,17.0,0,0.85,BENIGN,INFO,lightgbm,HIGH
b83f641eb9776685,123,123,3600,40,971.9364624023438,17.0,0,0.85,BENIGN,INFO,lightgbm,HIGH
33f08e7a5de90556,123,123,720,8,0.094635009765625,17.0,0,0.85,BENIGN,INFO,lightgbm,HIGH
a027f9f47a6437a7,123,123,720,8,0.11425399780273438,17.0,0,0.85,BENIGN,INFO,lightgbm,HIGH
98eb5e9a1e777be2,-4549,53,460,4,0.00019598007202148438,17.0,0,0.85,BENIGN,INFO,lightgbm,HIGH
c2413b41997f0ded,-15527,53,580,4,0.0007350444793701172,17.0,0,0.85,BENIGN,INFO,lightgbm,HIGH
620daae43d30bc52,-1413,53,494,4,0.00018310546875,17.0,0,0.85,BENIGN,INFO,lightgbm,HIGH
a60126f79671aebf,-754,53,672,4,0.0005998611450195312,17.0,0,0.85,BENIGN,INFO,lightgbm,HIGH
4a69dd6ed414355b,-10569,53,406,4,0.00018596649169921875,17.0,0,0.85,BENIGN,INFO,lightgbm,HIGH
d4d9e8edbafa992b,5353,5353,60171,423,364.7158508300781,17.0,0,0.85,BENIGN,INFO,lightgbm,HIGH
e559e3da9e5eca07,123,123,720,8,0.11460208892822266,17.0,0,0.85,BENIGN,INFO,lightgbm,HIGH
43ed6293aaeef6a7,123,123,720,8,0.1392838954925537,17.0,0,0.85,BENIGN,INFO,lightgbm,HIGH
f0a81e1bb4cb1fa7,0,0,422,7,98.24176788330078,2.0,0,0.85,BENIGN,INFO,lightgbm,HIGH
5b0a97d79d940212,-3536,5355,1540,22,0.4169321060180664,17.0,0,0.85,BENIGN,INFO,lightgbm,HIGH
7f44d371457a64ca,-12128,53,1278,12,5.278273105621338,17.0,0,0.85,BENIGN,INFO,lightgbm,HIGH
d4e8f3ae4c73785a,137,137,2804,28,15.7821044921875,17.0,0,0.85,BENIGN,INFO,lightgbm,HIGH
04e7ddea9d4929c3,-94,53,468,4,0.00018787384033203125,17.0,0,0.85,BENIGN,INFO,lightgbm,HIGH
3f1ca16d9e8166aa,-7115,53,328,4,0.0001399517059326172,17.0,0,0.85,BENIGN,INFO,lightgbm,HIGH
ae3b88f4dbe24498,-7111,389,878,4,0.00016188621520996094,17.0,0,0.85,BENIGN,INFO,lightgbm,HIGH
0a2751c70b9fc9af,-7113,389,784,4,0.0001590251922607422,17.0,0,0.85,BENIGN,INFO,lightgbm,HIGH
249a718756d08dbb,-14556,53,592,4,0.00017881393432617188,17.0,0,0.85,BENIGN,INFO,lightgbm,HIGH
218bd28ca5506e50,-14555,389,786,4,0.00013017654418945312,17.0,0,0.85,BENIGN,INFO,lightgbm,HIGH
da6501ca1e390456,-16124,135,6296,46,23.054697036743164,6.0,0,0.85,BENIGN,INFO,lightgbm,HIGH
e43acb8eaeca3bb9,-16123,-15870,29804,102,53.04462814331055,6.0,11,0.85,SSH-Patator,MEDIUM,lightgbm,HIGH
87bd6d586f2d666f,-16122,445,131206,522,623.021728515625,6.0,0,0.85,BENIGN,INFO,lightgbm,HIGH
c617918a690fd5c9,-16121,88,1840,16,0.0006020069122314453,6.0,0,0.85,BENIGN,INFO,lightgbm,HIGH
69086243899efe84,-16120,88,1840,16,0.0005881786346435547,6.0,0,0.85,BENIGN,INFO,lightgbm,HIGH
e47515ac43241ecd,-16119,88,4770,18,0.00080108642578125,6.0,0,0.85,BENIGN,INFO,lightgbm,HIGH
26173b8016f46c62,-16118,88,4770,18,0.0009028911590576172,6.0,0,0.85,BENIGN,INFO,lightgbm,HIGH
368886dae345bd09,-16117,88,7482,20,0.00109100341796875,6.0,0,0.85,BENIGN,INFO,lightgbm,HIGH
894a8d733b61c268,88,-16116,7436,20,0.001168966293334961,6.0,0,0.85,BENIGN,INFO,lightgbm,HIGH
7b654e4e0264a2f8,-16115,88,6542,16,0.0006809234619140625,6.0,0,0.85,BENIGN,INFO,lightgbm,HIGH
7fb201eabae78c37,-16114,-15865,7494,42,22.934194564819336,6.0,0,0.85,BENIGN,INFO,lightgbm,HIGH
96257894ec141ae1,0,0,360,6,95.32888793945312,2.0,0,0.85,BENIGN,INFO,lightgbm,HIGH
c079c56aff575260,-16113,389,11236,27,0.004196882247924805,6.0,0,0.85,BENIGN,INFO,lightgbm,HIGH
a34b20e554c0a7e9,-16112,88,7482,20,0.00109100341796875,6.0,0,0.85,BENIGN,INFO,lightgbm,HIGH
0c392d662d17b380,-3941,5355,1680,24,0.4224851131439209,17.0,0,0.85,BENIGN,INFO,lightgbm,HIGH
7b1817002daf8afb,137,137,39300,399,548.426513671875,17.0,0,0.85,BENIGN,INFO,lightgbm,HIGH
4f40cc1403852a62,-11893,53,592,4,0.00020313262939453125,17.0,0,0.85,BENIGN,INFO,lightgbm,HIGH
5b1493db62794d77,-10928,53,336,4,0.023686885833740234,17.0,0,0.85,BENIGN,INFO,lightgbm,HIGH
94012a22a745cc6f,-3039,53,190,2,0.023350954055786133,17.0,0,0.85,BENIGN,INFO,lightgbm,HIGH
66832326f7311344,-11432,53,328,4,0.0001480579376220703,17.0,0,0.85,BENIGN,INFO,lightgbm,HIGH
e740820452826704,-11430,389,864,4,0.0001277923583984375,17.0,0,0.85,BENIGN,INFO,lightgbm,HIGH
1ca268ec735b3401,-11429,389,786,4,0.000125885009765625,17.0,0,0.85,BENIGN,INFO,lightgbm,HIGH
2074d66712dc1a34,-11428,389,786,4,0.000125885009765625,17.0,0,0.85,BENIGN,INFO,lightgbm,HIGH
5df21f9214e7c08d,-16379,135,4856,36,18.866823196411133,6.0,0,0.85,BENIGN,INFO,lightgbm,HIGH
e31fe39b2c1f7d87,-16378,-15865,8598,40,18.86549949645996,6.0,0,0.85,BENIGN,INFO,lightgbm,HIGH
c23570b873a40c8f,-16377,445,105808,365,613.4591064453125,6.0,0,0.85,BENIGN,INFO,lightgbm,HIGH
b16058f74577ee61,-16376,88,1840,16,0.0006020069122314453,6.0,0,0.85,BENIGN,INFO,lightgbm,HIGH
d2458e85d6ab0394,-16375,88,4770,18,0.0009510517120361328,6.0,0,0.85,BENIGN,INFO,lightgbm,HIGH
db58bdfc87e24100,-3568,53,336,4,0.0001418590545654297,17.0,0,0.85,BENIGN,INFO,lightgbm,HIGH
2144184d214a942e,-16374,88,7436,20,0.001177072525024414,6.0,0,0.85,BENIGN,INFO,lightgbm,HIGH
d54d9f7204ab53ef,-16373,88,6542,16,0.0007028579711914062,6.0,0,0.85,BENIGN,INFO,lightgbm,HIGH
b86b542e48fb07f5,-16371,389,11020,23,0.004415035247802734,6.0,0,0.85,BENIGN,INFO,lightgbm,HIGH
73cb127821c466cd,-16370,88,7482,20,0.0010569095611572266,6.0,0,0.85,BENIGN,INFO,lightgbm,HIGH
fd910e1bdd88e4a4,-9775,53,1302,12,4.825366973876953,17.0,0,0.85,BENIGN,INFO,lightgbm,HIGH
0ca2dc20669b32ef,-16369,-15870,14670,56,48.686702728271484,6.0,0,0.85,BENIGN,INFO,lightgbm,HIGH
07b2cbf876d3e9b4,-16368,88,1840,16,0.0005970001220703125,6.0,0,0.85,BENIGN,INFO,lightgbm,HIGH
690fe3468e8fb60b,-16367,88,4770,18,0.0009119510650634766,6.0,0,0.85,BENIGN,INFO,lightgbm,HIGH
815762c9736e47fc,-16366,88,7482,20,0.0010449886322021484,6.0,0,0.85,BENIGN,INFO,lightgbm,HIGH
a9d860c57d7131d9,-9962,53,328,4,0.0001571178436279297,17.0,0,0.85,BENIGN,INFO,lightgbm,HIGH
8dc1ef905a04bbe8,-4610,53,1278,12,4.767894744873047,17.0,0,0.85,BENIGN,INFO,lightgbm,HIGH
7ccfc50a8f415915,-9862,53,1350,12,4.7069244384765625,17.0,0,0.85,BENIGN,INFO,lightgbm,HIGH
51ce8707b0e1a41f,-16365,389,17028,39,1.4768640995025635,6.0,0,0.85,BENIGN,INFO,lightgbm,HIGH
9fe7912fb725ad2b,-16364,88,7374,20,0.0010950565338134766,6.0,0,0.85,BENIGN,INFO,lightgbm,HIGH
9eba46c5000004b4,-13632,53,552,4,0.00024008750915527344,17.0,0,0.85,BENIGN,INFO,lightgbm,HIGH
de2510eff95f368a,-13631,389,784,4,0.000164031982421875,17.0,0,0.85,BENIGN,INFO,lightgbm,HIGH
7cfa706d18c8cc86,-16363,389,6478,24,0.029592037200927734,6.0,0,0.85,BENIGN,INFO,lightgbm,HIGH
b3b50b6bc059a042,-16362,88,7436,20,0.0012240409851074219,6.0,0,0.85,BENIGN,INFO,lightgbm,HIGH
63db82defe0048a8,-16361,88,6542,16,0.0007038116455078125,6.0,0,0.85,BENIGN,INFO,lightgbm,HIGH
94c521a59e4ddb39,0,0,1328,8,14.486104965209961,1.0,0,0.85,BENIGN,INFO,lightgbm,HIGH
8636ffae42db1a84,123,123,5040,56,898.2527465820312,17.0,0,0.85,BENIGN,INFO,lightgbm,HIGH
4cda33a8d8acfe6a,-2490,53,460,4,0.00024509429931640625,17.0,0,0.85,BENIGN,INFO,lightgbm,HIGH
ea0e38ce05e3c69d,-8441,53,580,4,0.0006759166717529297,17.0,0,0.85,BENIGN,INFO,lightgbm,HIGH
aec1556483de7753,-10654,53,498,4,0.00017714500427246094,17.0,0,0.85,BENIGN,INFO,lightgbm,HIGH
663d342efc6743e6,-1507,53,676,4,0.0005910396575927734,17.0,0,0.85,BENIGN,INFO,lightgbm,HIGH
1459330825006fd5,-441,53,464,4,0.04662585258483887,17.0,0,0.85,BENIGN,INFO,lightgbm,HIGH
4518427c6eda0228,-4858,53,480,4,303.66131591796875,17.0,0,0.85,BENIGN,INFO,lightgbm,HIGH
630ca4bee2c9df92,-16360,443,8055,20,139.53073120117188,6.0,0,0.85,BENIGN,INFO,lightgbm,HIGH
da3c11d62dd1a78e,-16108,389,16908,37,7.166959762573242,6.0,0,0.85,BENIGN,INFO,lightgbm,HIGH
8cdabd1b5baaaf82,-15200,53,460,4,0.00021004676818847656,17.0,0,0.85,BENIGN,INFO,lightgbm,HIGH
8f57a3ca432b2d2b,-7055,53,580,4,0.0006229877471923828,17.0,0,0.85,BENIGN,INFO,lightgbm,HIGH
ffc1bde574e6ac41,-14132,53,494,4,0.00017905235290527344,17.0,0,0.85,BENIGN,INFO,lightgbm,HIGH
7179cc31ae7bd048,-4440,53,672,4,0.0005640983581542969,17.0,0,0.85,BENIGN,INFO,lightgbm,HIGH
481d32ee966077e8,123,123,5400,60,977.5999755859375,17.0,0,0.85,BENIGN,INFO,lightgbm,HIGH
20ee3de5dfb370cc,-16107,88,7374,20,0.0011038780212402344,6.0,0,0.85,BENIGN,INFO,lightgbm,HIGH
e2e74445575eee0b,-9682,53,552,4,0.00030303001403808594,17.0,0,0.85,BENIGN,INFO,lightgbm,HIGH
784085c426789d67,-9681,389,784,4,0.00013899803161621094,17.0,0,0.85,BENIGN,INFO,lightgbm,HIGH
f53bcd405c30697a,-16106,389,6598,26,1.204314947128296,6.0,0,0.85,BENIGN,INFO,lightgbm,HIGH
836b523f431f5c79,-16105,88,7482,20,0.0011909008026123047,6.0,0,0.85,BENIGN,INFO,lightgbm,HIGH
4dae3e788bc4a474,-16104,88,6542,16,0.0007219314575195312,6.0,0,0.85,BENIGN,INFO,lightgbm,HIGH
25ee1f62c2152e0f,-4438,389,786,4,0.00015807151794433594,17.0,0,0.85,BENIGN,INFO,lightgbm,HIGH
dd3b04148973a6a1,-16358,389,15438,49,0.1298511028289795,6.0,0,0.85,BENIGN,INFO,lightgbm,HIGH
9bcdb608f70f4cb1,-4437,389,786,4,0.00012612342834472656,17.0,0,0.85,BENIGN,INFO,lightgbm,HIGH
df7f0449a7df1862,-16357,389,8288,28,0.008091926574707031,6.0,0,0.85,BENIGN,INFO,lightgbm,HIGH
3700f009d106327c,-16356,88,1876,16,0.0006470680236816406,6.0,0,0.85,BENIGN,INFO,lightgbm,HIGH
f421b47c772082eb,-16355,88,4774,18,0.0009849071502685547,6.0,0,0.85,BENIGN,INFO,lightgbm,HIGH
b9271cd2a1813a0c,-16354,88,7254,20,0.0010671615600585938,6.0,0,0.85,BENIGN,INFO,lightgbm,HIGH
d9e6e0dd38cb5255,-15718,53,622,4,0.0011050701141357422,17.0,0,0.85,BENIGN,INFO,lightgbm,HIGH
156a9fd08180041d,-3086,53,661,4,597.1475830078125,17.0,0,0.85,BENIGN,INFO,lightgbm,HIGH
dd7cd110be6d8a24,-16103,80,1293,8,0.1403210163116455,6.0,4,0.85,DoS_Hulk,HIGH,lightgbm,HIGH
cd62699d1e0c8efb,-15582,53,1302,12,4.249233245849609,17.0,0,0.85,BENIGN,INFO,lightgbm,HIGH
75df5436eda1e784,-16102,443,23650,30,7.5083489418029785,6.0,0,0.85,BENIGN,INFO,lightgbm,HIGH
99dfff0d8592c819,7725,7725,1272,12,1.5974044799804688e-05,17.0,0,0.85,BENIGN,INFO,lightgbm,HIGH
578c50cfa1c97cee,137,137,12144,132,1.5183830261230469,17.0,0,0.85,BENIGN,INFO,lightgbm,HIGH
fcbbefd7a12b07d3,-12388,53,1302,12,5.158908843994141,17.0,0,0.85,BENIGN,INFO,lightgbm,HIGH
8269c933005e03ba,-12615,53,1278,12,4.947620391845703,17.0,0,0.85,BENIGN,INFO,lightgbm,HIGH
f9285c4645b40702,138,138,7799,33,0.010719060897827148,17.0,0,0.85,BENIGN,INFO,lightgbm,HIGH
f506396ace8c6833,-16384,389,1072,16,0.012366056442260742,6.0,0,0.85,BENIGN,INFO,lightgbm,HIGH
d34a51ee7ca5adcf,-16383,389,7400,25,0.0010960102081298828,6.0,0,0.85,BENIGN,INFO,lightgbm,HIGH
f28af9c8f5485c1c,5353,5353,53735,307,538.3512573242188,17.0,0,0.85,BENIGN,INFO,lightgbm,HIGH
0d7f2ee2c094b6d2,-7891,53,636,4,0.07043695449829102,17.0,0,0.85,BENIGN,INFO,lightgbm,HIGH
a44510f124324dfb,-3551,53,340,2,0.06994986534118652,17.0,0,0.85,BENIGN,INFO,lightgbm,HIGH
75752167f281f024,-16101,80,1128,10,104.66644287109375,6.0,4,0.85,DoS_Hulk,HIGH,lightgbm,HIGH
e7d687daf48417b2,123,123,4680,52,896.4534301757812,17.0,0,0.85,BENIGN,INFO,lightgbm,HIGH
445c0c06659cb187,0,0,60,1,0.0,2.0,0,0.85,BENIGN,INFO,lightgbm,HIGH
c4918b78ad671474,-16100,389,15198,45,0.12455892562866211,6.0,0,0.85,BENIGN,INFO,lightgbm,HIGH
5c8e25a01144803a,1040,135,3648,30,24.030193328857422,6.0,0,0.85,BENIGN,INFO,lightgbm,HIGH
e97369c06ea53a2f,1041,-15870,22870,80,84.02667236328125,6.0,11,0.85,SSH-Patator,MEDIUM,lightgbm,HIGH
35069b15bd27963c,-16099,389,8288,28,0.03694581985473633,6.0,0,0.85,BENIGN,INFO,lightgbm,HIGH
1da1e62793da7beb,-16098,88,1876,16,0.0006320476531982422,6.0,0,0.85,BENIGN,INFO,lightgbm,HIGH
998459ce7339aa4d,-16097,88,4774,18,0.0010480880737304688,6.0,0,0.85,BENIGN,INFO,lightgbm,HIGH
ab9c0262b675570f,-16096,88,7254,20,0.001127004623413086,6.0,0,0.85,BENIGN,INFO,lightgbm,HIGH
e9c93cb60a321d03,-5113,5355,1452,22,0.09909892082214355,17.0,0,0.85,BENIGN,INFO,lightgbm,HIGH
23610770b36332f1,1042,445,12404,45,14.312514305114746,6.0,0,0.85,BENIGN,INFO,lightgbm,HIGH
e6e3e3b192168629,1043,88,1840,16,0.0006380081176757812,6.0,0,0.85,BENIGN,INFO,lightgbm,HIGH
69d00c00aae871b5,-5813,53,516,4,0.20596790313720703,17.0,0,0.85,BENIGN,INFO,lightgbm,HIGH
da81109d9fdc3a47,-5161,53,662,4,917.6024169921875,17.0,0,0.85,BENIGN,INFO,lightgbm,HIGH
f22a03f819bc21ac,1044,88,4770,18,0.0009071826934814453,6.0,0,0.85,BENIGN,INFO,lightgbm,HIGH
a7b8f58a15185ea2,1045,88,7378,20,0.0009920597076416016,6.0,0,0.85,BENIGN,INFO,lightgbm,HIGH
183100630f8c76b5,137,137,15732,171,10.82633113861084,17.0,0,0.85,BENIGN,INFO,lightgbm,HIGH
bfafd040420bdc55,1046,80,876,10,0.04871106147766113,6.0,4,0.85,DoS_Hulk,HIGH,lightgbm,HIGH
5434213f6868fd53,-7984,53,460,4,0.07172584533691406,17.0,0,0.85,BENIGN,INFO,lightgbm,HIGH
4ca2298a52a0663d,-3996,53,313,2,0.07048487663269043,17.0,0,0.85,BENIGN,INFO,lightgbm,HIGH
1a6fe851596a0d87,-4926,53,246,2,0.0006821155548095703,17.0,0,0.85,BENIGN,INFO,lightgbm,HIGH
80aff84a633eb3c6,1047,389,16710,37,1.6217920780181885,6.0,0,0.85,BENIGN,INFO,lightgbm,HIGH
8e7f7bf556558337,1048,88,7282,20,0.0011818408966064453,6.0,0,0.85,BENIGN,INFO,lightgbm,HIGH
d3cf2bc0fe35d468,1049,88,6592,16,0.0011439323425292969,6.0,0,0.85,BENIGN,INFO,lightgbm,HIGH
f1d3fa06306c491c,1050,389,6478,24,0.01470184326171875,6.0,0,0.85,BENIGN,INFO,lightgbm,HIGH
925b018a190a8ec3,1051,88,6376,20,0.0008878707885742188,6.0,0,0.85,BENIGN,INFO,lightgbm,HIGH
bb3964fcd3ac624c,1052,445,20974,77,25.19275665283203,6.0,0,0.85,BENIGN,INFO,lightgbm,HIGH
61d509d3ee0fdd70,1053,88,7340,20,0.0012340545654296875,6.0,0,0.85,BENIGN,INFO,lightgbm,HIGH
079cd3e239fcb151,1054,88,6574,16,0.0009047985076904297,6.0,0,0.85,BENIGN,INFO,lightgbm,HIGH
c51e9ad7cadd581c,-13601,53,492,4,0.3105659484863281,17.0,0,0.85,BENIGN,INFO,lightgbm,HIGH
0ce392a2daa99bce,-3481,53,798,6,915.884033203125,17.0,0,0.85,BENIGN,INFO,lightgbm,HIGH
0b24e2d8d2e23b9c,5839,53,390,4,0.00019407272338867188,17.0,0,0.85,BENIGN,INFO,lightgbm,HIGH
32cac118d48cf0cc,-22151,53,390,4,0.00015687942504882812,17.0,0,0.85,BENIGN,INFO,lightgbm,HIGH
37bbdbbca926ba23,-7328,53,328,4,0.00018715858459472656,17.0,0,0.85,BENIGN,INFO,lightgbm,HIGH
3d4cc96b99e7660e,123,123,1440,16,6.0000200271606445,17.0,0,0.85,BENIGN,INFO,lightgbm,HIGH
402dc45e8d1c4f6e,-16095,80,3013,11,54.71635437011719,6.0,4,0.85,DoS_Hulk,HIGH,lightgbm,HIGH
d5d35421624bbeb4,-23873,53,410,4,0.0008099079132080078,17.0,0,0.85,BENIGN,INFO,lightgbm,HIGH
8b4e4d8f909fba4f,-5306,53,227,2,0.0004448890686035156,17.0,0,0.85,BENIGN,INFO,lightgbm,HIGH
f9bc720b745fde05,-5558,53,594,4,0.1115579605102539,17.0,0,0.85,BENIGN,INFO,lightgbm,HIGH
652ccf958e44c617,-5031,53,292,2,0.1111149787902832,17.0,0,0.85,BENIGN,INFO,lightgbm,HIGH
183b5470414617ab,-23999,53,410,4,0.00015616416931152344,17.0,0,0.85,BENIGN,INFO,lightgbm,HIGH
137dc49976a8cab0,-16094,443,14710,31,87.69720458984375,6.0,0,0.85,BENIGN,INFO,lightgbm,HIGH
7c28c492eed34e77,-22869,53,368,4,0.023766040802001953,17.0,0,0.85,BENIGN,INFO,lightgbm,HIGH
7a3cca2bf763c4b0,-4964,53,206,2,0.023370027542114258,17.0,0,0.85,BENIGN,INFO,lightgbm,HIGH
de58bc001b5e1f5f,5213,445,31472,127,1.0377278327941895,6.0,0,0.85,BENIGN,INFO,lightgbm,HIGH
e1caffb00c7dc527,-2586,389,708,4,0.000141143798828125,17.0,0,0.85,BENIGN,INFO,lightgbm,HIGH
4cc046f3c43694f0,-28221,53,368,4,0.0001919269561767578,17.0,0,0.85,BENIGN,INFO,lightgbm,HIGH
74358d040d59e0ce,5214,88,6958,18,0.0012640953063964844,6.0,0,0.85,BENIGN,INFO,lightgbm,HIGH
b6cf70813565d4a5,5215,88,6392,16,0.0008649826049804688,6.0,0,0.85,BENIGN,INFO,lightgbm,HIGH
e19f25f65f622d81,0,0,540,9,205.22544860839844,2.0,0,0.85,BENIGN,INFO,lightgbm,HIGH
29e2c146839c681c,-16382,389,1072,16,0.0019140243530273438,6.0,0,0.85,BENIGN,INFO,lightgbm,HIGH
2da28cd5dc28d6a9,-16381,389,341712,626,144.0194091796875,6.0,0,0.85,BENIGN,INFO,lightgbm,HIGH
9eccb9c4cc87c0ef,-16378,88,3304,4,0.006991863250732422,17.0,0,0.85,BENIGN,INFO,lightgbm,HIGH
a66c20804706a857,-16377,88,5396,4,0.0009138584136962891,17.0,0,0.85,BENIGN,INFO,lightgbm,HIGH
c8a8daa20efb5c3c,-2703,53,396,4,0.0001819133758544922,17.0,0,0.85,BENIGN,INFO,lightgbm,HIGH
eb8e54b2b338cee5,-16376,88,5544,4,0.0007700920104980469,17.0,0,0.85,BENIGN,INFO,lightgbm,HIGH
4f24398a4169cb2f,-7526,53,406,4,0.00018978118896484375,17.0,0,0.85,BENIGN,INFO,lightgbm,HIGH
0ce3c532d3ee58c2,-11906,53,428,4,0.0001919269561767578,17.0,0,0.85,BENIGN,INFO,lightgbm,HIGH
d0e320962777e08f,-880,53,444,4,0.00016379356384277344,17.0,0,0.85,BENIGN,INFO,lightgbm,HIGH
f81cdfe9cb7d4cf7,-10939,53,440,4,0.00016188621520996094,17.0,0,0.85,BENIGN,INFO,lightgbm,HIGH
3e482fffd938ded5,0,0,140,2,4.7206878662109375e-05,1.0,0,0.85,BENIGN,INFO,lightgbm,HIGH
5e48b42c30414f91,-7256,53,420,4,0.0002238750457763672,17.0,0,0.85,BENIGN,INFO,lightgbm,HIGH
8d9d73496d6a79ea,-13700,53,444,4,0.0001800060272216797,17.0,0,0.85,BENIGN,INFO,lightgbm,HIGH
cde9c35f2ce2f642,-2954,53,440,4,0.00016880035400390625,17.0,0,0.85,BENIGN,INFO,lightgbm,HIGH
2ab287d779d5c491,-16375,137,380,4,0.00010609626770019531,17.0,0,0.85,BENIGN,INFO,lightgbm,HIGH
22f58af471eb45bf,-16374,137,3312,36,0.5417850017547607,17.0,0,0.85,BENIGN,INFO,lightgbm,HIGH
ba070ca8e02eaa79,-11166,53,328,4,0.00014281272888183594,17.0,0,0.85,BENIGN,INFO,lightgbm,HIGH
24d26a6ceb0b7e4c,-16380,3268,1072,16,0.0014810562133789062,6.0,0,0.85,BENIGN,INFO,lightgbm,HIGH
9689e3eec850f1e3,-16379,3268,38662,167,143.50328063964844,6.0,0,0.85,BENIGN,INFO,lightgbm,HIGH
50cf2e271cce7d04,-2345,53,396,4,0.00016617774963378906,17.0,0,0.85,BENIGN,INFO,lightgbm,HIGH
648173beed6b7c1d,-16093,443,23618,30,0.3177170753479004,6.0,0,0.85,BENIGN,INFO,lightgbm,HIGH
ea1855976a82bf68,-16373,389,626,4,0.000164031982421875,17.0,0,0.85,BENIGN,INFO,lightgbm,HIGH
a00bedc53666fe44,-16378,389,3134,34,0.09441781044006348,6.0,0,0.85,BENIGN,INFO,lightgbm,HIGH
f7c7185b9c724c98,-16372,88,908,4,0.000415802001953125,17.0,0,0.85,BENIGN,INFO,lightgbm,HIGH
32becca1e2e1da83,-16371,88,3532,4,0.0007109642028808594,17.0,0,0.85,BENIGN,INFO,lightgbm,HIGH
82efccfac63a2094,-16370,88,3052,4,0.0002751350402832031,17.0,0,0.85,BENIGN,INFO,lightgbm,HIGH
6db71f9259546837,-16369,88,3010,4,0.00026988983154296875,17.0,0,0.85,BENIGN,INFO,lightgbm,HIGH
3b12cfc219ade22b,-16368,389,626,4,0.00011491775512695312,17.0,0,0.85,BENIGN,INFO,lightgbm,HIGH
238d0ac1caca2b54,-16377,389,3016,32,0.04559493064880371,6.0,0,0.85,BENIGN,INFO,lightgbm,HIGH
39def420e1cb8bf6,-16367,88,3052,4,0.00025010108947753906,17.0,0,0.85,BENIGN,INFO,lightgbm,HIGH
cde03293a5ae0efd,-16366,88,3010,4,0.0002510547637939453,17.0,0,0.85,BENIGN,INFO,lightgbm,HIGH
6b5aac8e08068b55,-16365,88,908,4,0.0003418922424316406,17.0,0,0.85,BENIGN,INFO,lightgbm,HIGH
8666c2afa893bbb0,-16364,88,3530,4,0.0006380081176757812,17.0,0,0.85,BENIGN,INFO,lightgbm,HIGH
a2916965c4522df4,-16363,88,3052,4,0.0002639293670654297,17.0,0,0.85,BENIGN,INFO,lightgbm,HIGH
0639bae2a478ffc6,-16362,88,3010,4,0.00026297569274902344,17.0,0,0.85,BENIGN,INFO,lightgbm,HIGH
c60255ed17e29d7c,-1810,53,464,4,0.36016297340393066,17.0,0,0.85,BENIGN,INFO,lightgbm,HIGH
bab50fc59b06478f,-4849,53,1271,12,902.49658203125,17.0,0,0.85,BENIGN,INFO,lightgbm,HIGH
b34bda19772564cd,-16092,443,8000,19,104.92241668701172,6.0,0,0.85,BENIGN,INFO,lightgbm,HIGH
e1653adc696d9808,-16361,88,3308,4,0.0007610321044921875,17.0,0,0.85,BENIGN,INFO,lightgbm,HIGH
87881073194d3756,-16360,88,5412,4,0.0008091926574707031,17.0,0,0.85,BENIGN,INFO,lightgbm,HIGH
1c95094e0ddb156a,-16359,88,3308,4,0.0006248950958251953,17.0,0,0.85,BENIGN,INFO,lightgbm,HIGH
d0093c3fccbb7f95,-16358,88,5412,4,0.0008039474487304688,17.0,0,0.85,BENIGN,INFO,lightgbm,HIGH
a46857eb7c24e598,-16357,88,868,4,0.0003571510314941406,17.0,0,0.85,BENIGN,INFO,lightgbm,HIGH
bdb66eb428268ae3,-16356,88,3500,4,0.0006108283996582031,17.0,0,0.85,BENIGN,INFO,lightgbm,HIGH
0a8c52479aea4f13,-16355,88,3308,4,0.0006260871887207031,17.0,0,0.85,BENIGN,INFO,lightgbm,HIGH
9e88690a65697aea,-16354,88,5412,4,0.0007960796356201172,17.0,0,0.85,BENIGN,INFO,lightgbm,HIGH
f1a9f9572c987144,-16376,3268,11452,35,7.1098737716674805,6.0,0,0.85,BENIGN,INFO,lightgbm,HIGH
142db65bb249a41f,-16353,88,5560,4,0.0007750988006591797,17.0,0,0.85,BENIGN,INFO,lightgbm,HIGH
3d4b6382448cf2b7,-16375,389,22294,59,7.075885772705078,6.0,0,0.85,BENIGN,INFO,lightgbm,HIGH
c26b827e3f212113,7725,7725,1166,11,1.5974044799804688e-05,17.0,0,0.85,BENIGN,INFO,lightgbm,HIGH
047be7da772772eb,-1908,53,368,4,0.024138927459716797,17.0,0,0.85,BENIGN,INFO,lightgbm,HIGH
86c61e9ee800b4f5,-3550,53,206,2,0.02370595932006836,17.0,0,0.85,BENIGN,INFO,lightgbm,HIGH
7afb98a51d294279,-30057,80,1465,11,5.2308030128479,6.0,4,0.85,DoS_Hulk,HIGH,lightgbm,HIGH
ae9ab2f3b2f6df1a,7725,7725,1166,11,1.5020370483398438e-05,17.0,0,0.85,BENIGN,INFO,lightgbm,HIGH
caab79d1808adae5,8610,8612,660,11,1.71661376953125e-05,17.0,0,0.85,BENIGN,INFO,lightgbm,HIGH
8c7a6d30b4b64966,8611,8612,660,11,1.71661376953125e-05,17.0,0,0.85,BENIGN,INFO,lightgbm,HIGH
cdd609653de6e62b,8612,8612,660,11,1.6927719116210938e-05,17.0,0,0.85,BENIGN,INFO,lightgbm,HIGH
cc423739ee81e070,8613,8612,660,11,1.6927719116210938e-05,17.0,0,0.85,BENIGN,INFO,lightgbm,HIGH
0ab74c40a407a506,8614,8612,660,11,1.811981201171875e-05,17.0,0,0.85,BENIGN,INFO,lightgbm,HIGH
41fcd43633214f5b,137,137,17296,188,905.2510986328125,17.0,0,0.85,BENIGN,INFO,lightgbm,HIGH
b4d2bc26e0e16a0b,-16125,53,1134,8,0.0099639892578125,17.0,0,0.85,BENIGN,INFO,lightgbm,HIGH
aa98b0bf785c3717,-10413,53,572,4,0.000164031982421875,17.0,0,0.85,BENIGN,INFO,lightgbm,HIGH
8104f3bbf5d4d327,-6732,53,568,4,0.00016188621520996094,17.0,0,0.85,BENIGN,INFO,lightgbm,HIGH
22ede681fc586309,-287,53,572,4,0.00015091896057128906,17.0,0,0.85,BENIGN,INFO,lightgbm,HIGH
73c7f7994175d300,-3744,53,572,4,0.00015306472778320312,17.0,0,0.85,BENIGN,INFO,lightgbm,HIGH
eab35df7c6a41af6,-4137,53,466,4,0.00014901161193847656,17.0,0,0.85,BENIGN,INFO,lightgbm,HIGH
4af2c62b77f1cecf,-12211,53,470,4,0.0001461505889892578,17.0,0,0.85,BENIGN,INFO,lightgbm,HIGH
cf9bbaf0dd33f66a,-10493,53,466,4,0.00014781951904296875,17.0,0,0.85,BENIGN,INFO,lightgbm,HIGH
e7b9786709133940,-6703,53,470,4,0.00014591217041015625,17.0,0,0.85,BENIGN,INFO,lightgbm,HIGH
16337c8b155f0a9e,-2793,53,470,4,0.00014901161193847656,17.0,0,0.85,BENIGN,INFO,lightgbm,HIGH
6d51eab2268ff3a9,-16352,137,1104,12,1.811981201171875e-05,17.0,0,0.85,BENIGN,INFO,lightgbm,HIGH
de573263990e9897,137,-16352,208,2,4.0531158447265625e-06,17.0,0,0.85,BENIGN,INFO,lightgbm,HIGH
cf088e7ca959b2e7,-16374,139,11098,88,0.15287113189697266,6.0,0,0.85,BENIGN,INFO,lightgbm,HIGH
efc9ac6662be7436,-10941,53,260,4,0.00023102760314941406,17.0,0,0.85,BENIGN,INFO,lightgbm,HIGH
2d320f9437024e30,-15259,53,260,4,0.00022912025451660156,17.0,0,0.85,BENIGN,INFO,lightgbm,HIGH
a3b8bb971cd49bcf,-8250,53,260,4,0.0001690387725830078,17.0,0,0.85,BENIGN,INFO,lightgbm,HIGH
628e6c37ae895ae8,26806,53,260,4,0.0001671314239501953,17.0,0,0.85,BENIGN,INFO,lightgbm,HIGH
53087eea7c38969b,18250,53,260,4,0.0002071857452392578,17.0,0,0.85,BENIGN,INFO,lightgbm,HIGH
f2b342a1f192f339,12026,53,260,4,0.00015997886657714844,17.0,0,0.85,BENIGN,INFO,lightgbm,HIGH
d9a4155698faa73e,24709,53,260,4,0.00020599365234375,17.0,0,0.85,BENIGN,INFO,lightgbm,HIGH
db9c16bacd324d43,3570,53,260,4,0.00015807151794433594,17.0,0,0.85,BENIGN,INFO,lightgbm,HIGH
3df83d1511e97920,-26978,53,260,4,0.00015592575073242188,17.0,0,0.85,BENIGN,INFO,lightgbm,HIGH
6c48fc4862c33816,-15653,53,260,4,0.00015401840209960938,17.0,0,0.85,BENIGN,INFO,lightgbm,HIGH
03c81ae52f5e6bd7,-5763,53,260,4,0.00019598007202148438,17.0,0,0.85,BENIGN,INFO,lightgbm,HIGH
fac080b6d9c57b17,-14678,53,260,4,0.00014901161193847656,17.0,0,0.85,BENIGN,INFO,lightgbm,HIGH
5399b1e9033b7e23,2097,53,260,4,0.00020003318786621094,17.0,0,0.85,BENIGN,INFO,lightgbm,HIGH
faf66387f34590ac,-16333,53,260,4,0.0001518726348876953,17.0,0,0.85,BENIGN,INFO,lightgbm,HIGH
ee5f67ac2a6261f1,-12191,53,260,4,0.0001990795135498047,17.0,0,0.85,BENIGN,INFO,lightgbm,HIGH
4770893ea290d578,2578,53,260,4,0.00015115737915039062,17.0,0,0.85,BENIGN,INFO,lightgbm,HIGH
9f4c630309ae9e61,123,123,180,2,0.0169370174407959,17.0,0,0.85,BENIGN,INFO,lightgbm,HIGH
84f44aecf03a7817,-16091,443,23476,27,0.28659582138061523,6.0,0,0.85,BENIGN,INFO,lightgbm,HIGH
89490f44597436fd,-5736,3289,720,12,1.71661376953125e-05,17.0,0,0.85,BENIGN,INFO,lightgbm,HIGH
9a8b0ba6d802dff6,-11361,53,592,4,0.07036304473876953,17.0,0,0.85,BENIGN,INFO,lightgbm,HIGH
be285dd0b940be1d,-4731,53,282,2,0.06986403465270996,17.0,0,0.85,BENIGN,INFO,lightgbm,HIGH
36e070812a67b7ff,-16090,443,15994,31,67.5003662109375,6.0,0,0.85,BENIGN,INFO,lightgbm,HIGH
625f9544317aea7f,-11194,1124,948,12,1.71661376953125e-05,17.0,10,0.85,PortScan,MEDIUM,lightgbm,HIGH
edf4e497345b6a7f,-6194,53,464,4,0.0002181529998779297,17.0,0,0.85,BENIGN,INFO,lightgbm,HIGH
062d14428eea6007,-16089,443,7203,20,160.58778381347656,6.0,0,0.85,BENIGN,INFO,lightgbm,HIGH
430b641b2f3d2674,5353,5353,45828,300,535.359375,17.0,0,0.85,BENIGN,INFO,lightgbm,HIGH
897ad3957af6ff9b,-15078,53,410,4,0.00019288063049316406,17.0,0,0.85,BENIGN,INFO,lightgbm,HIGH
6e3cecdac3d994de,31990,53,410,4,0.00015687942504882812,17.0,0,0.85,BENIGN,INFO,lightgbm,HIGH
f326823419d3043e,137,137,31000,290,920.6024169921875,17.0,0,0.85,BENIGN,INFO,lightgbm,HIGH
22dd185eac732454,138,138,20775,75,920.5863037109375,17.0,0,0.85,BENIGN,INFO,lightgbm,HIGH
e555c5f9e7e747e5,137,137,832,8,920.586181640625,17.0,0,0.85,BENIGN,INFO,lightgbm,HIGH
9fbfb12145d79a7d,123,123,6840,76,882.0154418945312,17.0,0,0.85,BENIGN,INFO,lightgbm,HIGH
45b6efa02cd9e8d7,17521,53,368,4,0.0001919269561767578,17.0,0,0.85,BENIGN,INFO,lightgbm,HIGH
61c26e758050fe97,-15055,53,426,4,0.024013996124267578,17.0,0,0.85,BENIGN,INFO,lightgbm,HIGH
3cfa4966de1171b2,-4943,53,235,2,0.023543834686279297,17.0,0,0.85,BENIGN,INFO,lightgbm,HIGH
796e49af808a6730,-8830,5355,1680,24,0.09982013702392578,17.0,0,0.85,BENIGN,INFO,lightgbm,HIGH
1c8bae33108e81a8,137,137,7508,76,93.62422180175781,17.0,0,0.85,BENIGN,INFO,lightgbm,HIGH
5d71d5fb19b7c513,17922,53,428,4,0.00021696090698242188,17.0,0,0.85,BENIGN,INFO,lightgbm,HIGH
08628f581a86e8cc,-13587,389,1782,20,0.0005660057067871094,6.0,0,0.85,BENIGN,INFO,lightgbm,HIGH
e0f902c8f609e458,11868,53,552,4,0.0001990795135498047,17.0,0,0.85,BENIGN,INFO,lightgbm,HIGH
15680ade7389145f,15618,53,428,4,0.00019311904907226562,17.0,0,0.85,BENIGN,INFO,lightgbm,HIGH
6994edbbe34d2ecf,-13586,389,12061,33,0.015215158462524414,6.0,0,0.85,BENIGN,INFO,lightgbm,HIGH
3b2b6b6375d7012c,-8705,53,444,4,0.0001971721649169922,17.0,0,0.85,BENIGN,INFO,lightgbm,HIGH
775cf39021fc68b1,14483,53,444,4,0.00019407272338867188,17.0,0,0.85,BENIGN,INFO,lightgbm,HIGH
45859744b278e949,22971,53,328,4,0.00018596649169921875,17.0,0,0.85,BENIGN,INFO,lightgbm,HIGH
f7b57e0d1bcc0183,-27599,53,390,4,0.0002448558807373047,17.0,0,0.85,BENIGN,INFO,lightgbm,HIGH
d0904f567dffb41c,-8813,88,878,4,0.00041794776916503906,17.0,0,0.85,BENIGN,INFO,lightgbm,HIGH
ab9835add4717741,-29180,53,494,4,0.00018787384033203125,17.0,0,0.85,BENIGN,INFO,lightgbm,HIGH
28b54ef4aad888ea,19271,53,444,4,0.0001690387725830078,17.0,0,0.85,BENIGN,INFO,lightgbm,HIGH
bae0eb6ded15cf7b,-26449,53,444,4,0.0001659393310546875,17.0,0,0.85,BENIGN,INFO,lightgbm,HIGH
16c7eb7d9cd01d2e,12520,53,328,4,0.00016617774963378906,17.0,0,0.85,BENIGN,INFO,lightgbm,HIGH
bbdd5e544ff47f2e,3473,53,390,4,0.00017714500427246094,17.0,0,0.85,BENIGN,INFO,lightgbm,HIGH
2e2107737968550b,-8802,88,3528,4,0.0007469654083251953,17.0,0,0.85,BENIGN,INFO,lightgbm,HIGH
3b51f400fa337d53,-4000,53,494,4,0.0003020763397216797,17.0,0,0.85,BENIGN,INFO,lightgbm,HIGH
eca1f875ab998673,-11641,53,444,4,0.0001609325408935547,17.0,0,0.85,BENIGN,INFO,lightgbm,HIGH
a1826a2bd3c3472e,6149,53,444,4,0.0001590251922607422,17.0,0,0.85,BENIGN,INFO,lightgbm,HIGH
13eb5b7a98666445,-27636,53,328,4,0.00017118453979492188,17.0,0,0.85,BENIGN,INFO,lightgbm,HIGH
db5cef6fb561ade1,-7875,53,390,4,0.00018095970153808594,17.0,0,0.85,BENIGN,INFO,lightgbm,HIGH
85a6c62a75395787,31548,53,328,4,0.00015997886657714844,17.0,0,0.85,BENIGN,INFO,lightgbm,HIGH
141232e084cc4e02,-28110,53,390,4,0.00017189979553222656,17.0,0,0.85,BENIGN,INFO,lightgbm,HIGH
aab06a9b815d42a2,-17663,88,7708,21,0.001238107681274414,6.0,0,0.85,BENIGN,INFO,lightgbm,HIGH
fb9abf2c2320195f,31118,53,494,4,0.000225067138671875,17.0,0,0.85,BENIGN,INFO,lightgbm,HIGH
9c9e8a0f0f8ea422,-13584,389,69095,227,893.9600219726562,6.0,0,0.85,BENIGN,INFO,lightgbm,HIGH
a0d2a419730749f1,23735,53,444,4,0.00019693374633789062,17.0,0,0.85,BENIGN,INFO,lightgbm,HIGH
e020437e76452c31,-18237,53,444,4,0.00019216537475585938,17.0,0,0.85,BENIGN,INFO,lightgbm,HIGH
202bf9412119ba12,5606,53,328,4,0.00017404556274414062,17.0,0,0.85,BENIGN,INFO,lightgbm,HIGH
9e9bb780d6b72f27,-31672,53,390,4,0.00023293495178222656,17.0,0,0.85,BENIGN,INFO,lightgbm,HIGH
4f460ab9bf8a9c6b,-9412,88,878,4,0.00036406517028808594,17.0,0,0.85,BENIGN,INFO,lightgbm,HIGH
fef5a80b826aaf4b,16247,53,494,4,0.00018215179443359375,17.0,0,0.85,BENIGN,INFO,lightgbm,HIGH
584c406ef0bfbc85,28446,53,444,4,0.00016188621520996094,17.0,0,0.85,BENIGN,INFO,lightgbm,HIGH
e6eb84d6b6743f95,-12472,53,444,4,0.00015687942504882812,17.0,0,0.85,BENIGN,INFO,lightgbm,HIGH
e2373971d0b77fd6,11495,53,328,4,0.00017213821411132812,17.0,0,0.85,BENIGN,INFO,lightgbm,HIGH
2d9666de4b32f29b,-25343,53,390,4,0.00018095970153808594,17.0,0,0.85,BENIGN,INFO,lightgbm,HIGH
eb9739d2c3584dd8,-30714,88,3528,4,0.0006651878356933594,17.0,0,0.85,BENIGN,INFO,lightgbm,HIGH
ed193c9a6adf17fa,29741,53,494,4,0.0002970695495605469,17.0,0,0.85,BENIGN,INFO,lightgbm,HIGH
a610815c30082c48,2214,53,444,4,0.0001380443572998047,17.0,0,0.85,BENIGN,INFO,lightgbm,HIGH
d07e9def563d1cd3,8823,53,444,4,0.00015401840209960938,17.0,0,0.85,BENIGN,INFO,lightgbm,HIGH
3f86ef1b066fdcfa,-31960,53,328,4,0.00016188621520996094,17.0,0,0.85,BENIGN,INFO,lightgbm,HIGH
da96f3e9abceef1f,6802,53,390,4,0.00017404556274414062,17.0,0,0.85,BENIGN,INFO,lightgbm,HIGH
7a3d1e4a216d178a,10930,53,328,4,0.00016689300537109375,17.0,0,0.85,BENIGN,INFO,lightgbm,HIGH
4735d7c28ae52609,6717,53,390,4,0.00017786026000976562,17.0,0,0.85,BENIGN,INFO,lightgbm,HIGH
0bcd3a055846afc8,-17661,88,7642,20,0.0012090206146240234,6.0,0,0.85,BENIGN,INFO,lightgbm,HIGH
122ec7ad47dcba76,10117,53,494,4,0.00016307830810546875,17.0,0,0.85,BENIGN,INFO,lightgbm,HIGH
10ec29bc75a40f08,-26808,53,568,8,0.00036597251892089844,17.0,0,0.85,BENIGN,INFO,lightgbm,HIGH
bde69e2b954379a8,-2126,53,264,4,0.00017499923706054688,17.0,0,0.85,BENIGN,INFO,lightgbm,HIGH
5eaba34b53ac771c,-6214,53,264,4,0.00018596649169921875,17.0,0,0.85,BENIGN,INFO,lightgbm,HIGH
1757f3f4a3a946af,-31662,53,264,4,0.00016999244689941406,17.0,0,0.85,BENIGN,INFO,lightgbm,HIGH
2de403aa5bc2c9b6,19428,53,264,4,0.0001671314239501953,17.0,0,0.85,BENIGN,INFO,lightgbm,HIGH
7fa2c4f604ec0d07,3378,53,452,4,0.08417701721191406,17.0,0,0.85,BENIGN,INFO,lightgbm,HIGH
d5f48d6f76e341d2,-12901,53,434,4,0.07773303985595703,17.0,0,0.85,BENIGN,INFO,lightgbm,HIGH
69bec64e77e898ec,-3460,53,712,6,547.13232421875,17.0,0,0.85,BENIGN,INFO,lightgbm,HIGH
7ed82c984e969344,-2998,53,239,2,0.07727217674255371,17.0,0,0.85,BENIGN,INFO,lightgbm,HIGH
09135fe3ecad3000,17443,53,452,4,0.06663012504577637,17.0,0,0.85,BENIGN,INFO,lightgbm,HIGH
f27ccf31c9b12366,31328,53,434,4,0.02445197105407715,17.0,0,0.85,BENIGN,INFO,lightgbm,HIGH
1dd01ac1b4ad26dd,-5050,53,248,2,0.06621909141540527,17.0,0,0.85,BENIGN,INFO,lightgbm,HIGH
cc5de186b94c19ae,-3673,53,239,2,0.024020910263061523,17.0,0,0.85,BENIGN,INFO,lightgbm,HIGH
0b434c5783ccf133,-4233,5355,1680,24,0.10489702224731445,17.0,0,0.85,BENIGN,INFO,lightgbm,HIGH
76adb61c1c2b3c3e,-23804,53,452,4,0.02393198013305664,17.0,0,0.85,BENIGN,INFO,lightgbm,HIGH
116685186788ffb4,21914,53,548,4,0.06111717224121094,17.0,0,0.85,BENIGN,INFO,lightgbm,HIGH
458b323f2b669c35,-4777,53,691,6,735.8544921875,17.0,0,0.85,BENIGN,INFO,lightgbm,HIGH
5acfd7bc2b5bf492,-3794,53,1212,8,251.23220825195312,17.0,0,0.85,BENIGN,INFO,lightgbm,HIGH
e7cf1ca4b01000d2,19948,53,452,4,0.06721115112304688,17.0,0,0.85,BENIGN,INFO,lightgbm,HIGH
4de7cf3ea10c4cf1,17299,53,434,4,0.16166019439697266,17.0,0,0.85,BENIGN,INFO,lightgbm,HIGH
876879659afd3bc1,-4505,53,440,4,930.1964111328125,17.0,0,0.85,BENIGN,INFO,lightgbm,HIGH
a0b825e57ada04d7,-5454,53,239,2,0.16123604774475098,17.0,0,0.85,BENIGN,INFO,lightgbm,HIGH
ff976261aefdd7b1,-22708,53,392,4,0.023576974868774414,17.0,0,0.85,BENIGN,INFO,lightgbm,HIGH
ca5a2e365f47aa43,-7428,53,408,4,0.023995161056518555,17.0,0,0.85,BENIGN,INFO,lightgbm,HIGH
66ee906f799cc874,-3326,53,218,2,0.02319788932800293,17.0,0,0.85,BENIGN,INFO,lightgbm,HIGH
a20589b3525d2610,-3894,53,469,4,245.09645080566406,17.0,0,0.85,BENIGN,INFO,lightgbm,HIGH
9dd6609e96c392f7,6293,53,428,4,0.00016999244689941406,17.0,0,0.85,BENIGN,INFO,lightgbm,HIGH
f12c300ec5044988,-13578,389,1782,20,0.0004899501800537109,6.0,0,0.85,BENIGN,INFO,lightgbm,HIGH
f83e1c57a1cde3bf,19680,53,544,4,0.0001900196075439453,17.0,0,0.85,BENIGN,INFO,lightgbm,HIGH
c13d97316003752b,3737,53,420,4,0.00015807151794433594,17.0,0,0.85,BENIGN,INFO,lightgbm,HIGH
ec0037b84f5347e7,-20192,3268,45359,157,888.6635131835938,6.0,0,0.85,BENIGN,INFO,lightgbm,HIGH
f092911fbc3b87e1,-7556,53,444,4,0.00016808509826660156,17.0,0,0.85,BENIGN,INFO,lightgbm,HIGH
fe08ccd1855bac76,-18874,53,444,4,0.00015997886657714844,17.0,0,0.85,BENIGN,INFO,lightgbm,HIGH
293bb429732c0224,25838,53,328,4,0.0001690387725830078,17.0,0,0.85,BENIGN,INFO,lightgbm,HIGH
96e36a255933f917,29137,53,390,4,0.0001800060272216797,17.0,0,0.85,BENIGN,INFO,lightgbm,HIGH
3246ce1ff0266cae,-19067,88,878,4,0.0003662109375,17.0,0,0.85,BENIGN,INFO,lightgbm,HIGH
903af9ffbd9fac66,14806,53,494,4,0.00022721290588378906,17.0,0,0.85,BENIGN,INFO,lightgbm,HIGH
1c2fb68d1c85a900,-10813,53,444,4,0.00015592575073242188,17.0,0,0.85,BENIGN,INFO,lightgbm,HIGH
4a7c9f8e9d8b3ea0,-32351,53,444,4,0.000164031982421875,17.0,0,0.85,BENIGN,INFO,lightgbm,HIGH
3e5c69c09d9edc2d,-14666,53,328,4,0.00017309188842773438,17.0,0,0.85,BENIGN,INFO,lightgbm,HIGH
6ed442431c74d884,17660,53,390,4,0.0002300739288330078,17.0,0,0.85,BENIGN,INFO,lightgbm,HIGH
9f52fbdcf7386ccc,-12359,88,3528,4,0.0006730556488037109,17.0,0,0.85,BENIGN,INFO,lightgbm,HIGH
a1ee2874285e670a,21912,53,494,4,0.0001270771026611328,17.0,0,0.85,BENIGN,INFO,lightgbm,HIGH
b8cc615ecf224cba,23282,53,444,4,0.00015592575073242188,17.0,0,0.85,BENIGN,INFO,lightgbm,HIGH
9f6baab02577ffca,-6203,53,444,4,0.00015401840209960938,17.0,0,0.85,BENIGN,INFO,lightgbm,HIGH
5a60256e23af0424,-30797,53,328,4,0.000164031982421875,17.0,0,0.85,BENIGN,INFO,lightgbm,HIGH
52ff782ee310c23b,1397,53,390,4,0.00017595291137695312,17.0,0,0.85,BENIGN,INFO,lightgbm,HIGH
f29c31a02690902f,17121,53,328,4,0.00016617774963378906,17.0,0,0.85,BENIGN,INFO,lightgbm,HIGH
995eec9ada654cb9,-10962,53,390,4,0.00017690658569335938,17.0,0,0.85,BENIGN,INFO,lightgbm,HIGH
fe7e7d30fa000840,-17654,88,7642,20,0.0012111663818359375,6.0,0,0.85,BENIGN,INFO,lightgbm,HIGH
0c7dec6e5b3d30a9,-15462,53,494,4,0.000202178955078125,17.0,0,0.85,BENIGN,INFO,lightgbm,HIGH
291b35bc9b39ee79,123,123,3960,44,921.0223388671875,17.0,0,0.85,BENIGN,INFO,lightgbm,HIGH
01fff059421b926a,-4646,53,460,4,0.0002200603485107422,17.0,0,0.85,BENIGN,INFO,lightgbm,HIGH
d0726001ff7a761f,-8030,53,580,4,0.0006549358367919922,17.0,0,0.85,BENIGN,INFO,lightgbm,HIGH
bbc222e7a77049e5,-5094,53,494,4,0.0001800060272216797,17.0,0,0.85,BENIGN,INFO,lightgbm,HIGH
c1771148a0fa72c3,-449,53,672,4,0.000576019287109375,17.0,0,0.85,BENIGN,INFO,lightgbm,HIGH
0102ae8fe1ebb717,123,123,3960,44,920.0162963867188,17.0,0,0.85,BENIGN,INFO,lightgbm,HIGH
e753a436b12d26a4,-6382,53,460,4,0.0001800060272216797,17.0,0,0.85,BENIGN,INFO,lightgbm,HIGH
d8a0e334e706389f,-1758,53,580,4,0.0006110668182373047,17.0,0,0.85,BENIGN,INFO,lightgbm,HIGH
53e50f0610122b31,-1450,53,494,4,0.00016999244689941406,17.0,0,0.85,BENIGN,INFO,lightgbm,HIGH
78f68a96ffe6e553,-9234,53,672,4,0.0005791187286376953,17.0,0,0.85,BENIGN,INFO,lightgbm,HIGH
5ebe964ebdc12f3c,123,123,3960,44,924.0303955078125,17.0,0,0.85,BENIGN,INFO,lightgbm,HIGH
571a55d0afd03072,123,123,3780,42,893.0165405273438,17.0,0,0.85,BENIGN,INFO,lightgbm,HIGH
c475f05c50c7f956,123,123,3780,42,886.0225219726562,17.0,0,0.85,BENIGN,INFO,lightgbm,HIGH
d84243acd360dc67,-16351,88,3308,4,0.0006711483001708984,17.0,0,0.85,BENIGN,INFO,lightgbm,HIGH
17d4527daf906641,-16350,88,5412,4,0.0008199214935302734,17.0,0,0.85,BENIGN,INFO,lightgbm,HIGH
8e320965dff73620,-16349,88,3308,4,0.0006380081176757812,17.0,0,0.85,BENIGN,INFO,lightgbm,HIGH
8a40d8d0e58169af,-16348,88,5412,4,0.0007958412170410156,17.0,0,0.85,BENIGN,INFO,lightgbm,HIGH
5ad7fab042e1a67a,123,123,3600,40,885.0982055664062,17.0,0,0.85,BENIGN,INFO,lightgbm,HIGH
fe28def98670948e,123,123,3600,40,886.0607299804688,17.0,0,0.85,BENIGN,INFO,lightgbm,HIGH
a7681c4bcfb2d7ec,123,123,3420,38,875.0291137695312,17.0,0,0.85,BENIGN,INFO,lightgbm,HIGH
d7d527b7b6894195,1055,88,1756,16,0.0005321502685546875,6.0,0,0.85,BENIGN,INFO,lightgbm,HIGH
1c78162bfb000231,1056,88,4622,18,0.0008609294891357422,6.0,0,0.85,BENIGN,INFO,lightgbm,HIGH
c53cc6a19461bd06,1057,88,6470,16,0.0010669231414794922,6.0,0,0.85,BENIGN,INFO,lightgbm,HIGH
f573321022f68e8e,1058,135,2632,24,35.69453811645508,6.0,0,0.85,BENIGN,INFO,lightgbm,HIGH
3afe791a3f309225,1059,88,7226,20,0.0010941028594970703,6.0,0,0.85,BENIGN,INFO,lightgbm,HIGH
22b41f2bceda018d,123,123,3420,38,875.047607421875,17.0,0,0.85,BENIGN,INFO,lightgbm,HIGH
87e16f85a6e3beb0,1060,389,10498,30,0.5191061496734619,6.0,0,0.85,BENIGN,INFO,lightgbm,HIGH
2dc1d2eff759db98,1061,389,6690,28,0.004071950912475586,6.0,0,0.85,BENIGN,INFO,lightgbm,HIGH
681d52597a6de51a,123,123,3420,38,879.0924072265625,17.0,0,0.85,BENIGN,INFO,lightgbm,HIGH
3cededca49e948bd,123,123,3420,38,874.0431518554688,17.0,0,0.85,BENIGN,INFO,lightgbm,HIGH
7b6d75c6b7dff6ee,123,123,2700,30,910.0946655273438,17.0,0,0.85,BENIGN,INFO,lightgbm,HIGH
b7e62fd56526fda4,123,123,3420,38,881.0162963867188,17.0,0,0.85,BENIGN,INFO,lightgbm,HIGH
e2d4c5c5b1108ca3,123,123,3420,38,873.0844116210938,17.0,0,0.85,BENIGN,INFO,lightgbm,HIGH
eeda701e189d1527,10062,53,468,4,0.0002319812774658203,17.0,0,0.85,BENIGN,INFO,lightgbm,HIGH
a61527b79587b227,-31634,389,596,4,0.0001690387725830078,17.0,0,0.85,BENIGN,INFO,lightgbm,HIGH
5163c11625f59172,14261,53,592,4,0.00023698806762695312,17.0,0,0.85,BENIGN,INFO,lightgbm,HIGH
c95d7b76511c3ff3,-13644,389,394,4,0.00015306472778320312,17.0,0,0.85,BENIGN,INFO,lightgbm,HIGH
dccf1d28fa04eb12,123,123,3420,38,871.0202026367188,17.0,0,0.85,BENIGN,INFO,lightgbm,HIGH
6168805eb2484685,-10639,53,1166,8,581.3592529296875,17.0,0,0.85,BENIGN,INFO,lightgbm,HIGH
b229e72b0f267888,-5301,53,418,4,525.8887939453125,17.0,0,0.85,BENIGN,INFO,lightgbm,HIGH
b8d9c2414fbfed8e,-16353,80,1118,10,141.3116912841797,6.0,4,0.85,DoS_Hulk,HIGH,lightgbm,HIGH
a9be6c9d1e2f732f,-2448,53,472,4,0.2128138542175293,17.0,0,0.85,BENIGN,INFO,lightgbm,HIGH
25d37755c3a27b27,-4305,53,258,2,0.21237587928771973,17.0,0,0.85,BENIGN,INFO,lightgbm,HIGH
baa879f46b92a33c,123,123,3420,38,875.0812377929688,17.0,0,0.85,BENIGN,INFO,lightgbm,HIGH
5ad0e7d29a1b0dc0,123,123,3420,38,876.0181274414062,17.0,0,0.85,BENIGN,INFO,lightgbm,HIGH
c92356cda9912789,-16352,443,7758,17,0.5897262096405029,6.0,0,0.85,BENIGN,INFO,lightgbm,HIGH
e144760ecf130db2,-16351,443,80409,80,5.582231044769287,6.0,0,0.85,BENIGN,INFO,lightgbm,HIGH
9a0c6cc5abfabd7d,-16350,443,7476,18,0.588083028793335,6.0,0,0.85,BENIGN,INFO,lightgbm,HIGH
23ee8cf34567cb1c,123,123,2520,28,854.1038208007812,17.0,0,0.85,BENIGN,INFO,lightgbm,HIGH
979b8ee4d9bb61ed,123,123,2520,28,852.0463256835938,17.0,0,0.85,BENIGN,INFO,lightgbm,HIGH
f1a17004e20f69f9,-16349,443,7576,17,0.5391788482666016,6.0,0,0.85,BENIGN,INFO,lightgbm,HIGH
a72c2edc2050e7f1,-16348,443,14780,22,0.6584060192108154,6.0,0,0.85,BENIGN,INFO,lightgbm,HIGH
148528cf35dc758b,-6191,1900,17184,96,6.00953483581543,17.0,0,0.85,BENIGN,INFO,lightgbm,HIGH
aac99b9c3927eb31,-12153,53,548,4,0.20311808586120605,17.0,0,0.85,BENIGN,INFO,lightgbm,HIGH
0f866324a3e57044,-4506,53,935,6,897.9564819335938,17.0,0,0.85,BENIGN,INFO,lightgbm,HIGH
c709f5f67a96d105,-16088,443,9071,19,123.04463958740234,6.0,0,0.85,BENIGN,INFO,lightgbm,HIGH
1d949880d9d11089,-16347,443,13784,22,0.6409170627593994,6.0,0,0.85,BENIGN,INFO,lightgbm,HIGH
683af644c89c4273,-2446,1900,16800,96,6.020188331604004,17.0,0,0.85,BENIGN,INFO,lightgbm,HIGH
b025428b044fe540,-15887,53,704,4,0.43578100204467773,17.0,0,0.85,BENIGN,INFO,lightgbm,HIGH
3ef5f63b9bd03a09,-5299,53,876,6,613.0206909179688,17.0,0,0.85,BENIGN,INFO,lightgbm,HIGH
41cb9d496171c34b,1062,21,3472,50,0.46132397651672363,6.0,7,0.85,FTP-Patator,MEDIUM,lightgbm,HIGH
28e5e1d3e7af3544,1063,-26267,22158,28,0.21771597862243652,6.0,0,0.85,BENIGN,INFO,lightgbm,HIGH
68f57e7d17f4437b,-16346,80,58144,67,130.26185607910156,6.0,4,0.85,DoS_Hulk,HIGH,lightgbm,HIGH
9abb84c4acd51f11,1064,22,14526,88,7.682516098022461,6.0,11,0.85,SSH-Patator,MEDIUM,lightgbm,HIGH
b5a534a678b3d013,-10546,53,636,4,0.06164216995239258,17.0,0,0.85,BENIGN,INFO,lightgbm,HIGH
3ed42111011875a5,-5325,53,450,4,67.82339477539062,17.0,0,0.85,BENIGN,INFO,lightgbm,HIGH
26bb5dcebb540ad5,-16087,80,1132,10,60.05650329589844,6.0,4,0.85,DoS_Hulk,HIGH,lightgbm,HIGH
f8807aab2cf9b859,-12413,53,436,4,0.1260690689086914,17.0,0,0.85,BENIGN,INFO,lightgbm,HIGH
aa4477c507459825,-3798,53,912,6,516.0219116210938,17.0,0,0.85,BENIGN,INFO,lightgbm,HIGH
8253790ce0a728ab,1065,465,8513,46,5.752307891845703,6.0,0,0.85,BENIGN,INFO,lightgbm,HIGH
ffc0c651b89e3773,1068,22,13802,80,1.4331560134887695,6.0,11,0.85,SSH-Patator,MEDIUM,lightgbm,HIGH
a194a0ac11fb8b65,-5108,53,468,4,0.00021386146545410156,17.0,0,0.85,BENIGN,INFO,lightgbm,HIGH
b505f8b349f9cae2,-14847,53,328,4,0.00015616416931152344,17.0,0,0.85,BENIGN,INFO,lightgbm,HIGH
9f1e4ac37f759bad,-6957,53,328,4,0.0002319812774658203,17.0,0,0.85,BENIGN,INFO,lightgbm,HIGH
5ebf532be67db64b,-6954,389,702,4,0.0001480579376220703,17.0,0,0.85,BENIGN,INFO,lightgbm,HIGH
a2d2d43e93fb1eff,-6953,389,786,4,0.00010800361633300781,17.0,0,0.85,BENIGN,INFO,lightgbm,HIGH
21f2de7c73b37fb0,-5879,53,468,4,0.0001838207244873047,17.0,0,0.85,BENIGN,INFO,lightgbm,HIGH
d80af76b4332677c,-5878,389,704,4,0.00011992454528808594,17.0,0,0.85,BENIGN,INFO,lightgbm,HIGH
9215f622473c0096,123,123,4680,52,769.6480102539062,17.0,0,0.85,BENIGN,INFO,lightgbm,HIGH
ff6f187a5e52a026,1029,135,4616,32,29.997364044189453,6.0,0,0.85,BENIGN,INFO,lightgbm,HIGH
d0bf8c70d61e1c37,1030,445,7488,48,10.98076057434082,6.0,0,0.85,BENIGN,INFO,lightgbm,HIGH
c22e29aeab8c1e71,1031,-15865,7630,36,29.99629783630371,6.0,0,0.85,BENIGN,INFO,lightgbm,HIGH
24d8c4a373865b49,1032,-15870,14190,54,30.146039962768555,6.0,0,0.85,BENIGN,INFO,lightgbm,HIGH
526882416a4bb14c,-3586,53,552,4,0.00020813941955566406,17.0,0,0.85,BENIGN,INFO,lightgbm,HIGH
f2be112615aa0661,-3585,389,704,4,0.00013208389282226562,17.0,0,0.85,BENIGN,INFO,lightgbm,HIGH
f2fe52d62bccc866,1033,88,1846,16,0.0007262229919433594,6.0,0,0.85,BENIGN,INFO,lightgbm,HIGH
592d4dee3aad5b85,1034,88,4824,18,0.0009379386901855469,6.0,0,0.85,BENIGN,INFO,lightgbm,HIGH
1f598db0f3a401c6,1035,88,7362,20,0.0010590553283691406,6.0,0,0.85,BENIGN,INFO,lightgbm,HIGH
96f66916707098cf,-10084,53,562,4,0.23291683197021484,17.0,0,0.85,BENIGN,INFO,lightgbm,HIGH
fe4155f405ff2c8a,-4045,53,1100,8,623.32275390625,17.0,0,0.85,BENIGN,INFO,lightgbm,HIGH
5b03ad70d925e207,-3034,53,586,4,0.00017404556274414062,17.0,0,0.85,BENIGN,INFO,lightgbm,HIGH
840f68575ba9e90d,-15730,53,462,4,0.00014901161193847656,17.0,0,0.85,BENIGN,INFO,lightgbm,HIGH
84fb63acb1d6fd84,1037,389,16462,37,2.4269371032714844,6.0,0,0.85,BENIGN,INFO,lightgbm,HIGH
4f744f6b2f3d5d89,1038,88,7270,20,0.0010449886322021484,6.0,0,0.85,BENIGN,INFO,lightgbm,HIGH
d94535f2d5e48313,-15729,389,702,4,0.00012993812561035156,17.0,0,0.85,BENIGN,INFO,lightgbm,HIGH
00c138ccfc19b949,1039,88,6700,16,0.0011639595031738281,6.0,0,0.85,BENIGN,INFO,lightgbm,HIGH
efe78c60a544e00f,1040,88,6484,20,0.0008041858673095703,6.0,0,0.85,BENIGN,INFO,lightgbm,HIGH
6ffbd131b19db983,1041,389,11136,27,0.023536205291748047,6.0,0,0.85,BENIGN,INFO,lightgbm,HIGH
13376f2dd587f4cd,1042,88,1846,16,0.0005829334259033203,6.0,0,0.85,BENIGN,INFO,lightgbm,HIGH
d8d3e23968b83ee3,1043,88,4824,18,0.0010459423065185547,6.0,0,0.85,BENIGN,INFO,lightgbm,HIGH
59c32be00e00755a,1044,88,7362,20,0.0010771751403808594,6.0,0,0.85,BENIGN,INFO,lightgbm,HIGH
9bf968c8db0dfcd3,1045,389,6470,28,0.06987595558166504,6.0,0,0.85,BENIGN,INFO,lightgbm,HIGH
fb98f45008508799,1046,445,23398,93,16.3461971282959,6.0,0,0.85,BENIGN,INFO,lightgbm,HIGH
48e6808d11dbaafb,1047,88,7324,20,0.001065969467163086,6.0,0,0.85,BENIGN,INFO,lightgbm,HIGH
65e4c9c58a679e3e,1048,88,6670,16,0.0006871223449707031,6.0,0,0.85,BENIGN,INFO,lightgbm,HIGH
6bb8074a44dc8692,-6847,53,376,4,0.00018286705017089844,17.0,0,0.85,BENIGN,INFO,lightgbm,HIGH
523aba1636d04ef0,1069,80,4350,38,117.5209732055664,6.0,4,0.85,DoS_Hulk,HIGH,lightgbm,HIGH
ee4d47d3e20fce8d,-6750,53,434,4,0.027364015579223633,17.0,0,0.85,BENIGN,INFO,lightgbm,HIGH
6d66084e0bd7441b,-5303,53,239,2,0.027019023895263672,17.0,0,0.85,BENIGN,INFO,lightgbm,HIGH
6c972f691e2b3fbe,-4759,53,1302,12,4.584586143493652,17.0,0,0.85,BENIGN,INFO,lightgbm,HIGH
4d272cf9facb7764,-199,53,496,4,0.4373469352722168,17.0,0,0.85,BENIGN,INFO,lightgbm,HIGH
9a8f3f9ed2de0870,-5443,53,808,6,510.9642028808594,17.0,0,0.85,BENIGN,INFO,lightgbm,HIGH
c6da6ee89321e6d3,-8950,53,388,4,0.00015807151794433594,17.0,0,0.85,BENIGN,INFO,lightgbm,HIGH
9f8157997945ca14,-3078,53,486,4,0.06080818176269531,17.0,0,0.85,BENIGN,INFO,lightgbm,HIGH
b475d8617d5a5a73,-4121,53,265,2,0.06046295166015625,17.0,0,0.85,BENIGN,INFO,lightgbm,HIGH
dbc44f7457033bde,1070,443,8516,23,0.37746715545654297,6.0,0,0.85,BENIGN,INFO,lightgbm,HIGH
48afea62638d05b7,-7700,53,404,4,0.08075308799743652,17.0,0,0.85,BENIGN,INFO,lightgbm,HIGH
81e1ec838c5771b2,-4514,53,224,2,0.08041596412658691,17.0,0,0.85,BENIGN,INFO,lightgbm,HIGH
aee0b26d5bbd04e5,1071,80,18182,84,263.5812683105469,6.0,4,0.85,DoS_Hulk,HIGH,lightgbm,HIGH
6378130c0ed1ce1c,-1712,53,344,4,0.00015592575073242188,17.0,0,0.85,BENIGN,INFO,lightgbm,HIGH
4680ab183aac218e,-16243,53,448,4,0.06602597236633301,17.0,0,0.85,BENIGN,INFO,lightgbm,HIGH
931b2b20fe14afb5,-4577,53,506,4,815.7412109375,17.0,0,0.85,BENIGN,INFO,lightgbm,HIGH
4f4a7340ccf59f2d,-9403,53,498,4,0.04723811149597168,17.0,0,0.85,BENIGN,INFO,lightgbm,HIGH
32de28a43bcab881,-4194,53,271,2,0.0468599796295166,17.0,0,0.85,BENIGN,INFO,lightgbm,HIGH
b7968507d725afe8,1072,443,5708,29,61.217594146728516,6.0,0,0.85,BENIGN,INFO,lightgbm,HIGH
d5844b4851efb8c3,-2362,53,468,4,0.0001678466796875,17.0,0,0.85,BENIGN,INFO,lightgbm,HIGH
f80cc5f04117a111,-6997,53,536,4,0.21328210830688477,17.0,0,0.85,BENIGN,INFO,lightgbm,HIGH
5e380fb2315aa3b1,-5404,53,290,2,0.21291899681091309,17.0,0,0.85,BENIGN,INFO,lightgbm,HIGH
0a0b2a99c92a5f34,-12489,53,492,4,0.04699587821960449,17.0,0,0.85,BENIGN,INFO,lightgbm,HIGH
b5f62294eac9e73b,-3463,53,268,2,0.0465850830078125,17.0,0,0.85,BENIGN,INFO,lightgbm,HIGH
e4e29c58642ca8ec,1073,443,5620,27,60.77406311035156,6.0,0,0.85,BENIGN,INFO,lightgbm,HIGH
6f491a561b5d73b7,-7628,53,464,4,0.00017404556274414062,17.0,0,0.85,BENIGN,INFO,lightgbm,HIGH
d7601ea5a503475e,-15896,53,532,4,0.023958921432495117,17.0,0,0.85,BENIGN,INFO,lightgbm,HIGH
523ac9e02fb10a4e,-4125,53,634,4,228.46986389160156,17.0,0,0.85,BENIGN,INFO,lightgbm,HIGH
0a91ffd0f845a8e3,1074,443,4360,16,5.342400074005127,6.0,0,0.85,BENIGN,INFO,lightgbm,HIGH
4d27c8581dfcfe31,1075,80,372,6,5.095179080963135,6.0,4,0.85,DoS_Hulk,HIGH,lightgbm,HIGH
bb97ca0190d18819,-1313,53,702,4,0.12198901176452637,17.0,0,0.85,BENIGN,INFO,lightgbm,HIGH
7441f8f06ca9f807,-4727,53,975,6,510.42254638671875,17.0,0,0.85,BENIGN,INFO,lightgbm,HIGH
f1f7b934caf4332a,-8992,53,672,4,0.48734402656555176,17.0,0,0.85,BENIGN,INFO,lightgbm,HIGH
682412c1adb1b80d,-3236,53,662,4,194.13938903808594,17.0,0,0.85,BENIGN,INFO,lightgbm,HIGH
9f528fe7fd07b3b0,1076,443,9858,42,115.13775634765625,6.0,0,0.85,BENIGN,INFO,lightgbm,HIGH
06febcf8f6f2f3cb,-1109,53,608,4,0.00020313262939453125,17.0,0,0.85,BENIGN,INFO,lightgbm,HIGH
14c00f2ace0a5c06,-11523,53,522,4,0.04784107208251953,17.0,0,0.85,BENIGN,INFO,lightgbm,HIGH
7328945ed03c0929,-4330,53,283,2,0.04744887351989746,17.0,0,0.85,BENIGN,INFO,lightgbm,HIGH
6bd84adda305a3cd,-16345,80,346717,339,116.3466567993164,6.0,4,0.85,DoS_Hulk,HIGH,lightgbm,HIGH
9369206acaf44d9c,-12923,53,882,4,0.002293109893798828,17.0,0,0.85,BENIGN,INFO,lightgbm,HIGH
7ba5fe6b7015c6b4,-3281,53,463,2,0.0017368793487548828,17.0,0,0.85,BENIGN,INFO,lightgbm,HIGH
b5a9528e3ed9697b,1077,443,91439,117,182.11534118652344,6.0,0,0.85,BENIGN,INFO,lightgbm,HIGH
e721cb40d659ac02,-9152,53,812,4,0.0002799034118652344,17.0,0,0.85,BENIGN,INFO,lightgbm,HIGH
75ed4f15b1cb9db3,-5014,53,356,4,0.05158495903015137,17.0,0,0.85,BENIGN,INFO,lightgbm,HIGH
f3e67b669d0678c4,-4247,53,822,6,812.0135498046875,17.0,0,0.85,BENIGN,INFO,lightgbm,HIGH
f640fd8c855a92a5,-14406,53,396,4,0.051506996154785156,17.0,0,0.85,BENIGN,INFO,lightgbm,HIGH
d253af1631951452,-5034,53,220,2,0.05116915702819824,17.0,0,0.85,BENIGN,INFO,lightgbm,HIGH
c6fbddbf551b448c,1078,80,3165,32,115.2591781616211,6.0,4,0.85,DoS_Hulk,HIGH,lightgbm,HIGH
c7a911d8fdf21ccb,-167,53,352,4,0.00015401840209960938,17.0,0,0.85,BENIGN,INFO,lightgbm,HIGH
5be81384438948c4,-10902,53,376,4,0.05107307434082031,17.0,0,0.85,BENIGN,INFO,lightgbm,HIGH
04b3d21bbf579107,-5175,53,210,2,0.050765037536621094,17.0,0,0.85,BENIGN,INFO,lightgbm,HIGH
2452c67091fdc9f4,-11950,5355,1584,24,0.10057497024536133,17.0,0,0.85,BENIGN,INFO,lightgbm,HIGH
8532fb9acfaa8667,-8745,53,444,4,0.09702301025390625,17.0,0,0.85,BENIGN,INFO,lightgbm,HIGH
5900d55d83ad6e7c,-3680,53,493,4,813.2086181640625,17.0,0,0.85,BENIGN,INFO,lightgbm,HIGH
bfb002b00f474244,-15847,53,408,4,0.00014901161193847656,17.0,0,0.85,BENIGN,INFO,lightgbm,HIGH
79c199018fef29e6,-11735,53,496,4,0.024106979370117188,17.0,0,0.85,BENIGN,INFO,lightgbm,HIGH
95365d09e4a3a64e,-4400,53,593,4,198.18057250976562,17.0,0,0.85,BENIGN,INFO,lightgbm,HIGH
5e9f6714b3e3eb28,-5986,53,552,4,0.0001709461212158203,17.0,0,0.85,BENIGN,INFO,lightgbm,HIGH
95e508975e74828b,-5985,389,704,4,0.00011587142944335938,17.0,0,0.85,BENIGN,INFO,lightgbm,HIGH
8ca78d0bd06f8143,137,137,43056,468,35.45892333984375,17.0,0,0.85,BENIGN,INFO,lightgbm,HIGH
3e78a7c154a7be12,-16343,53,458,4,0.050377845764160156,17.0,0,0.85,BENIGN,INFO,lightgbm,HIGH
b4530d9ba31ad292,-4312,53,465,4,499.58819580078125,17.0,0,0.85,BENIGN,INFO,lightgbm,HIGH
f0af81968fbb5f64,1079,443,1104222,1000,1.3434040546417236,6.0,0,0.85,BENIGN,INFO,lightgbm,HIGH
7858f5c59f288d18,-4135,53,396,4,0.0001800060272216797,17.0,0,0.85,BENIGN,INFO,lightgbm,HIGH
90a146e92c129e4f,-15922,53,420,4,0.050933122634887695,17.0,0,0.85,BENIGN,INFO,lightgbm,HIGH
6f92c8a6607c63e6,-5077,53,456,4,810.6760864257812,17.0,0,0.85,BENIGN,INFO,lightgbm,HIGH
d2573d9ba12c4975,-5218,53,680,4,0.09420609474182129,17.0,0,0.85,BENIGN,INFO,lightgbm,HIGH
38269e77576ec269,-4362,53,362,2,0.09381294250488281,17.0,0,0.85,BENIGN,INFO,lightgbm,HIGH
3ecadcfd4cafce93,1080,443,15890,40,61.899658203125,6.0,0,0.85,BENIGN,INFO,lightgbm,HIGH
1ec2798434628bb7,-13101,53,588,4,0.00015091896057128906,17.0,0,0.85,BENIGN,INFO,lightgbm,HIGH
a1704b701c331a94,-8813,53,648,4,0.36196112632751465,17.0,0,0.85,BENIGN,INFO,lightgbm,HIGH
0074460131968e6c,-4968,53,346,2,0.36164116859436035,17.0,0,0.85,BENIGN,INFO,lightgbm,HIGH
a9d2604414dd353f,-13483,53,714,4,0.13860201835632324,17.0,0,0.85,BENIGN,INFO,lightgbm,HIGH
43eaddfd4f0de9a8,-4028,53,664,4,881.21923828125,17.0,0,0.85,BENIGN,INFO,lightgbm,HIGH
b9c92e8a3fac4e31,1081,443,5387,18,5.663782119750977,6.0,0,0.85,BENIGN,INFO,lightgbm,HIGH
6923fbab8095bba6,-3608,53,608,4,0.00019502639770507812,17.0,0,0.85,BENIGN,INFO,lightgbm,HIGH
e093d50496799718,-4829,53,514,4,0.047883033752441406,17.0,0,0.85,BENIGN,INFO,lightgbm,HIGH
a75bbe05fd31abd4,-4054,53,279,2,0.047569990158081055,17.0,0,0.85,BENIGN,INFO,lightgbm,HIGH
7fd886bc51f53ffa,-14434,53,612,4,0.04699897766113281,17.0,0,0.85,BENIGN,INFO,lightgbm,HIGH
36044d15cf72eebf,-4210,53,328,2,0.046571969985961914,17.0,0,0.85,BENIGN,INFO,lightgbm,HIGH
c03e1cb0f6ab7032,1082,443,6020,29,61.362545013427734,6.0,0,0.85,BENIGN,INFO,lightgbm,HIGH
a80057d577bc10c4,-11455,53,520,4,0.00020694732666015625,17.0,0,0.85,BENIGN,INFO,lightgbm,HIGH
055b06d63f91b720,-15336,53,498,4,0.02364206314086914,17.0,0,0.85,BENIGN,INFO,lightgbm,HIGH
6ff87c9e195d2bcf,-3107,53,931,6,762.3192749023438,17.0,0,0.85,BENIGN,INFO,lightgbm,HIGH
6956269da318a63f,1083,80,4133,34,115.25236511230469,6.0,4,0.85,DoS_Hulk,HIGH,lightgbm,HIGH
d77620cee4d707e8,-9672,53,552,4,0.00017786026000976562,17.0,0,0.85,BENIGN,INFO,lightgbm,HIGH
d7b63df58f00cd32,-9671,389,704,4,0.00012493133544921875,17.0,0,0.85,BENIGN,INFO,lightgbm,HIGH
4ea17a285fd2a9b5,1063,389,14338,43,0.03900504112243652,6.0,0,0.85,BENIGN,INFO,lightgbm,HIGH
8e46ce9be506430f,1064,389,7976,28,0.021440982818603516,6.0,0,0.85,BENIGN,INFO,lightgbm,HIGH
fa27e53b47b925ce,1065,88,1844,16,0.0006270408630371094,6.0,0,0.85,BENIGN,INFO,lightgbm,HIGH
76a7021b1940bf78,1066,88,4824,18,0.0009381771087646484,6.0,0,0.85,BENIGN,INFO,lightgbm,HIGH
de17697e84d85ac5,1067,88,7270,20,0.0009770393371582031,6.0,0,0.85,BENIGN,INFO,lightgbm,HIGH
e98a7071fb68a70b,123,123,180,2,0.01681208610534668,17.0,0,0.85,BENIGN,INFO,lightgbm,HIGH
bb198f9c03889cf6,-14487,53,552,4,0.00021600723266601562,17.0,0,0.85,BENIGN,INFO,lightgbm,HIGH
b9daee0641244565,-14486,389,704,4,0.0001289844512939453,17.0,0,0.85,BENIGN,INFO,lightgbm,HIGH
45f052b21175eb98,-7286,53,552,4,0.00026988983154296875,17.0,0,0.85,BENIGN,INFO,lightgbm,HIGH
910781390e5446eb,-7285,389,704,4,0.00013518333435058594,17.0,0,0.85,BENIGN,INFO,lightgbm,HIGH
e023afdf09efdac6,-16086,443,312889,417,286.843505859375,6.0,0,0.85,BENIGN,INFO,lightgbm,HIGH
429d00c90d1a425e,-6486,53,552,4,0.00021219253540039062,17.0,0,0.85,BENIGN,INFO,lightgbm,HIGH
25905569e7304365,-6485,389,704,4,0.00012111663818359375,17.0,0,0.85,BENIGN,INFO,lightgbm,HIGH
08259110ec6e070e,-6465,53,592,4,0.02506709098815918,17.0,0,0.85,BENIGN,INFO,lightgbm,HIGH
976801fde39c3578,-4690,53,238,2,0.024641036987304688,17.0,0,0.85,BENIGN,INFO,lightgbm,HIGH
133f3ff9f2700347,-16085,443,50211,99,180.37069702148438,6.0,0,0.85,BENIGN,INFO,lightgbm,HIGH
8666c2719bc277f6,-14197,53,552,4,0.0001800060272216797,17.0,0,0.85,BENIGN,INFO,lightgbm,HIGH
83535e2fb12af3a1,-14196,389,704,4,0.00011610984802246094,17.0,0,0.85,BENIGN,INFO,lightgbm,HIGH
bbca9a4c91382fc9,-16084,88,1758,16,0.0005719661712646484,6.0,0,0.85,BENIGN,INFO,lightgbm,HIGH
42a1d4dbd4390893,-16083,88,4624,18,0.0008959770202636719,6.0,0,0.85,BENIGN,INFO,lightgbm,HIGH
a56d3d600ae3997f,-16082,88,6566,16,0.0009601116180419922,6.0,0,0.85,BENIGN,INFO,lightgbm,HIGH
69f78e05275ec7ab,-16081,88,1782,16,0.0006048679351806641,6.0,0,0.85,BENIGN,INFO,lightgbm,HIGH
687ade05ecbb197b,-16080,88,4636,18,0.0009758472442626953,6.0,0,0.85,BENIGN,INFO,lightgbm,HIGH
f4672eabab627f7f,-16079,135,2432,24,38.9953727722168,6.0,0,0.85,BENIGN,INFO,lightgbm,HIGH
84e90699300e23c7,-16078,-15870,10480,42,38.994380950927734,6.0,0,0.85,BENIGN,INFO,lightgbm,HIGH
fab38832bd95c708,-16077,88,7330,20,0.0010828971862792969,6.0,0,0.85,BENIGN,INFO,lightgbm,HIGH
3266e6182996b155,-16076,389,8262,30,0.4848489761352539,6.0,0,0.85,BENIGN,INFO,lightgbm,HIGH
c14180563b4fd659,-16075,389,6570,26,0.474498987197876,6.0,0,0.85,BENIGN,INFO,lightgbm,HIGH
da5f96cc9422fa84,-13499,53,560,4,0.2076559066772461,17.0,0,0.85,BENIGN,INFO,lightgbm,HIGH
cda84a182c0cf94e,-3489,53,585,4,466.6814270019531,17.0,0,0.85,BENIGN,INFO,lightgbm,HIGH
5b8c4a525c2c0498,-16074,80,6379,17,6.557168006896973,6.0,4,0.85,DoS_Hulk,HIGH,lightgbm,HIGH
2cb7a7f50ecbbc6b,-15249,53,586,4,0.0693669319152832,17.0,0,0.85,BENIGN,INFO,lightgbm,HIGH
3630025e1d05c651,-5408,53,315,2,0.06898307800292969,17.0,0,0.85,BENIGN,INFO,lightgbm,HIGH
ac0acad57476fb35,-16073,80,5567,13,60.157196044921875,6.0,4,0.85,DoS_Hulk,HIGH,lightgbm,HIGH
2c5c07b08566acd5,-13903,53,502,4,0.09326505661010742,17.0,0,0.85,BENIGN,INFO,lightgbm,HIGH
15b49ecdcd78fd0e,-4388,53,457,4,164.7312469482422,17.0,0,0.85,BENIGN,INFO,lightgbm,HIGH
08a8eca267d3e83d,-16072,443,10082,24,68.1044921875,6.0,0,0.85,BENIGN,INFO,lightgbm,HIGH
3e22ca73c13775cd,-14944,53,552,4,0.0001888275146484375,17.0,0,0.85,BENIGN,INFO,lightgbm,HIGH
088ba06726c1d24e,-14943,389,704,4,0.000125885009765625,17.0,0,0.85,BENIGN,INFO,lightgbm,HIGH
7053ac973ec864d4,-11106,53,552,4,0.00020194053649902344,17.0,0,0.85,BENIGN,INFO,lightgbm,HIGH
887348a7f2dc0330,-11105,389,704,4,0.00011920928955078125,17.0,0,0.85,BENIGN,INFO,lightgbm,HIGH
a3d1c602cbe5c0e0,-6982,53,472,4,0.04708695411682129,17.0,0,0.85,BENIGN,INFO,lightgbm,HIGH
035b59a89743e33f,-4347,53,258,2,0.04668903350830078,17.0,0,0.85,BENIGN,INFO,lightgbm,HIGH
e5e7b88f594ab5a9,-16071,443,508455,631,70.36112213134766,6.0,0,0.85,BENIGN,INFO,lightgbm,HIGH
527bc3a105d7a7a3,-8910,53,552,4,0.00017905235290527344,17.0,0,0.85,BENIGN,INFO,lightgbm,HIGH
3f3ee47f4d4af415,-8909,389,704,4,0.00011110305786132812,17.0,0,0.85,BENIGN,INFO,lightgbm,HIGH
29d5d65f180e2ef5,-3221,53,478,4,0.23360395431518555,17.0,0,0.85,BENIGN,INFO,lightgbm,HIGH
ca1ea96e52d48aa3,-4059,53,787,6,481.1156005859375,17.0,0,0.85,BENIGN,INFO,lightgbm,HIGH
52046f1ab366bacc,-16070,443,21215,40,68.6429672241211,6.0,0,0.85,BENIGN,INFO,lightgbm,HIGH
f8cf6c48a0a4c2fa,-16069,80,20471,29,86.4888687133789,6.0,4,0.85,DoS_Hulk,HIGH,lightgbm,HIGH
bfd1eb0724374e7c,-13422,53,528,4,0.04691791534423828,17.0,0,0.85,BENIGN,INFO,lightgbm,HIGH
4717a88f2ba17601,-3061,53,549,4,475.7499084472656,17.0,0,0.85,BENIGN,INFO,lightgbm,HIGH
256adb8762f1d8bf,-16068,443,52120,67,3.113473892211914,6.0,0,0.85,BENIGN,INFO,lightgbm,HIGH
07b430002512b729,-16067,443,25150,31,0.35029006004333496,6.0,0,0.85,BENIGN,INFO,lightgbm,HIGH
aa90fec0b270fe17,-6850,53,582,4,0.5001780986785889,17.0,0,0.85,BENIGN,INFO,lightgbm,HIGH
db91386b40ac446d,-3058,53,313,2,0.49967288970947266,17.0,0,0.85,BENIGN,INFO,lightgbm,HIGH
e1d0e4774cdd5cb5,-15751,53,704,4,0.4095480442047119,17.0,0,0.85,BENIGN,INFO,lightgbm,HIGH
349dd1c343f43bfb,-5083,53,625,4,199.49623107910156,17.0,0,0.85,BENIGN,INFO,lightgbm,HIGH
b5d57bd38ec0de12,-16066,443,10584,20,0.4022691249847412,6.0,0,0.85,BENIGN,INFO,lightgbm,HIGH
2dec473fb47ffcd8,-16065,80,67089,80,84.1989974975586,6.0,4,0.85,DoS_Hulk,HIGH,lightgbm,HIGH
27fd24c9218e904b,-5067,53,506,4,0.30345606803894043,17.0,0,0.85,BENIGN,INFO,lightgbm,HIGH
0d2d72050c6b6af4,-4890,53,1440,10,643.57666015625,17.0,0,0.85,BENIGN,INFO,lightgbm,HIGH
e28833efedbf3d93,-16063,443,24999,29,3.0001449584960938,6.0,0,0.85,BENIGN,INFO,lightgbm,HIGH
5d7039f971de5b99,-16064,443,44749,40,3.001652956008911,6.0,0,0.85,BENIGN,INFO,lightgbm,HIGH
bc99810bff0fea24,-1940,53,696,4,0.2159430980682373,17.0,0,0.85,BENIGN,INFO,lightgbm,HIGH
5345ce96f93f7e0f,-3888,53,370,2,0.21547603607177734,17.0,0,0.85,BENIGN,INFO,lightgbm,HIGH
816366c64dac5353,-16062,443,7182,21,82.4671859741211,6.0,0,0.85,BENIGN,INFO,lightgbm,HIGH
ac41a9edba97136c,-6229,53,510,4,0.0842289924621582,17.0,0,0.85,BENIGN,INFO,lightgbm,HIGH
668418e649698b69,-3598,53,493,4,468.77447509765625,17.0,0,0.85,BENIGN,INFO,lightgbm,HIGH
c0eb34c95a23216c,-16061,443,9022,19,0.3134160041809082,6.0,0,0.85,BENIGN,INFO,lightgbm,HIGH
d685493bc89b624c,-16060,443,10584,20,0.7830219268798828,6.0,0,0.85,BENIGN,INFO,lightgbm,HIGH
092ef9da7a560cee,-10565,53,710,4,0.23846697807312012,17.0,0,0.85,BENIGN,INFO,lightgbm,HIGH
960e357a1a9681f6,-5346,53,377,2,0.23803496360778809,17.0,0,0.85,BENIGN,INFO,lightgbm,HIGH
83df19936a27acd5,-16059,443,7890,19,81.66230010986328,6.0,0,0.85,BENIGN,INFO,lightgbm,HIGH
3f9ef52a9c1c074d,-16058,443,207131,135,16.874053955078125,6.0,0,0.85,BENIGN,INFO,lightgbm,HIGH
a30707b1078ad4ad,-13078,53,632,4,0.2903139591217041,17.0,0,0.85,BENIGN,INFO,lightgbm,HIGH
c01f95164c92faff,-3743,53,338,2,0.2898259162902832,17.0,0,0.85,BENIGN,INFO,lightgbm,HIGH
08a62aa6396e2d5e,-16057,80,1189802,1000,19.598648071289062,6.0,4,0.85,DoS_Hulk,HIGH,lightgbm,HIGH
ae9812a7ee81394c,-1638,53,400,4,0.24732685089111328,17.0,0,0.85,BENIGN,INFO,lightgbm,HIGH
8d0a5c49b5cad598,-3197,53,562,4,140.32090759277344,17.0,0,0.85,BENIGN,INFO,lightgbm,HIGH
8b06a7188a42f175,-16056,443,8759,18,60.74375915527344,6.0,0,0.85,BENIGN,INFO,lightgbm,HIGH
abc56846cd7f7c4a,-6206,53,378,4,0.21292996406555176,17.0,0,0.85,BENIGN,INFO,lightgbm,HIGH
58c8ced19df67f0e,-3342,53,448,4,769.1467895507812,17.0,0,0.85,BENIGN,INFO,lightgbm,HIGH
df4e6fb9a4676716,-16055,443,7171,20,31.534217834472656,6.0,0,0.85,BENIGN,INFO,lightgbm,HIGH
8b0dc66f6f009bea,-8172,53,692,4,0.08327698707580566,17.0,0,0.85,BENIGN,INFO,lightgbm,HIGH
862057fc5b4a6006,-4174,53,753,4,742.878662109375,17.0,0,0.85,BENIGN,INFO,lightgbm,HIGH
62cf0c6ba3c00486,-16054,80,6146,15,46.45309829711914,6.0,4,0.85,DoS_Hulk,HIGH,lightgbm,HIGH
9759dacc11ea55d3,-12473,53,492,4,0.17484498023986816,17.0,0,0.85,BENIGN,INFO,lightgbm,HIGH
2233f160b0afcd8e,-4694,53,528,4,38.357975006103516,17.0,0,0.85,BENIGN,INFO,lightgbm,HIGH
a904d0ba40eb127a,-12153,53,876,4,0.07024002075195312,17.0,0,0.85,BENIGN,INFO,lightgbm,HIGH
469fb2f7cb033fcf,-4197,53,460,2,0.06972002983093262,17.0,0,0.85,BENIGN,INFO,lightgbm,HIGH
f025cf5c79f61710,-16053,443,8966,26,106.47315216064453,6.0,0,0.85,BENIGN,INFO,lightgbm,HIGH
f3b394db040ecebb,-7180,53,736,4,0.00019598007202148438,17.0,0,0.85,BENIGN,INFO,lightgbm,HIGH
13c51efdd9b7259f,-4313,53,876,6,1.047827959060669,17.0,0,0.85,BENIGN,INFO,lightgbm,HIGH
ad92a1aa773796d1,-5047,53,340,2,1.0474770069122314,17.0,0,0.85,BENIGN,INFO,lightgbm,HIGH
12f5581190ae1108,1084,443,14197,32,61.13008117675781,6.0,0,0.85,BENIGN,INFO,lightgbm,HIGH
f4f785e6040a02a8,1085,443,19967,48,120.12683868408203,6.0,0,0.85,BENIGN,INFO,lightgbm,HIGH
49a529bd4d1eb00a,1086,443,14921,45,120.12689971923828,6.0,0,0.85,BENIGN,INFO,lightgbm,HIGH
f03c4cdf14ef5f0f,1087,443,14896,45,120.12754821777344,6.0,0,0.85,BENIGN,INFO,lightgbm,HIGH
ec55ab66366ccf86,1088,443,14519,34,61.13052749633789,6.0,0,0.85,BENIGN,INFO,lightgbm,HIGH
6e4696e63f327504,1089,443,14531,36,61.12955856323242,6.0,0,0.85,BENIGN,INFO,lightgbm,HIGH
b863473206eeaa87,1090,80,9957,63,206.42001342773438,6.0,4,0.85,DoS_Hulk,HIGH,lightgbm,HIGH
c4df70028971c18c,1091,80,372,6,5.836202144622803,6.0,4,0.85,DoS_Hulk,HIGH,lightgbm,HIGH
680dec8d740197f8,1092,80,7642,58,206.41976928710938,6.0,4,0.85,DoS_Hulk,HIGH,lightgbm,HIGH
ac28aac7eb5c13ca,1093,80,8981,60,206.42080688476562,6.0,4,0.85,DoS_Hulk,HIGH,lightgbm,HIGH
4527d9fcd6839be5,-20824,53,368,4,0.00022602081298828125,17.0,0,0.85,BENIGN,INFO,lightgbm,HIGH
ffe9b9019215898d,-6002,53,664,4,0.04751110076904297,17.0,0,0.85,BENIGN,INFO,lightgbm,HIGH
60df0bf21c848200,-4301,53,593,4,135.64239501953125,17.0,0,0.85,BENIGN,INFO,lightgbm,HIGH
5c8f18874eff3349,1094,443,6688,30,61.406158447265625,6.0,0,0.85,BENIGN,INFO,lightgbm,HIGH
c0c0108d052c0432,-1669,53,648,4,0.00020003318786621094,17.0,0,0.85,BENIGN,INFO,lightgbm,HIGH
8f4ee95e81d0ad86,-1167,53,556,4,0.0236358642578125,17.0,0,0.85,BENIGN,INFO,lightgbm,HIGH
ff770beb06caab76,-3182,53,300,2,0.023301124572753906,17.0,0,0.85,BENIGN,INFO,lightgbm,HIGH
26c279328b65da44,-731,53,768,4,0.28981900215148926,17.0,0,0.85,BENIGN,INFO,lightgbm,HIGH
812811c6ba74f0ec,-4642,53,406,2,0.2893540859222412,17.0,0,0.85,BENIGN,INFO,lightgbm,HIGH
f2850787dcf2d1ee,32471,53,368,4,0.0001690387725830078,17.0,0,0.85,BENIGN,INFO,lightgbm,HIGH
18d3730e8a9a1c02,1095,80,374655,298,115.53901672363281,6.0,4,0.85,DoS_Hulk,HIGH,lightgbm,HIGH
7e1463e933444da0,-14667,53,388,4,0.00015401840209960938,17.0,0,0.85,BENIGN,INFO,lightgbm,HIGH
7fc5631ad3d74097,-5254,53,436,4,0.061213016510009766,17.0,0,0.85,BENIGN,INFO,lightgbm,HIGH
e951df0c837ea1d5,-7071,53,348,4,0.05133509635925293,17.0,0,0.85,BENIGN,INFO,lightgbm,HIGH
c5e00f3b92b7d746,-3738,53,196,2,0.05087685585021973,17.0,0,0.85,BENIGN,INFO,lightgbm,HIGH
15a4c9ae6db14ad5,1096,443,9613,46,180.3573760986328,6.0,0,0.85,BENIGN,INFO,lightgbm,HIGH
b70172587101bdf4,-8004,53,348,4,0.00017309188842773438,17.0,0,0.85,BENIGN,INFO,lightgbm,HIGH
33aa1cfcf5a66047,-9971,53,372,4,0.05019402503967285,17.0,0,0.85,BENIGN,INFO,lightgbm,HIGH
0eb54c6bf175243a,-5311,53,208,2,0.049894094467163086,17.0,0,0.85,BENIGN,INFO,lightgbm,HIGH
20bae54104170f78,1097,80,4452,34,116.19599914550781,6.0,4,0.85,DoS_Hulk,HIGH,lightgbm,HIGH
c7d239c811a4d814,-3873,53,430,4,0.000823974609375,17.0,0,0.85,BENIGN,INFO,lightgbm,HIGH
a5b0109c52d81183,-3902,53,237,2,0.0004949569702148438,17.0,0,0.85,BENIGN,INFO,lightgbm,HIGH
5edb61b525561715,1098,443,1232493,1000,0.35158300399780273,6.0,0,0.85,BENIGN,INFO,lightgbm,HIGH
0fa2f103d77208f1,-15759,53,364,4,0.0001430511474609375,17.0,0,0.85,BENIGN,INFO,lightgbm,HIGH
84a0c153b9a73e49,-4772,53,388,4,0.049604177474975586,17.0,0,0.85,BENIGN,INFO,lightgbm,HIGH
3e1af23075308d70,-3768,53,505,4,138.92669677734375,17.0,0,0.85,BENIGN,INFO,lightgbm,HIGH
0678b41fb3187516,-16052,443,149782,95,3.510935068130493,6.0,0,0.85,BENIGN,INFO,lightgbm,HIGH
850c88b1be6f7b35,-16051,443,24386,30,0.296191930770874,6.0,0,0.85,BENIGN,INFO,lightgbm,HIGH
9c60e8c69770856a,-681,53,506,4,0.04725503921508789,17.0,0,0.85,BENIGN,INFO,lightgbm,HIGH
be8010105030b1ea,-5458,53,546,4,25.07379913330078,17.0,0,0.85,BENIGN,INFO,lightgbm,HIGH
7aeb8e64d9e7e3df,-16050,443,16022,22,0.5948460102081299,6.0,0,0.85,BENIGN,INFO,lightgbm,HIGH
f240ea541083f13b,23875,53,368,4,0.0001761913299560547,17.0,0,0.85,BENIGN,INFO,lightgbm,HIGH
e01960e73b876cdb,-12125,53,494,4,0.1369161605834961,17.0,0,0.85,BENIGN,INFO,lightgbm,HIGH
5a076df5afdd17dd,-3871,53,1235,10,546.0208129882812,17.0,0,0.85,BENIGN,INFO,lightgbm,HIGH
7ad970c7f85bffde,-16049,80,2498,12,0.07146596908569336,6.0,4,0.85,DoS_Hulk,HIGH,lightgbm,HIGH
e8e011956dc064be,-5497,53,598,4,0.12660002708435059,17.0,0,0.85,BENIGN,INFO,lightgbm,HIGH
4320c771d554b29f,-3405,53,321,2,0.12620186805725098,17.0,0,0.85,BENIGN,INFO,lightgbm,HIGH
8497956b8379ec85,-16048,80,8920,14,116.82174682617188,6.0,4,0.85,DoS_Hulk,HIGH,lightgbm,HIGH
93805df81ed30c06,-16047,80,3402,16,0.07012319564819336,6.0,4,0.85,DoS_Hulk,HIGH,lightgbm,HIGH
66a8c00df3e2c8a2,-1806,53,774,4,0.39259886741638184,17.0,0,0.85,BENIGN,INFO,lightgbm,HIGH
a062d73ad751f48b,-4111,53,409,2,0.3921349048614502,17.0,0,0.85,BENIGN,INFO,lightgbm,HIGH
ee9dc02c326ef5c5,-16046,80,55082,53,167.00860595703125,6.0,4,0.85,DoS_Hulk,HIGH,lightgbm,HIGH
a092200935e402f8,-16045,21,3592,52,0.22959017753601074,6.0,7,0.85,FTP-Patator,MEDIUM,lightgbm,HIGH
8ca2b645a123ae97,-16044,27590,22212,29,0.03207683563232422,6.0,0,0.85,BENIGN,INFO,lightgbm,HIGH
a2201116afcca635,-16041,443,6069,16,46.242218017578125,6.0,0,0.85,BENIGN,INFO,lightgbm,HIGH
a0a59b2a8d05f794,-16040,22,14406,86,14.18398666381836,6.0,11,0.85,SSH-Patator,MEDIUM,lightgbm,HIGH
1f859ecadfc81893,-16039,80,1215,11,0.40436482429504395,6.0,4,0.85,DoS_Hulk,HIGH,lightgbm,HIGH
3a74b395188f5d33,-13192,53,570,4,0.07037019729614258,17.0,0,0.85,BENIGN,INFO,lightgbm,HIGH
77bc853d44770e44,-4701,53,517,4,139.8688507080078,17.0,0,0.85,BENIGN,INFO,lightgbm,HIGH
6188bf7add29e110,-16036,443,7353,16,1.032656192779541,6.0,0,0.85,BENIGN,INFO,lightgbm,HIGH
5301bc394e4cdd7a,-14295,53,562,4,0.046835899353027344,17.0,0,0.85,BENIGN,INFO,lightgbm,HIGH
e97e35684ac5da37,-3336,53,581,4,429.0960693359375,17.0,0,0.85,BENIGN,INFO,lightgbm,HIGH
1ad3ba93aa50204d,-16035,80,3494,35,124.19373321533203,6.0,4,0.85,DoS_Hulk,HIGH,lightgbm,HIGH
de2c7c594aa3b542,-5219,53,376,4,0.00017213821411132812,17.0,0,0.85,BENIGN,INFO,lightgbm,HIGH
ec81871e79615360,-11906,53,434,4,0.000164031982421875,17.0,0,0.85,BENIGN,INFO,lightgbm,HIGH
1fbbe87b7fabbc96,-13874,53,332,4,0.3056340217590332,17.0,0,0.85,BENIGN,INFO,lightgbm,HIGH
114f3a1517d2b9d4,-5312,53,491,4,318.4031677246094,17.0,0,0.85,BENIGN,INFO,lightgbm,HIGH
b01992f2b8f8488f,-11434,53,498,4,0.0473330020904541,17.0,0,0.85,BENIGN,INFO,lightgbm,HIGH
5eb62de4b886e9d7,-16034,443,5560,27,60.73442840576172,6.0,0,0.85,BENIGN,INFO,lightgbm,HIGH
5dbbc1bc61bfc6bf,-5936,53,468,4,0.00019598007202148438,17.0,0,0.85,BENIGN,INFO,lightgbm,HIGH
46b62a4e3df65b05,-9745,53,536,4,0.0001571178436279297,17.0,0,0.85,BENIGN,INFO,lightgbm,HIGH
3211c38b454f4f5d,-13931,53,332,4,0.00014591217041015625,17.0,0,0.85,BENIGN,INFO,lightgbm,HIGH
8d3b0ecc3ac64ef0,-2625,53,414,4,0.7830779552459717,17.0,0,0.85,BENIGN,INFO,lightgbm,HIGH
3706bdbe29a15e7a,-4660,53,229,2,0.7827601432800293,17.0,0,0.85,BENIGN,INFO,lightgbm,HIGH
0063eb59b6bf0af8,-16033,443,5204,17,1.2843880653381348,6.0,0,0.85,BENIGN,INFO,lightgbm,HIGH
82bfabbd7a7f8cf9,-16032,443,5144,16,1.0331470966339111,6.0,0,0.85,BENIGN,INFO,lightgbm,HIGH
b27068daba809b91,-4501,53,404,4,0.00013017654418945312,17.0,0,0.85,BENIGN,INFO,lightgbm,HIGH
eb17aad757883021,-16031,80,10680,55,172.51490783691406,6.0,4,0.85,DoS_Hulk,HIGH,lightgbm,HIGH
d0aab7c61ad48246,-9259,53,344,4,0.00015401840209960938,17.0,0,0.85,BENIGN,INFO,lightgbm,HIGH
1ebba5886a2cf69c,-2545,53,448,4,0.000164031982421875,17.0,0,0.85,BENIGN,INFO,lightgbm,HIGH
21424c7d4bec68ba,-16030,443,1310,14,5.768006324768066,6.0,0,0.85,BENIGN,INFO,lightgbm,HIGH
9ff0792dea9bf1d8,-3326,53,492,4,0.047145843505859375,17.0,0,0.85,BENIGN,INFO,lightgbm,HIGH
b6eb549e1089d0d6,-3176,53,1007,8,591.1066284179688,17.0,0,0.85,BENIGN,INFO,lightgbm,HIGH
828f10c68cd5cc8f,-16029,443,5821,30,60.96736526489258,6.0,0,0.85,BENIGN,INFO,lightgbm,HIGH
1fba8e8b58cc08b3,-16028,443,4354,16,5.584105014801025,6.0,0,0.85,BENIGN,INFO,lightgbm,HIGH
a1c31e8e663d3961,-5461,53,464,4,0.00017404556274414062,17.0,0,0.85,BENIGN,INFO,lightgbm,HIGH
c2bf45249cf2aae4,-2043,53,532,4,0.00016188621520996094,17.0,0,0.85,BENIGN,INFO,lightgbm,HIGH
6c3819fc6a71dafd,-15896,53,544,4,0.0899968147277832,17.0,0,0.85,BENIGN,INFO,lightgbm,HIGH
07a78e8339c2ac77,-3821,53,518,4,102.53266143798828,17.0,0,0.85,BENIGN,INFO,lightgbm,HIGH
75aa3e8142b84e38,-16027,80,6617,25,46.475650787353516,6.0,4,0.85,DoS_Hulk,HIGH,lightgbm,HIGH
0ee5b25a1a871cb6,-16026,80,6450,22,46.21050262451172,6.0,4,0.85,DoS_Hulk,HIGH,lightgbm,HIGH
4a48a65511e6eaf7,-8016,53,484,4,0.00021505355834960938,17.0,0,0.85,BENIGN,INFO,lightgbm,HIGH
9159040b4a95faa2,-4971,53,604,4,0.06023597717285156,17.0,0,0.85,BENIGN,INFO,lightgbm,HIGH
a9383517f6964348,-3688,53,1125,8,738.5481567382812,17.0,0,0.85,BENIGN,INFO,lightgbm,HIGH
c022d6a0d2c8594e,-16025,80,372,6,5.101086616516113,6.0,4,0.85,DoS_Hulk,HIGH,lightgbm,HIGH
c1205934f3a8cb20,-16024,80,1846,10,31.719999313354492,6.0,4,0.85,DoS_Hulk,HIGH,lightgbm,HIGH
00d1688d6041f633,-16184,53,492,4,0.07832813262939453,17.0,0,0.85,BENIGN,INFO,lightgbm,HIGH
ddd99a163b534f74,-3301,53,208,2,0.07787919044494629,17.0,0,0.85,BENIGN,INFO,lightgbm,HIGH
4942e41f6780daf0,-16023,443,7867,23,144.05760192871094,6.0,0,0.85,BENIGN,INFO,lightgbm,HIGH
289e2dcb099b76f4,-1351,53,662,4,0.07018685340881348,17.0,0,0.85,BENIGN,INFO,lightgbm,HIGH
a29c8524037ec319,-5286,53,353,2,0.06972002983093262,17.0,0,0.85,BENIGN,INFO,lightgbm,HIGH
649116d0cb56a168,-16022,443,17963,41,7.683897972106934,6.0,0,0.85,BENIGN,INFO,lightgbm,HIGH
c871587ceb8f331d,123,123,180,2,0.01653003692626953,17.0,0,0.85,BENIGN,INFO,lightgbm,HIGH
3b7afc67b837e6f8,-16371,21,4880,64,0.22673988342285156,6.0,7,0.85,FTP-Patator,MEDIUM,lightgbm,HIGH
57d12e7e0ae2a434,-16370,-2823,23458,44,0.10000300407409668,6.0,0,0.85,BENIGN,INFO,lightgbm,HIGH
3b9169b6a5b61d01,-16369,3268,12462,41,116.03075408935547,6.0,0,0.85,BENIGN,INFO,lightgbm,HIGH
cab7539345f9346d,-16021,443,150004,99,4.022625923156738,6.0,0,0.85,BENIGN,INFO,lightgbm,HIGH
96e0506cf67e535b,-16368,389,11444,35,115.60050201416016,6.0,0,0.85,BENIGN,INFO,lightgbm,HIGH
f74b05d330060230,-6887,53,436,4,0.00020813941955566406,17.0,0,0.85,BENIGN,INFO,lightgbm,HIGH
0508ba2a82e1185b,-16367,465,9052,55,3.529853105545044,6.0,0,0.85,BENIGN,INFO,lightgbm,HIGH
2a7e0407bc8fc782,-8253,53,402,4,0.0504300594329834,17.0,0,0.85,BENIGN,INFO,lightgbm,HIGH
c350aebab832d8ec,-4030,53,702,4,0.04763007164001465,17.0,0,0.85,BENIGN,INFO,lightgbm,HIGH
2c813cabfd91bf32,-5100,53,428,4,415.8186340332031,17.0,0,0.85,BENIGN,INFO,lightgbm,HIGH
07d924a2de0451f1,-3886,53,599,4,722.636474609375,17.0,0,0.85,BENIGN,INFO,lightgbm,HIGH
223793e94ada8c2c,-16020,443,5006,16,5.310070991516113,6.0,0,0.85,BENIGN,INFO,lightgbm,HIGH
fa2ec6eb93581c82,-16028,53,608,4,0.00019097328186035156,17.0,0,0.85,BENIGN,INFO,lightgbm,HIGH
5fd1bdae3b2087a1,-14714,53,522,4,0.023895978927612305,17.0,0,0.85,BENIGN,INFO,lightgbm,HIGH
d0aeea1f2a80203a,-3129,53,523,4,409.4669494628906,17.0,0,0.85,BENIGN,INFO,lightgbm,HIGH
2eabddd42a81f9ee,-16019,443,101625,113,181.12060546875,6.0,0,0.85,BENIGN,INFO,lightgbm,HIGH
e0dbeba368acaf88,-16018,443,6283,21,0.30596399307250977,6.0,0,0.85,BENIGN,INFO,lightgbm,HIGH
2a7fdf4c26b3f072,-11115,53,332,4,0.0001537799835205078,17.0,0,0.85,BENIGN,INFO,lightgbm,HIGH
ee791c6635546f44,-12932,53,356,4,0.0001480579376220703,17.0,0,0.85,BENIGN,INFO,lightgbm,HIGH
d920a308a5921f0a,-9362,53,396,4,0.0001571178436279297,17.0,0,0.85,BENIGN,INFO,lightgbm,HIGH
7d1d44e69fcc81a4,-16017,80,4500,35,115.8165283203125,6.0,4,0.85,DoS_Hulk,HIGH,lightgbm,HIGH
4ab04444c0ce62a6,-16016,80,3159,32,115.81673431396484,6.0,4,0.85,DoS_Hulk,HIGH,lightgbm,HIGH
c0ac9019d6923986,-14290,53,352,4,0.00016498565673828125,17.0,0,0.85,BENIGN,INFO,lightgbm,HIGH
df1753032051546c,-11418,53,376,4,0.0001480579376220703,17.0,0,0.85,BENIGN,INFO,lightgbm,HIGH
17913408ea3c0d48,-4517,53,458,4,0.00017595291137695312,17.0,0,0.85,BENIGN,INFO,lightgbm,HIGH
308607580dc072c6,-16015,443,1259804,1000,1.1974539756774902,6.0,0,0.85,BENIGN,INFO,lightgbm,HIGH
41b498a3b6ffab3a,-1029,53,396,4,0.00014591217041015625,17.0,0,0.85,BENIGN,INFO,lightgbm,HIGH
f91cdc0504d37707,-13147,53,420,4,0.0001380443572998047,17.0,0,0.85,BENIGN,INFO,lightgbm,HIGH
8c030a5db6ca2485,-14754,53,406,4,0.0001361370086669922,17.0,0,0.85,BENIGN,INFO,lightgbm,HIGH
fe3344a2bba310c9,-1218,53,340,4,0.00015616416931152344,17.0,0,0.85,BENIGN,INFO,lightgbm,HIGH
a9e3ec29a9843246,-14203,53,368,4,0.06158304214477539,17.0,0,0.85,BENIGN,INFO,lightgbm,HIGH
264f687187d55d3c,-5357,53,206,2,0.06119203567504883,17.0,0,0.85,BENIGN,INFO,lightgbm,HIGH
6af53781193b5263,-9139,53,444,4,0.09581518173217773,17.0,0,0.85,BENIGN,INFO,lightgbm,HIGH
dbbb8df85ce9ade4,-3132,53,476,4,407.8840637207031,17.0,0,0.85,BENIGN,INFO,lightgbm,HIGH
206773b1b788c8b4,-14479,53,316,4,0.048574209213256836,17.0,0,0.85,BENIGN,INFO,lightgbm,HIGH
9d068608feeaad3d,-5246,53,180,2,0.048253774642944336,17.0,0,0.85,BENIGN,INFO,lightgbm,HIGH
22dcdae8a51fa608,-16366,443,36303,63,32.37556076049805,6.0,0,0.85,BENIGN,INFO,lightgbm,HIGH
cac84577c986850c,-1280,53,316,4,0.00014209747314453125,17.0,0,0.85,BENIGN,INFO,lightgbm,HIGH
6299e6106eee1f28,-13426,53,398,4,0.17740821838378906,17.0,0,0.85,BENIGN,INFO,lightgbm,HIGH
16bf0964233b1e2d,-3064,53,221,2,0.17712712287902832,17.0,0,0.85,BENIGN,INFO,lightgbm,HIGH
16028f6fc76b9aac,-10241,53,408,4,0.000148773193359375,17.0,0,0.85,BENIGN,INFO,lightgbm,HIGH
043566cecfdd785d,-16229,53,496,4,0.0007369518280029297,17.0,0,0.85,BENIGN,INFO,lightgbm,HIGH
e9a1ec9c0c86a270,-3184,53,538,4,103.171142578125,17.0,0,0.85,BENIGN,INFO,lightgbm,HIGH
3cffc043eb2b0214,-16365,443,3062,19,31.91811180114746,6.0,0,0.85,BENIGN,INFO,lightgbm,HIGH
21e80fe49978ec29,-2589,53,476,4,0.06162595748901367,17.0,0,0.85,BENIGN,INFO,lightgbm,HIGH
59df6cd8fb66ee55,-6397,53,832,4,0.0519869327545166,17.0,0,0.85,BENIGN,INFO,lightgbm,HIGH
e349c96778c968b0,-3576,53,438,2,0.05144691467285156,17.0,0,0.85,BENIGN,INFO,lightgbm,HIGH
06808475e0a79681,-16364,443,43194,61,31.884727478027344,6.0,0,0.85,BENIGN,INFO,lightgbm,HIGH
5057c5c68147c6ea,-16363,443,32463,58,31.85439682006836,6.0,0,0.85,BENIGN,INFO,lightgbm,HIGH
8f62f6ede45e4dbd,-3965,53,380,4,0.11499500274658203,17.0,0,0.85,BENIGN,INFO,lightgbm,HIGH
3920231a9eb565a1,-16362,443,76298,107,31.037702560424805,6.0,0,0.85,BENIGN,INFO,lightgbm,HIGH
3508eb0159f89a8d,-16361,443,75353,106,31.037630081176758,6.0,0,0.85,BENIGN,INFO,lightgbm,HIGH
452841ca63a52678,-16360,443,76798,112,31.037517547607422,6.0,0,0.85,BENIGN,INFO,lightgbm,HIGH
94a80036c11ec6ff,-16359,443,99686,130,31.03690528869629,6.0,0,0.85,BENIGN,INFO,lightgbm,HIGH
3f29f152b5b031ac,-2516,53,416,4,0.02417898178100586,17.0,0,0.85,BENIGN,INFO,lightgbm,HIGH
7a426582dfe23896,-4638,53,526,4,327.38970947265625,17.0,0,0.85,BENIGN,INFO,lightgbm,HIGH
6024a3002565749e,-1540,53,404,4,0.04690098762512207,17.0,0,0.85,BENIGN,INFO,lightgbm,HIGH
a8cf455b8f89e1d0,-4338,53,472,4,417.7763671875,17.0,0,0.85,BENIGN,INFO,lightgbm,HIGH
9dd135282c3bf6e0,-16358,443,74036,81,31.08793067932129,6.0,0,0.85,BENIGN,INFO,lightgbm,HIGH
d7d2bc7c2c3ab5b0,-16357,443,41938,50,30.977237701416016,6.0,0,0.85,BENIGN,INFO,lightgbm,HIGH
022b3784d67b7662,-1505,53,512,4,0.06123185157775879,17.0,0,0.85,BENIGN,INFO,lightgbm,HIGH
b8ebb66d36be332b,-6034,53,456,4,0.29450392723083496,17.0,0,0.85,BENIGN,INFO,lightgbm,HIGH
9a653015b9167fbf,-5101,53,278,2,0.06078290939331055,17.0,0,0.85,BENIGN,INFO,lightgbm,HIGH
271c3ddd26620895,-3269,53,250,2,0.2941608428955078,17.0,0,0.85,BENIGN,INFO,lightgbm,HIGH
93b1d04768777e3c,-16356,80,57934,62,30.853883743286133,6.0,4,0.85,DoS_Hulk,HIGH,lightgbm,HIGH
5a9744b14e5e7c40,-14250,53,466,4,0.10668683052062988,17.0,0,0.85,BENIGN,INFO,lightgbm,HIGH
d8efb11eed9838ed,-3552,53,574,5,791.0225219726562,17.0,0,0.85,BENIGN,INFO,lightgbm,HIGH
c8c3ed0cc21a0854,-6007,53,536,4,0.023785114288330078,17.0,0,0.85,BENIGN,INFO,lightgbm,HIGH
f9eb27a9807f015b,-3407,53,1053,8,405.7311096191406,17.0,0,0.85,BENIGN,INFO,lightgbm,HIGH
a70652452ce30705,-14582,53,394,4,0.02382206916809082,17.0,0,0.85,BENIGN,INFO,lightgbm,HIGH
a1dcbee12d0e967f,-3069,53,219,2,0.0234830379486084,17.0,0,0.85,BENIGN,INFO,lightgbm,HIGH
580bd0e101b44112,-5222,53,426,4,0.0008478164672851562,17.0,0,0.85,BENIGN,INFO,lightgbm,HIGH
7cd8735e45844eb1,-4175,53,468,4,405.5543518066406,17.0,0,0.85,BENIGN,INFO,lightgbm,HIGH
aa08345375f97134,-16355,443,22095,40,30.70779037475586,6.0,0,0.85,BENIGN,INFO,lightgbm,HIGH
78160efc648a1df6,-16354,443,10800,33,30.654727935791016,6.0,0,0.85,BENIGN,INFO,lightgbm,HIGH
9fde881ff6475113,-16353,443,22350,43,30.690082550048828,6.0,0,0.85,BENIGN,INFO,lightgbm,HIGH
379b23a1032d95cc,-16352,443,25626,46,30.607044219970703,6.0,0,0.85,BENIGN,INFO,lightgbm,HIGH
b87522a39cf2cd4c,-16014,443,7280,17,0.27149295806884766,6.0,0,0.85,BENIGN,INFO,lightgbm,HIGH
b36ace65fdbfb621,-16351,443,4811,13,0.28480982780456543,6.0,0,0.85,BENIGN,INFO,lightgbm,HIGH
224400a6ebc18255,-11444,53,368,4,0.023753881454467773,17.0,0,0.85,BENIGN,INFO,lightgbm,HIGH
7c2f19ddd500c6ca,-3025,53,717,6,602.1345825195312,17.0,0,0.85,BENIGN,INFO,lightgbm,HIGH
a357c8e1b0cccf25,-16013,443,5632,15,1.7053358554840088,6.0,0,0.85,BENIGN,INFO,lightgbm,HIGH
6508d0cae0b4bfef,-11470,53,394,4,0.0010139942169189453,17.0,0,0.85,BENIGN,INFO,lightgbm,HIGH
e55b2d342d34b0b1,-4972,53,798,6,416.4578552246094,17.0,0,0.85,BENIGN,INFO,lightgbm,HIGH
629b9179cdbd08c8,-16350,443,143212,122,30.10943031311035,6.0,0,0.85,BENIGN,INFO,lightgbm,HIGH
f0a4ba352ca54774,-16349,443,8628,30,30.10267448425293,6.0,0,0.85,BENIGN,INFO,lightgbm,HIGH
f29776280916d9c3,-11354,53,640,4,0.09270286560058594,17.0,0,0.85,BENIGN,INFO,lightgbm,HIGH
0830d60379bfbe84,-3713,53,342,2,0.09231090545654297,17.0,0,0.85,BENIGN,INFO,lightgbm,HIGH
ba5efaeff7bdd614,-16012,80,2557,9,1.3979628086090088,6.0,4,0.85,DoS_Hulk,HIGH,lightgbm,HIGH
2595ed472f0a1b90,-16011,80,3166,9,1.1035091876983643,6.0,4,0.85,DoS_Hulk,HIGH,lightgbm,HIGH
1f4be4b01c614912,-16010,22,14282,88,1.4477999210357666,6.0,11,0.85,SSH-Patator,MEDIUM,lightgbm,HIGH
b9f761d062e0195b,-3021,53,376,4,0.060788869857788086,17.0,0,0.85,BENIGN,INFO,lightgbm,HIGH
1a28b7ac7823540e,-4051,53,487,4,300.24664306640625,17.0,0,0.85,BENIGN,INFO,lightgbm,HIGH
83038e4c17245a35,-8521,53,468,4,0.7727131843566895,17.0,0,0.85,BENIGN,INFO,lightgbm,HIGH
85b32fba55fbc162,-15423,53,368,4,0.048742055892944336,17.0,0,0.85,BENIGN,INFO,lightgbm,HIGH
595810dd2274b412,-3329,53,256,2,0.7722978591918945,17.0,0,0.85,BENIGN,INFO,lightgbm,HIGH
785b92bb85fa446b,-15243,53,374,4,0.0013861656188964844,17.0,0,0.85,BENIGN,INFO,lightgbm,HIGH
2532e3839276a414,-4177,53,787,6,93.15437316894531,17.0,0,0.85,BENIGN,INFO,lightgbm,HIGH
5e6f7e8a3ced2480,-3160,53,456,4,401.30804443359375,17.0,0,0.85,BENIGN,INFO,lightgbm,HIGH
c355e84ecba34957,-16348,80,2232,12,30.279041290283203,6.0,4,0.85,DoS_Hulk,HIGH,lightgbm,HIGH
198699785f462d0f,-16347,443,47235,52,30.31351089477539,6.0,0,0.85,BENIGN,INFO,lightgbm,HIGH
9f53fab587fd4f8f,-16346,443,6386,23,30.21283721923828,6.0,0,0.85,BENIGN,INFO,lightgbm,HIGH
07593dbde901103a,-16345,443,19175,37,30.03603172302246,6.0,0,0.85,BENIGN,INFO,lightgbm,HIGH
ceb94073601eccf4,-16344,443,20209,32,1.1880710124969482,6.0,0,0.85,BENIGN,INFO,lightgbm,HIGH
00506c86ae662211,-7234,53,612,4,0.04725193977355957,17.0,0,0.85,BENIGN,INFO,lightgbm,HIGH
3840eec538491413,-3119,53,328,2,0.046785831451416016,17.0,0,0.85,BENIGN,INFO,lightgbm,HIGH
47ce50718a7ab897,-16009,443,5954,28,60.46274185180664,6.0,0,0.85,BENIGN,INFO,lightgbm,HIGH
06db704e560e25e9,-8643,53,520,4,0.00018596649169921875,17.0,0,0.85,BENIGN,INFO,lightgbm,HIGH
c5ec4cf965e99a9a,-15113,53,498,4,0.023833036422729492,17.0,0,0.85,BENIGN,INFO,lightgbm,HIGH
72009b3e8efb5b6a,-4983,53,665,6,583.0776977539062,17.0,0,0.85,BENIGN,INFO,lightgbm,HIGH
7b29331d346a9f3b,-16008,80,3211,32,115.42555236816406,6.0,4,0.85,DoS_Hulk,HIGH,lightgbm,HIGH
6f8deb180b3b1605,-16347,137,1104,12,1.811981201171875e-05,17.0,0,0.85,BENIGN,INFO,lightgbm,HIGH
6ab7d3b0f961f03d,137,-16347,208,2,2.86102294921875e-06,17.0,0,0.85,BENIGN,INFO,lightgbm,HIGH
0caed1cf96c5ecd2,-16343,139,10956,84,0.07497501373291016,6.0,0,0.85,BENIGN,INFO,lightgbm,HIGH
2f77a0ede64dd58e,-18024,53,260,4,0.00020694732666015625,17.0,0,0.85,BENIGN,INFO,lightgbm,HIGH
f2d7c541d60fb2df,27589,53,260,4,0.00021600723266601562,17.0,0,0.85,BENIGN,INFO,lightgbm,HIGH
be75c7643e805c35,24017,53,260,4,0.00016808509826660156,17.0,0,0.85,BENIGN,INFO,lightgbm,HIGH
c6164f96fc6f2e5e,5814,53,260,4,0.0001659393310546875,17.0,0,0.85,BENIGN,INFO,lightgbm,HIGH
b276c1db699039b9,14416,53,260,4,0.0002040863037109375,17.0,0,0.85,BENIGN,INFO,lightgbm,HIGH
9b0a142787961b3f,-19964,53,260,4,0.00015687942504882812,17.0,0,0.85,BENIGN,INFO,lightgbm,HIGH
d8a9a7c2b0d837c5,-28948,53,260,4,0.00020313262939453125,17.0,0,0.85,BENIGN,INFO,lightgbm,HIGH
1eb2f2484a7b5378,16943,53,260,4,0.00015592575073242188,17.0,0,0.85,BENIGN,INFO,lightgbm,HIGH
9f5f88efbad8629d,20476,53,260,4,0.0001590251922607422,17.0,0,0.85,BENIGN,INFO,lightgbm,HIGH
351b7020f0b289c5,24093,53,260,4,0.00015592575073242188,17.0,0,0.85,BENIGN,INFO,lightgbm,HIGH
f0fa03e7640ef255,-635,53,260,4,0.00019502639770507812,17.0,0,0.85,BENIGN,INFO,lightgbm,HIGH
83a19492330af6f7,-30222,53,260,4,0.0001480579376220703,17.0,0,0.85,BENIGN,INFO,lightgbm,HIGH
6befd7151342ea58,21642,53,260,4,0.0001971721649169922,17.0,0,0.85,BENIGN,INFO,lightgbm,HIGH
35d82753f6fe705e,-15041,53,260,4,0.0001499652862548828,17.0,0,0.85,BENIGN,INFO,lightgbm,HIGH
1f7476f29acda743,-16277,53,260,4,0.00017499923706054688,17.0,0,0.85,BENIGN,INFO,lightgbm,HIGH
dc46485327ba946d,27875,53,260,4,0.00017595291137695312,17.0,0,0.85,BENIGN,INFO,lightgbm,HIGH
d6993ff67dae7875,-5578,53,1056,6,1.071113109588623,17.0,0,0.85,BENIGN,INFO,lightgbm,HIGH
549c74c97530ed70,-4191,53,670,4,51.97514343261719,17.0,0,0.85,BENIGN,INFO,lightgbm,HIGH
0a6fa94a711dc7fc,-5487,53,528,4,0.000186920166015625,17.0,0,0.85,BENIGN,INFO,lightgbm,HIGH
7a60508008241afd,-16344,443,193747,136,25.9136905670166,6.0,0,0.85,BENIGN,INFO,lightgbm,HIGH
40e554ffd5e931ec,-1032,53,736,4,0.00020003318786621094,17.0,0,0.85,BENIGN,INFO,lightgbm,HIGH
95f4520a5070ccb1,-6569,53,704,4,0.0002219676971435547,17.0,0,0.85,BENIGN,INFO,lightgbm,HIGH
8e4d7664a2d48906,-16343,80,54104,71,107.42932891845703,6.0,4,0.85,DoS_Hulk,HIGH,lightgbm,HIGH
ffe6197947691bda,-16342,88,1758,16,0.00067901611328125,6.0,0,0.85,BENIGN,INFO,lightgbm,HIGH
b892ca3809638aae,-16341,88,4624,18,0.000949859619140625,6.0,0,0.85,BENIGN,INFO,lightgbm,HIGH
9a28bda3e41cd5ad,-16340,88,6566,16,0.0011720657348632812,6.0,0,0.85,BENIGN,INFO,lightgbm,HIGH
c090d9c89ebf64ee,-16339,88,1782,16,0.0005800724029541016,6.0,0,0.85,BENIGN,INFO,lightgbm,HIGH
ca717f61082941b0,-16338,88,4636,18,0.000888824462890625,6.0,0,0.85,BENIGN,INFO,lightgbm,HIGH
66a4fa6359df7e0f,-16337,135,4664,36,16.475521087646484,6.0,0,0.85,BENIGN,INFO,lightgbm,HIGH
315e9562cfaf5db5,-16336,-15870,23082,80,36.482906341552734,6.0,11,0.85,SSH-Patator,MEDIUM,lightgbm,HIGH
22c331bed8dc3a45,-16335,88,7330,20,0.0011379718780517578,6.0,0,0.85,BENIGN,INFO,lightgbm,HIGH
a23d1005d56f593a,-16334,389,8208,30,0.4538400173187256,6.0,0,0.85,BENIGN,INFO,lightgbm,HIGH
7c07e77d688556df,-16333,88,7284,20,0.0010600090026855469,6.0,0,0.85,BENIGN,INFO,lightgbm,HIGH
9af39ee542aed467,-16332,389,6570,26,0.4448261260986328,6.0,0,0.85,BENIGN,INFO,lightgbm,HIGH
b1dc5a4722691af9,-15358,53,368,4,0.00020503997802734375,17.0,0,0.85,BENIGN,INFO,lightgbm,HIGH
7c71ae1bf2bcb4b5,-16331,88,7330,20,0.0011200904846191406,6.0,0,0.85,BENIGN,INFO,lightgbm,HIGH
7816ec59b109cc24,-8765,53,586,4,0.00022220611572265625,17.0,0,0.85,BENIGN,INFO,lightgbm,HIGH
ccef242f3bf8276a,-4239,53,462,4,0.000186920166015625,17.0,0,0.85,BENIGN,INFO,lightgbm,HIGH
8e24789ef99a4902,-16330,389,11960,31,0.005172014236450195,6.0,0,0.85,BENIGN,INFO,lightgbm,HIGH
c2d592ea14b182cf,-16329,88,7284,20,0.0010280609130859375,6.0,0,0.85,BENIGN,INFO,lightgbm,HIGH
77effc3c47e67a3c,-29110,53,444,4,0.00020694732666015625,17.0,0,0.85,BENIGN,INFO,lightgbm,HIGH
fa88a2a0143c41ec,-10141,53,444,4,0.00016689300537109375,17.0,0,0.85,BENIGN,INFO,lightgbm,HIGH
3ad1f4ae497578b2,-12586,53,328,4,0.00018215179443359375,17.0,0,0.85,BENIGN,INFO,lightgbm,HIGH
7b19ea3a91ddbdab,31176,53,390,4,0.0002410411834716797,17.0,0,0.85,BENIGN,INFO,lightgbm,HIGH
7dd1175e8ed5168e,-24754,88,884,4,0.0003800392150878906,17.0,0,0.85,BENIGN,INFO,lightgbm,HIGH
938ae3fcb6347018,-19691,53,494,4,0.000164031982421875,17.0,0,0.85,BENIGN,INFO,lightgbm,HIGH
106c072eafccf059,14355,53,444,4,0.0001671314239501953,17.0,0,0.85,BENIGN,INFO,lightgbm,HIGH
80880bb34bf1c7fb,10228,53,444,4,0.0001609325408935547,17.0,0,0.85,BENIGN,INFO,lightgbm,HIGH
e56188fa794c04ee,2060,53,328,4,0.00017499923706054688,17.0,0,0.85,BENIGN,INFO,lightgbm,HIGH
0e16c2e2ccce118d,-27584,53,390,4,0.00023484230041503906,17.0,0,0.85,BENIGN,INFO,lightgbm,HIGH
465ef36c64dbd9e4,-19432,88,3470,4,0.007169008255004883,17.0,0,0.85,BENIGN,INFO,lightgbm,HIGH
2b42c8fcdcf8ecbc,-248,53,494,4,0.00017118453979492188,17.0,0,0.85,BENIGN,INFO,lightgbm,HIGH
98901f7d8f8c2b61,-19747,53,444,4,0.0001659393310546875,17.0,0,0.85,BENIGN,INFO,lightgbm,HIGH
e8087b254770d38f,-6256,53,444,4,0.00015807151794433594,17.0,0,0.85,BENIGN,INFO,lightgbm,HIGH
8e318a636e95bedf,-24253,53,328,4,0.00016498565673828125,17.0,0,0.85,BENIGN,INFO,lightgbm,HIGH
7d1b7337407b6257,-15787,53,390,4,0.00017499923706054688,17.0,0,0.85,BENIGN,INFO,lightgbm,HIGH
686121458c1ab5c3,24484,53,328,4,0.00023293495178222656,17.0,0,0.85,BENIGN,INFO,lightgbm,HIGH
bd703dad044cf65f,-8134,53,390,4,0.00024509429931640625,17.0,0,0.85,BENIGN,INFO,lightgbm,HIGH
8901f2b7342ab944,-17621,88,7608,20,0.001230001449584961,6.0,0,0.85,BENIGN,INFO,lightgbm,HIGH
7f41fa386326b1eb,16366,53,494,4,0.00017690658569335938,17.0,0,0.85,BENIGN,INFO,lightgbm,HIGH
aa6412c6fc425721,-13235,53,368,4,0.00016999244689941406,17.0,0,0.85,BENIGN,INFO,lightgbm,HIGH
0e6c27a79c3043d3,-5115,53,524,4,0.1946721076965332,17.0,0,0.85,BENIGN,INFO,lightgbm,HIGH
0390279a0a117216,-4446,53,472,4,681.1656494140625,17.0,0,0.85,BENIGN,INFO,lightgbm,HIGH
33f2676c01fef86f,-16328,80,5912,16,118.79715728759766,6.0,4,0.85,DoS_Hulk,HIGH,lightgbm,HIGH
0ec5176651716799,-4455,53,576,4,0.23369789123535156,17.0,0,0.85,BENIGN,INFO,lightgbm,HIGH
51b368f1503c445e,-3836,53,310,2,0.23325896263122559,17.0,0,0.85,BENIGN,INFO,lightgbm,HIGH
62c0252c79f77816,-16327,80,2425,10,118.44613647460938,6.0,4,0.85,DoS_Hulk,HIGH,lightgbm,HIGH
42310750bbafbf51,-5557,53,572,4,0.23810195922851562,17.0,0,0.85,BENIGN,INFO,lightgbm,HIGH
ff9fd14b167b77ed,-5444,53,520,4,365.8193664550781,17.0,0,0.85,BENIGN,INFO,lightgbm,HIGH
15bdc4b5df44e26a,-13905,53,494,4,0.1684560775756836,17.0,0,0.85,BENIGN,INFO,lightgbm,HIGH
df0542bc86ed6dcd,-5345,53,590,4,0.7698869705200195,17.0,0,0.85,BENIGN,INFO,lightgbm,HIGH
06a95be732e1eef7,-16326,80,1066,10,118.1581802368164,6.0,4,0.85,DoS_Hulk,HIGH,lightgbm,HIGH
1e01d80e5089d4ff,-4722,53,566,4,0.13746309280395508,17.0,0,0.85,BENIGN,INFO,lightgbm,HIGH
37b91634474cbd7b,-4867,53,305,2,0.13703489303588867,17.0,0,0.85,BENIGN,INFO,lightgbm,HIGH
a9b1ffd8cedd2324,-16325,80,1188,11,117.81779479980469,6.0,4,0.85,DoS_Hulk,HIGH,lightgbm,HIGH
b1af1847eefe40ff,-5692,53,598,4,0.1798861026763916,17.0,0,0.85,BENIGN,INFO,lightgbm,HIGH
652de5ed2570701f,-16324,80,1278,10,117.54005432128906,6.0,4,0.85,DoS_Hulk,HIGH,lightgbm,HIGH
bdbde264e0db8ada,-3403,53,464,4,0.06070399284362793,17.0,0,0.85,BENIGN,INFO,lightgbm,HIGH
d18de7caaf32b009,-5186,53,226,2,0.06032896041870117,17.0,0,0.85,BENIGN,INFO,lightgbm,HIGH
e67fd929859ac20d,-16007,443,6009,15,62.06893539428711,6.0,0,0.85,BENIGN,INFO,lightgbm,HIGH
091ccccb116abfd1,-4195,53,432,4,0.023726940155029297,17.0,0,0.85,BENIGN,INFO,lightgbm,HIGH
2693ed54b038b607,-4158,53,238,2,0.023378849029541016,17.0,0,0.85,BENIGN,INFO,lightgbm,HIGH
26163a0b721cd9c4,-16006,443,7609,17,0.267470121383667,6.0,0,0.85,BENIGN,INFO,lightgbm,HIGH
ef8e22f9af813104,-4473,53,696,4,0.13441205024719238,17.0,0,0.85,BENIGN,INFO,lightgbm,HIGH
3b5a215717e231a2,-3288,53,822,6,753.9683227539062,17.0,0,0.85,BENIGN,INFO,lightgbm,HIGH
d656efb7a429d459,-16005,443,7123,20,103.50220489501953,6.0,0,0.85,BENIGN,INFO,lightgbm,HIGH
58f1994d30510aaf,-7991,53,510,4,0.060830116271972656,17.0,0,0.85,BENIGN,INFO,lightgbm,HIGH
8e57f65fc9638749,-5041,53,604,4,381.7372131347656,17.0,0,0.85,BENIGN,INFO,lightgbm,HIGH
c129328c78f452cd,-16004,443,7696,17,0.5002319812774658,6.0,0,0.85,BENIGN,INFO,lightgbm,HIGH
f7dd9c5bbb0e1a4b,-13320,53,502,4,0.08395600318908691,17.0,0,0.85,BENIGN,INFO,lightgbm,HIGH
c109294852bdf61c,-4463,53,517,4,378.72467041015625,17.0,0,0.85,BENIGN,INFO,lightgbm,HIGH
aa5d65f89d3fc222,-16003,443,28678,32,7.878127098083496,6.0,0,0.85,BENIGN,INFO,lightgbm,HIGH
bea1b83ff89ad213,-16323,80,37410,44,96.61434173583984,6.0,4,0.85,DoS_Hulk,HIGH,lightgbm,HIGH
c61e5ed0987bf656,-9398,53,710,4,0.07304787635803223,17.0,0,0.85,BENIGN,INFO,lightgbm,HIGH
1d98e48a4ff88ac1,-4253,53,210,2,0.07268691062927246,17.0,0,0.85,BENIGN,INFO,lightgbm,HIGH
130cc3170424ffea,-16002,443,7807,18,102.85301208496094,6.0,0,0.85,BENIGN,INFO,lightgbm,HIGH
0ff87202e444d740,-9831,53,838,4,0.49024200439453125,17.0,0,0.85,BENIGN,INFO,lightgbm,HIGH
edb1c726f1ea9c49,-3700,53,910,6,684.6168212890625,17.0,0,0.85,BENIGN,INFO,lightgbm,HIGH
42c817fd537f72bd,-16001,80,249362,198,101.7645263671875,6.0,4,0.85,DoS_Hulk,HIGH,lightgbm,HIGH
85b2d73da6c8e65e,-15071,53,870,4,0.48879003524780273,17.0,0,0.85,BENIGN,INFO,lightgbm,HIGH
fd0fe0b5be87c170,-3542,53,457,2,0.48830294609069824,17.0,0,0.85,BENIGN,INFO,lightgbm,HIGH
990426ac828c9f6d,-16000,80,229280,187,99.90476989746094,6.0,4,0.85,DoS_Hulk,HIGH,lightgbm,HIGH
b46eba4e23ec3631,-15999,443,8442,19,0.8808209896087646,6.0,0,0.85,BENIGN,INFO,lightgbm,HIGH
c8dd612f620d4b6a,-10991,53,876,4,0.04757094383239746,17.0,0,0.85,BENIGN,INFO,lightgbm,HIGH
a8ae9bdb089c0925,-5084,53,460,2,0.047055959701538086,17.0,0,0.85,BENIGN,INFO,lightgbm,HIGH
8229addd855a7894,-192,53,736,4,0.0002009868621826172,17.0,0,0.85,BENIGN,INFO,lightgbm,HIGH
db1b4e3fd2340fa8,-15998,443,9988,33,61.05641174316406,6.0,0,0.85,BENIGN,INFO,lightgbm,HIGH
d2f086e610d7c0dd,-15997,443,10103,31,61.056297302246094,6.0,0,0.85,BENIGN,INFO,lightgbm,HIGH
e982000989ea861e,-6407,53,636,4,0.02372002601623535,17.0,0,0.85,BENIGN,INFO,lightgbm,HIGH
cf75b203e8121e87,-4855,53,340,2,0.023395061492919922,17.0,0,0.85,BENIGN,INFO,lightgbm,HIGH
2b58944045dbd9f4,-15996,443,4351,16,6.1158647537231445,6.0,0,0.85,BENIGN,INFO,lightgbm,HIGH
9ca1871c8f137fae,-15995,80,372,6,5.905361175537109,6.0,4,0.85,DoS_Hulk,HIGH,lightgbm,HIGH
86a6933ce043a1f3,-8644,53,506,4,0.06560182571411133,17.0,0,0.85,BENIGN,INFO,lightgbm,HIGH
c2358edf158f6c7c,-4255,53,244,2,0.06518697738647461,17.0,0,0.85,BENIGN,INFO,lightgbm,HIGH
190737d214be3fa4,-15994,443,17626,21,0.4914069175720215,6.0,0,0.85,BENIGN,INFO,lightgbm,HIGH
cf251b8bd91959c4,-16322,443,158485,100,5.345536231994629,6.0,0,0.85,BENIGN,INFO,lightgbm,HIGH
8377f9d390fea275,-2816,53,664,4,0.047148942947387695,17.0,0,0.85,BENIGN,INFO,lightgbm,HIGH
f445208473f86135,-3163,53,811,6,664.498779296875,17.0,0,0.85,BENIGN,INFO,lightgbm,HIGH
172bc14ac0ea5428,-15993,443,6663,30,61.22916030883789,6.0,0,0.85,BENIGN,INFO,lightgbm,HIGH
c8334307027d5195,-3332,53,648,4,0.0002741813659667969,17.0,0,0.85,BENIGN,INFO,lightgbm,HIGH
3fc0d1eced6a6a61,-4737,53,556,4,0.023903846740722656,17.0,0,0.85,BENIGN,INFO,lightgbm,HIGH
a7015206f9f52208,-5039,53,959,6,366.9191589355469,17.0,0,0.85,BENIGN,INFO,lightgbm,HIGH
b084cfdd62a40a5c,-15992,443,10765,17,0.6038739681243896,6.0,0,0.85,BENIGN,INFO,lightgbm,HIGH
07ccc0f97029b67b,-3031,53,518,4,0.047206878662109375,17.0,0,0.85,BENIGN,INFO,lightgbm,HIGH
7b66a23449810321,-3630,53,281,2,0.046778202056884766,17.0,0,0.85,BENIGN,INFO,lightgbm,HIGH
077e0748a965519a,-12010,53,428,4,0.00018095970153808594,17.0,0,0.85,BENIGN,INFO,lightgbm,HIGH
3a09d033d5d3ad44,-2567,53,502,4,0.02387094497680664,17.0,0,0.85,BENIGN,INFO,lightgbm,HIGH
4da2331a18557e10,-4374,53,647,4,365.9064025878906,17.0,0,0.85,BENIGN,INFO,lightgbm,HIGH
937154f06b6608e9,1099,443,19317,54,117.35187530517578,6.0,0,0.85,BENIGN,INFO,lightgbm,HIGH
0f9f4b3c49f0bdf7,-11163,53,492,4,0.04665517807006836,17.0,0,0.85,BENIGN,INFO,lightgbm,HIGH
9d237c5eaaabdde7,-5472,53,535,4,172.962646484375,17.0,0,0.85,BENIGN,INFO,lightgbm,HIGH
f66a36deab56e154,1100,443,6905,29,61.16134262084961,6.0,0,0.85,BENIGN,INFO,lightgbm,HIGH
5b2b1f6a3f63c179,1101,443,11067,34,61.15986251831055,6.0,0,0.85,BENIGN,INFO,lightgbm,HIGH
81e55b31ce5af2b5,1102,443,9737,34,61.16119384765625,6.0,0,0.85,BENIGN,INFO,lightgbm,HIGH
99f85f53772765fd,-11741,53,384,4,0.00018405914306640625,17.0,0,0.85,BENIGN,INFO,lightgbm,HIGH
2504bb9a0ebab109,1103,443,6904,29,61.16176986694336,6.0,0,0.85,BENIGN,INFO,lightgbm,HIGH
a27c92c90929f604,1104,443,7090,29,61.16120910644531,6.0,0,0.85,BENIGN,INFO,lightgbm,HIGH
189b785416530f4d,1105,443,6902,29,61.16104507446289,6.0,0,0.85,BENIGN,INFO,lightgbm,HIGH
88ff39427623f2a4,-8761,53,522,4,0.024147987365722656,17.0,0,0.85,BENIGN,INFO,lightgbm,HIGH
a3c406aa7efee1ed,-3960,53,1174,8,670.1939697265625,17.0,0,0.85,BENIGN,INFO,lightgbm,HIGH
5537e81dc722d2d0,1106,80,372,6,5.412666320800781,6.0,4,0.85,DoS_Hulk,HIGH,lightgbm,HIGH
7a73e29f76b6e2f2,-8912,53,522,4,0.25548505783081055,17.0,0,0.85,BENIGN,INFO,lightgbm,HIGH
4e5e4681cfae0324,-4883,53,496,4,353.6502380371094,17.0,0,0.85,BENIGN,INFO,lightgbm,HIGH
7049d0104ae6a13b,-1869,53,664,4,0.00022292137145996094,17.0,0,0.85,BENIGN,INFO,lightgbm,HIGH
ec443c9096935e37,-9261,53,664,4,0.0003371238708496094,17.0,0,0.85,BENIGN,INFO,lightgbm,HIGH
64f2f68e0a6cf816,1107,443,6659,29,60.876220703125,6.0,0,0.85,BENIGN,INFO,lightgbm,HIGH
a068d11ef53bf645,-15225,53,664,4,0.0002620220184326172,17.0,0,0.85,BENIGN,INFO,lightgbm,HIGH
4749e9934f0cd035,-5695,53,648,4,0.00028204917907714844,17.0,0,0.85,BENIGN,INFO,lightgbm,HIGH
f24b6ccb27f7a0d6,1108,443,180214,191,116.12617492675781,6.0,0,0.85,BENIGN,INFO,lightgbm,HIGH
73139d8d1d582efe,1109,443,13165,46,116.1259994506836,6.0,0,0.85,BENIGN,INFO,lightgbm,HIGH
4d6e656509712a01,1110,443,5342,18,5.975125312805176,6.0,0,0.85,BENIGN,INFO,lightgbm,HIGH
fabc48b2dd78ec05,1111,443,4980,16,5.974470138549805,6.0,0,0.85,BENIGN,INFO,lightgbm,HIGH
49777943727c5be8,-580,53,388,4,0.00017786026000976562,17.0,0,0.85,BENIGN,INFO,lightgbm,HIGH
8974c1e33db628fb,-7132,53,518,4,0.0486140251159668,17.0,0,0.85,BENIGN,INFO,lightgbm,HIGH
7c748fb9b4001f94,-3913,53,501,4,435.01605224609375,17.0,0,0.85,BENIGN,INFO,lightgbm,HIGH
dc6a9a8cdcbb3ff2,-13365,53,418,4,0.1376819610595703,17.0,0,0.85,BENIGN,INFO,lightgbm,HIGH
4cc3e37e52c47af7,-4420,53,633,4,668.6619873046875,17.0,0,0.85,BENIGN,INFO,lightgbm,HIGH
f50dd6c458e3624c,1112,443,18348,47,115.80297088623047,6.0,0,0.85,BENIGN,INFO,lightgbm,HIGH
d4d64d59d5299b12,1113,443,55583,86,115.8023452758789,6.0,0,0.85,BENIGN,INFO,lightgbm,HIGH
d401985f22636e5a,1114,443,5550,16,5.651802062988281,6.0,0,0.85,BENIGN,INFO,lightgbm,HIGH
968eaa2288107e21,1115,443,5550,16,5.651222229003906,6.0,0,0.85,BENIGN,INFO,lightgbm,HIGH
753db2cbb48440b3,-4285,53,388,4,0.0001590251922607422,17.0,0,0.85,BENIGN,INFO,lightgbm,HIGH
c09170419c1f8bea,-2827,53,530,4,0.04834604263305664,17.0,0,0.85,BENIGN,INFO,lightgbm,HIGH
11ba3b27919e0f8d,-4171,53,543,4,362.7980041503906,17.0,0,0.85,BENIGN,INFO,lightgbm,HIGH
9b5bbff96877bae2,-13352,53,480,4,0.04858684539794922,17.0,0,0.85,BENIGN,INFO,lightgbm,HIGH
f932c603b2cf66b4,-4721,53,262,2,0.04819202423095703,17.0,0,0.85,BENIGN,INFO,lightgbm,HIGH
c0a6dfc803f377b5,1116,443,7295,28,60.734615325927734,6.0,0,0.85,BENIGN,INFO,lightgbm,HIGH
f8312fdb8594205c,-5669,53,494,4,0.06136012077331543,17.0,0,0.85,BENIGN,INFO,lightgbm,HIGH
ef5ad04066ef4088,-5242,53,210,2,0.060952186584472656,17.0,0,0.85,BENIGN,INFO,lightgbm,HIGH
141a7f87308b234a,-16321,80,2626,14,0.07187986373901367,6.0,4,0.85,DoS_Hulk,HIGH,lightgbm,HIGH
3c7e9ba6fc8f3a07,-16286,53,598,4,0.0002009868621826172,17.0,0,0.85,BENIGN,INFO,lightgbm,HIGH
7979dffca7c62d9d,-16320,80,17550,27,77.48490142822266,6.0,4,0.85,DoS_Hulk,HIGH,lightgbm,HIGH
a07db111a01922be,-7467,53,506,4,0.00016999244689941406,17.0,0,0.85,BENIGN,INFO,lightgbm,HIGH
9936f81b9c82ae54,-16319,443,9167,19,0.508430004119873,6.0,0,0.85,BENIGN,INFO,lightgbm,HIGH
e6925641aa453b41,-16318,443,9599,19,0.5080552101135254,6.0,0,0.85,BENIGN,INFO,lightgbm,HIGH
f66a49ab5b5dd377,-16317,80,3114,13,0.07306098937988281,6.0,4,0.85,DoS_Hulk,HIGH,lightgbm,HIGH
d13272adf7146b0e,1117,135,2632,24,10.013402938842773,6.0,0,0.85,BENIGN,INFO,lightgbm,HIGH
b22de845d915c4cc,1118,-15870,3266,24,10.01242446899414,6.0,0,0.85,BENIGN,INFO,lightgbm,HIGH
d8e562f82ae4bb2d,-8427,53,774,4,0.06013298034667969,17.0,0,0.85,BENIGN,INFO,lightgbm,HIGH
984b84ff195bda13,-4076,53,210,2,0.05964994430541992,17.0,0,0.85,BENIGN,INFO,lightgbm,HIGH
69b20f614f67b18c,-16316,80,55244,56,76.8257827758789,6.0,4,0.85,DoS_Hulk,HIGH,lightgbm,HIGH
0a26a3624e2cb42a,-16315,80,2494,12,0.0712888240814209,6.0,4,0.85,DoS_Hulk,HIGH,lightgbm,HIGH
3dac6a969071bee2,-16314,80,3114,13,0.07118606567382812,6.0,4,0.85,DoS_Hulk,HIGH,lightgbm,HIGH
9baea146765ccf6b,-16313,21,3470,50,0.20079612731933594,6.0,7,0.85,FTP-Patator,MEDIUM,lightgbm,HIGH
3479ca4c9eb1ac4a,-16312,-20158,22158,28,0.029812097549438477,6.0,0,0.85,BENIGN,INFO,lightgbm,HIGH
d822317113308451,-16309,22,14166,82,7.711755752563477,6.0,11,0.85,SSH-Patator,MEDIUM,lightgbm,HIGH
35cd98f0043358f2,-32153,53,444,4,0.000225067138671875,17.0,0,0.85,BENIGN,INFO,lightgbm,HIGH
7825fe46d1cd505b,-17357,53,444,4,0.0001709461212158203,17.0,0,0.85,BENIGN,INFO,lightgbm,HIGH
80d5e4442fbeca96,22965,53,328,4,0.00018215179443359375,17.0,0,0.85,BENIGN,INFO,lightgbm,HIGH
79c4226540adda72,-18674,53,390,4,0.0002391338348388672,17.0,0,0.85,BENIGN,INFO,lightgbm,HIGH
45a2b4d1e99dc2f4,-8943,88,886,4,0.00040411949157714844,17.0,0,0.85,BENIGN,INFO,lightgbm,HIGH
f3531a19a60f4478,4934,53,494,4,0.0001590251922607422,17.0,0,0.85,BENIGN,INFO,lightgbm,HIGH
34d2e8dfc516e3be,-10743,53,444,4,0.00016307830810546875,17.0,0,0.85,BENIGN,INFO,lightgbm,HIGH
a78cf38754180b12,-12758,53,444,4,0.00015997886657714844,17.0,0,0.85,BENIGN,INFO,lightgbm,HIGH
e8e5b43f1db5e02c,31254,53,328,4,0.0001659393310546875,17.0,0,0.85,BENIGN,INFO,lightgbm,HIGH
cc0c54b3af8a801d,-5556,53,390,4,0.00017404556274414062,17.0,0,0.85,BENIGN,INFO,lightgbm,HIGH
2fe8d54863bdfcde,-32234,88,3472,4,0.0006940364837646484,17.0,0,0.85,BENIGN,INFO,lightgbm,HIGH
b59be49429f7ea94,20726,53,494,4,0.0001900196075439453,17.0,0,0.85,BENIGN,INFO,lightgbm,HIGH
79a958303cb35e61,3959,53,444,4,0.0001690387725830078,17.0,0,0.85,BENIGN,INFO,lightgbm,HIGH
2ac1b664e04cff84,32698,53,444,4,0.00016021728515625,17.0,0,0.85,BENIGN,INFO,lightgbm,HIGH
bc16859a8cdd797b,-690,53,328,4,0.0001709461212158203,17.0,0,0.85,BENIGN,INFO,lightgbm,HIGH
85296dc91fcbd145,27699,53,390,4,0.00018095970153808594,17.0,0,0.85,BENIGN,INFO,lightgbm,HIGH
b278f344487dd23a,-27662,53,328,4,0.00016498565673828125,17.0,0,0.85,BENIGN,INFO,lightgbm,HIGH
01c45d0645b81f2f,-7208,53,390,4,0.00017595291137695312,17.0,0,0.85,BENIGN,INFO,lightgbm,HIGH
ceea8d5738a20d2c,-17620,88,7610,20,0.0012328624725341797,6.0,0,0.85,BENIGN,INFO,lightgbm,HIGH
1c28b16eb973d9a2,-5445,53,494,4,0.00018906593322753906,17.0,0,0.85,BENIGN,INFO,lightgbm,HIGH
bd60b5c5d72a23c8,-7327,53,436,4,0.00022220611572265625,17.0,0,0.85,BENIGN,INFO,lightgbm,HIGH
86bd6453943546ef,-16306,465,8453,45,6.894444942474365,6.0,0,0.85,BENIGN,INFO,lightgbm,HIGH
bf0d17269a49c9ea,-15799,53,562,4,0.060971975326538086,17.0,0,0.85,BENIGN,INFO,lightgbm,HIGH
80930373d156ff5b,-16305,80,4196,46,174.01751708984375,6.0,4,0.85,DoS_Hulk,HIGH,lightgbm,HIGH
71fcb0c8a5c81c0f,-1190,53,376,4,0.0001590251922607422,17.0,0,0.85,BENIGN,INFO,lightgbm,HIGH
81a51d8e514a19df,-5767,53,434,4,0.00014901161193847656,17.0,0,0.85,BENIGN,INFO,lightgbm,HIGH
862aa77dd1b910f4,-8619,53,372,4,0.06000018119812012,17.0,0,0.85,BENIGN,INFO,lightgbm,HIGH
918891bb9b19bdda,-4226,53,208,2,0.059576988220214844,17.0,0,0.85,BENIGN,INFO,lightgbm,HIGH
acaeeff365de4175,-6058,53,498,4,0.12649106979370117,17.0,0,0.85,BENIGN,INFO,lightgbm,HIGH
d7a9cf1ffb7d8a35,-12006,53,492,4,0.07135510444641113,17.0,0,0.85,BENIGN,INFO,lightgbm,HIGH
fbf835e1af1c9923,-5304,53,268,2,0.0709531307220459,17.0,0,0.85,BENIGN,INFO,lightgbm,HIGH
1e62ccbd67050e58,-16304,443,16183,52,183.092041015625,6.0,0,0.85,BENIGN,INFO,lightgbm,HIGH
8d4da91b6d64981a,-11205,53,372,4,0.000164031982421875,17.0,0,0.85,BENIGN,INFO,lightgbm,HIGH
9ca17d6fcacafdae,-11522,53,426,4,0.06105995178222656,17.0,0,0.85,BENIGN,INFO,lightgbm,HIGH
4364134c5194fcbf,-3850,53,235,2,0.06070113182067871,17.0,0,0.85,BENIGN,INFO,lightgbm,HIGH
ae6b23580976f796,-16303,443,5785,30,61.38023376464844,6.0,0,0.85,BENIGN,INFO,lightgbm,HIGH
ae4ce44c1a5d6c6d,-7528,53,464,4,0.00017189979553222656,17.0,0,0.85,BENIGN,INFO,lightgbm,HIGH
de4a53b36bbbbf0e,-16302,443,5656,29,61.63307189941406,6.0,0,0.85,BENIGN,INFO,lightgbm,HIGH
45402fab0d1a5d14,-1339,53,468,4,0.00016999244689941406,17.0,0,0.85,BENIGN,INFO,lightgbm,HIGH
b6e040ea0931e317,-309,53,536,4,0.02376103401184082,17.0,0,0.85,BENIGN,INFO,lightgbm,HIGH
d9a4379723334f97,-11164,53,532,4,0.0009489059448242188,17.0,0,0.85,BENIGN,INFO,lightgbm,HIGH
e14c846df2bcc23c,-3021,53,290,2,0.023408889770507812,17.0,0,0.85,BENIGN,INFO,lightgbm,HIGH
1b66a3fda059707d,-4921,53,532,4,646.0859375,17.0,0,0.85,BENIGN,INFO,lightgbm,HIGH
68a8a9e80358fe3e,-16301,443,4339,16,5.869563102722168,6.0,0,0.85,BENIGN,INFO,lightgbm,HIGH
20105c1781b4090b,-16079,53,352,4,0.05978798866271973,17.0,0,0.85,BENIGN,INFO,lightgbm,HIGH
8e1c8209b2f92bfd,-3478,53,1068,8,602.6604614257812,17.0,0,0.85,BENIGN,INFO,lightgbm,HIGH
b3a3999a8a84291a,-1003,53,324,4,0.047541141510009766,17.0,0,0.85,BENIGN,INFO,lightgbm,HIGH
f8bc9955614af037,-4050,53,471,4,204.19400024414062,17.0,0,0.85,BENIGN,INFO,lightgbm,HIGH
58f809d9ce61d8b7,-3883,53,404,4,0.0001971721649169922,17.0,0,0.85,BENIGN,INFO,lightgbm,HIGH
4367fbd04d24bf82,-8629,53,344,4,0.0001399517059326172,17.0,0,0.85,BENIGN,INFO,lightgbm,HIGH
2a939304184a0351,-11163,53,448,4,0.00014710426330566406,17.0,0,0.85,BENIGN,INFO,lightgbm,HIGH
9e4eac93c0989c12,-13263,53,324,4,0.00014901161193847656,17.0,0,0.85,BENIGN,INFO,lightgbm,HIGH
9949e6b6656d63e1,-1702,53,412,4,0.323544979095459,17.0,0,0.85,BENIGN,INFO,lightgbm,HIGH
9547c647f068712b,-4437,53,572,4,643.2975463867188,17.0,0,0.85,BENIGN,INFO,lightgbm,HIGH
3ffe9b5baf8efd93,-16300,443,98894,170,182.69003295898438,6.0,0,0.85,BENIGN,INFO,lightgbm,HIGH
052bfd60e5825e2c,-16299,443,8840,28,0.17737507820129395,6.0,0,0.85,BENIGN,INFO,lightgbm,HIGH
2ef286d36a057517,-4218,53,352,4,0.00014400482177734375,17.0,0,0.85,BENIGN,INFO,lightgbm,HIGH
b62ad06f353507d6,-16298,443,21875,41,0.17841410636901855,6.0,0,0.85,BENIGN,INFO,lightgbm,HIGH
ec16b92f890759c9,-16297,443,42977,62,0.21971392631530762,6.0,0,0.85,BENIGN,INFO,lightgbm,HIGH
e36320c46972b655,-16296,443,5160,18,5.476381301879883,6.0,0,0.85,BENIGN,INFO,lightgbm,HIGH
5d41f832947cee5d,-16295,443,5100,17,5.476012229919434,6.0,0,0.85,BENIGN,INFO,lightgbm,HIGH
558395a2ab1fd717,-16294,53,406,4,0.06032204627990723,17.0,0,0.85,BENIGN,INFO,lightgbm,HIGH
a9964df8d361da55,-5347,53,833,6,332.028076171875,17.0,0,0.85,BENIGN,INFO,lightgbm,HIGH
92a9e6e132b78839,123,123,180,2,0.02566695213317871,17.0,0,0.85,BENIGN,INFO,lightgbm,HIGH
10488900ba968ba5,-16294,443,6411,33,75.44278717041016,6.0,0,0.85,BENIGN,INFO,lightgbm,HIGH
c8892bac2a3a910b,-16293,443,6411,33,75.55267333984375,6.0,0,0.85,BENIGN,INFO,lightgbm,HIGH
1c24c588dcca357e,-15991,443,133048,145,153.78500366210938,6.0,0,0.85,BENIGN,INFO,lightgbm,HIGH
1d608d3ba9521b56,-16292,80,8038,51,168.45326232910156,6.0,4,0.85,DoS_Hulk,HIGH,lightgbm,HIGH
66d239dc932b1a82,-16291,80,6579,47,168.44796752929688,6.0,4,0.85,DoS_Hulk,HIGH,lightgbm,HIGH
055a56d3814c9f1c,-16290,80,6579,47,168.4477996826172,6.0,4,0.85,DoS_Hulk,HIGH,lightgbm,HIGH
297a951d89841be1,-15769,53,492,4,0.10761094093322754,17.0,0,0.85,BENIGN,INFO,lightgbm,HIGH
19ddfb8ee86edbb7,-5355,53,515,4,639.10595703125,17.0,0,0.85,BENIGN,INFO,lightgbm,HIGH
a387fa8589758f56,-15591,53,702,4,0.06770801544189453,17.0,0,0.85,BENIGN,INFO,lightgbm,HIGH
53baf17c2465a0fe,-5079,53,616,4,372.9585876464844,17.0,0,0.85,BENIGN,INFO,lightgbm,HIGH
fd9e6ef77227ad1c,-16289,80,4170,32,115.20973205566406,6.0,4,0.85,DoS_Hulk,HIGH,lightgbm,HIGH
551b021a4df29dee,-16288,80,3276,18,37.011844635009766,6.0,4,0.85,DoS_Hulk,HIGH,lightgbm,HIGH
ad00ce41ee277b9c,-16287,80,372,6,5.1050310134887695,6.0,4,0.85,DoS_Hulk,HIGH,lightgbm,HIGH
416f887ea6bf6ef1,-16286,80,432,7,5.10520076751709,6.0,4,0.85,DoS_Hulk,HIGH,lightgbm,HIGH
01ac1173e3b5bd6e,-15466,53,376,4,0.0001800060272216797,17.0,0,0.85,BENIGN,INFO,lightgbm,HIGH
394136b5f57c6294,-7250,53,456,4,0.05994987487792969,17.0,0,0.85,BENIGN,INFO,lightgbm,HIGH
49cbfb7fce0d2119,-3276,53,891,6,313.4591369628906,17.0,0,0.85,BENIGN,INFO,lightgbm,HIGH
a42f6584f967a01b,-10562,53,456,4,0.00015783309936523438,17.0,0,0.85,BENIGN,INFO,lightgbm,HIGH
a1c612a4c8cf8125,-16285,443,26356,63,182.2267303466797,6.0,0,0.85,BENIGN,INFO,lightgbm,HIGH
70bdbab7e3aeb81a,-5919,53,404,4,0.00014281272888183594,17.0,0,0.85,BENIGN,INFO,lightgbm,HIGH
2bde47333953a550,-797,53,732,4,0.1094670295715332,17.0,0,0.85,BENIGN,INFO,lightgbm,HIGH
b73f70be65b19088,-11703,53,1024,10,635.760009765625,17.0,0,0.85,BENIGN,INFO,lightgbm,HIGH
3c454d97c16de294,-3861,53,388,2,0.10899186134338379,17.0,0,0.85,BENIGN,INFO,lightgbm,HIGH
4fc7650fb698d0fb,-16284,443,5006,16,6.0060319900512695,6.0,0,0.85,BENIGN,INFO,lightgbm,HIGH
e60b3b9d6df644f4,-10618,53,1008,8,638.38232421875,17.0,0,0.85,BENIGN,INFO,lightgbm,HIGH
5ce328ea2cd1412a,-5748,53,522,4,0.023639917373657227,17.0,0,0.85,BENIGN,INFO,lightgbm,HIGH
2a75f1134b20813f,-4199,53,283,2,0.023302078247070312,17.0,0,0.85,BENIGN,INFO,lightgbm,HIGH
f0142b11f7907fb7,-3466,53,396,4,0.00014901161193847656,17.0,0,0.85,BENIGN,INFO,lightgbm,HIGH
d0bcbb6392aee85f,-7174,53,352,4,0.0001430511474609375,17.0,0,0.85,BENIGN,INFO,lightgbm,HIGH
25bf7e326bb4cf8f,-8688,53,376,4,0.00013208389282226562,17.0,0,0.85,BENIGN,INFO,lightgbm,HIGH
9712325d3408cab7,-16283,80,3165,32,116.0490493774414,6.0,4,0.85,DoS_Hulk,HIGH,lightgbm,HIGH
1562aae3a6a01185,-16282,443,11159,22,0.1739201545715332,6.0,0,0.85,BENIGN,INFO,lightgbm,HIGH
77d00c2f26e52074,-6187,53,636,4,0.00018596649169921875,17.0,0,0.85,BENIGN,INFO,lightgbm,HIGH
5c48ecf1df56bc47,-12158,53,512,4,0.08809399604797363,17.0,0,0.85,BENIGN,INFO,lightgbm,HIGH
96c9f506696f2b8f,-5189,53,278,2,0.08769392967224121,17.0,0,0.85,BENIGN,INFO,lightgbm,HIGH
542eab2e5f41d557,-16281,443,396,6,14.336836814880371,6.0,0,0.85,BENIGN,INFO,lightgbm,HIGH
a21cd7c73bb0e638,-16280,443,1529,13,5.80195426940918,6.0,0,0.85,BENIGN,INFO,lightgbm,HIGH
571f93f1959cc863,-8810,53,336,4,0.0478520393371582,17.0,0,0.85,BENIGN,INFO,lightgbm,HIGH
b90beb0f8955ab76,-3332,53,421,4,338.22332763671875,17.0,0,0.85,BENIGN,INFO,lightgbm,HIGH
d524445e357bf0a1,-16279,443,68914,69,1.6700150966644287,6.0,0,0.85,BENIGN,INFO,lightgbm,HIGH
fbb4e777d2aff6c0,-11938,53,336,4,0.00015497207641601562,17.0,0,0.85,BENIGN,INFO,lightgbm,HIGH
fce06c9b38801b93,-16049,53,424,4,0.04787802696228027,17.0,0,0.85,BENIGN,INFO,lightgbm,HIGH
fb52a9ddd17dc91d,-9640,53,340,4,0.023730993270874023,17.0,0,0.85,BENIGN,INFO,lightgbm,HIGH
aaa5da4b995d0e4b,-5188,53,494,4,22.56658935546875,17.0,0,0.85,BENIGN,INFO,lightgbm,HIGH
71eb78aa054778e7,-16278,80,1896,10,0.07054901123046875,6.0,4,0.85,DoS_Hulk,HIGH,lightgbm,HIGH
76c0d9dd6cba6985,-8339,53,340,4,0.00014019012451171875,17.0,0,0.85,BENIGN,INFO,lightgbm,HIGH
f4476291953ed4d4,-4322,53,364,4,0.04751896858215332,17.0,0,0.85,BENIGN,INFO,lightgbm,HIGH
9091e45e256a931d,-4540,53,204,2,0.04717206954956055,17.0,0,0.85,BENIGN,INFO,lightgbm,HIGH
28e1bab73b47953b,-16277,22,13682,78,1.2612791061401367,6.0,11,0.85,SSH-Patator,MEDIUM,lightgbm,HIGH
0f1590891dfd75b8,-9134,53,402,4,0.0001609325408935547,17.0,0,0.85,BENIGN,INFO,lightgbm,HIGH
603210570f48a09c,-16276,443,105589,126,181.45309448242188,6.0,0,0.85,BENIGN,INFO,lightgbm,HIGH
8ead9b622bc64670,-9131,53,332,4,0.0001380443572998047,17.0,0,0.85,BENIGN,INFO,lightgbm,HIGH
e9ca9cceb44755ad,-16060,53,356,4,0.0001399517059326172,17.0,0,0.85,BENIGN,INFO,lightgbm,HIGH
705906af21760fd8,-16275,443,1504,13,5.230434894561768,6.0,0,0.85,BENIGN,INFO,lightgbm,HIGH
d0e5e48d6a2d004a,-5348,53,822,6,1.06141996383667,17.0,0,0.85,BENIGN,INFO,lightgbm,HIGH
a7eca5c95fd0a88a,-5144,53,607,4,23.76719856262207,17.0,0,0.85,BENIGN,INFO,lightgbm,HIGH
e23f4af2104a2d6a,-16274,443,1504,13,5.227982997894287,6.0,0,0.85,BENIGN,INFO,lightgbm,HIGH
b56dff436a1099d4,-16273,80,4512,35,116.27574920654297,6.0,4,0.85,DoS_Hulk,HIGH,lightgbm,HIGH
794174903163bf2a,-16272,80,372,6,5.13057804107666,6.0,4,0.85,DoS_Hulk,HIGH,lightgbm,HIGH
b6d5aea83f97bf7a,-8864,53,458,4,0.00017404556274414062,17.0,0,0.85,BENIGN,INFO,lightgbm,HIGH
2f24ad178c3ccf72,-16271,443,951500,1000,1.1890079975128174,6.0,0,0.85,BENIGN,INFO,lightgbm,HIGH
e84b666a477ee39d,-5433,53,396,4,0.00015783309936523438,17.0,0,0.85,BENIGN,INFO,lightgbm,HIGH
a0b25628d4dd8ca2,-6150,53,420,4,0.00015687942504882812,17.0,0,0.85,BENIGN,INFO,lightgbm,HIGH
583200d0cc619554,-16270,443,7487,37,180.34048461914062,6.0,0,0.85,BENIGN,INFO,lightgbm,HIGH
1fcf768c8caee8ac,-16269,443,5432,18,0.08476805686950684,6.0,0,0.85,BENIGN,INFO,lightgbm,HIGH
478359281f8d3837,-14627,53,612,4,0.00021886825561523438,17.0,0,0.85,BENIGN,INFO,lightgbm,HIGH
4b625248f9f7da3e,-7147,53,804,4,0.06142902374267578,17.0,0,0.85,BENIGN,INFO,lightgbm,HIGH
26c2c7e6b5c8f363,-5012,53,424,2,0.06097888946533203,17.0,0,0.85,BENIGN,INFO,lightgbm,HIGH
815c6389cd3dece9,-6495,53,728,4,0.0011861324310302734,17.0,0,0.85,BENIGN,INFO,lightgbm,HIGH
8121477fe09e061f,-5165,53,386,2,0.0005350112915039062,17.0,0,0.85,BENIGN,INFO,lightgbm,HIGH
f39a0292effae1a3,-16268,443,5725,18,0.14564108848571777,6.0,0,0.85,BENIGN,INFO,lightgbm,HIGH
67049cc662506400,-15602,53,680,4,0.09525418281555176,17.0,0,0.85,BENIGN,INFO,lightgbm,HIGH
9ed1f4b70c34cfc8,-5349,53,587,4,641.6210327148438,17.0,0,0.85,BENIGN,INFO,lightgbm,HIGH
d607f3f321be93e8,-15601,53,714,4,0.15310001373291016,17.0,0,0.85,BENIGN,INFO,lightgbm,HIGH
346239d8ae26434c,-4157,53,379,2,0.1527090072631836,17.0,0,0.85,BENIGN,INFO,lightgbm,HIGH
13b29f07d66f3750,-16267,443,14746,37,62.2115592956543,6.0,0,0.85,BENIGN,INFO,lightgbm,HIGH
faa4fcb7dbb2c9b0,-4236,53,588,4,0.00017404556274414062,17.0,0,0.85,BENIGN,INFO,lightgbm,HIGH
55021f13af1b187e,-5142,53,648,4,0.023751020431518555,17.0,0,0.85,BENIGN,INFO,lightgbm,HIGH
739c45042671a568,-3157,53,566,4,318.8392028808594,17.0,0,0.85,BENIGN,INFO,lightgbm,HIGH
f01036108a94ee38,-8450,53,608,4,0.0002219676971435547,17.0,0,0.85,BENIGN,INFO,lightgbm,HIGH
27c26b57aac43e4c,-9208,53,514,4,0.02408003807067871,17.0,0,0.85,BENIGN,INFO,lightgbm,HIGH
5c4b88bb3e32fc6f,-5363,53,528,4,641.6178588867188,17.0,0,0.85,BENIGN,INFO,lightgbm,HIGH
bb885a088c14ae84,-16266,443,4955,15,6.019712924957275,6.0,0,0.85,BENIGN,INFO,lightgbm,HIGH
31ad6add6bf6c837,-18328,53,444,4,0.0001800060272216797,17.0,0,0.85,BENIGN,INFO,lightgbm,HIGH
5d44907be70f9d90,-25101,53,444,4,0.00014400482177734375,17.0,0,0.85,BENIGN,INFO,lightgbm,HIGH
5f9ec745a30b6c1c,15482,53,328,4,0.00015306472778320312,17.0,0,0.85,BENIGN,INFO,lightgbm,HIGH
3fc08d8dcb9f62cb,27501,53,390,4,0.00024700164794921875,17.0,0,0.85,BENIGN,INFO,lightgbm,HIGH
21c29905e59408c1,-32696,88,886,4,0.0003418922424316406,17.0,0,0.85,BENIGN,INFO,lightgbm,HIGH
888fc654ef87d1fe,22679,53,494,4,0.00014019012451171875,17.0,0,0.85,BENIGN,INFO,lightgbm,HIGH
699a5820ecdbf045,15636,53,444,4,0.00013589859008789062,17.0,0,0.85,BENIGN,INFO,lightgbm,HIGH
c23c3a1ce82ba5fa,22053,53,444,4,0.00012803077697753906,17.0,0,0.85,BENIGN,INFO,lightgbm,HIGH
653af0d32bd9b2b9,-6866,53,328,4,0.000148773193359375,17.0,0,0.85,BENIGN,INFO,lightgbm,HIGH
3094d6604c5fd1c1,6088,53,390,4,0.00023984909057617188,17.0,0,0.85,BENIGN,INFO,lightgbm,HIGH
62aa5d0108c027ac,-11022,88,3472,4,0.000659942626953125,17.0,0,0.85,BENIGN,INFO,lightgbm,HIGH
168a7c2bf1663972,15456,53,494,4,0.00031495094299316406,17.0,0,0.85,BENIGN,INFO,lightgbm,HIGH
0b63518899273b26,9925,53,444,4,0.0001380443572998047,17.0,0,0.85,BENIGN,INFO,lightgbm,HIGH
01d5dcf5bf7e806d,-16479,53,444,4,0.0001289844512939453,17.0,0,0.85,BENIGN,INFO,lightgbm,HIGH
69f024f3a5f7435a,-2949,53,328,4,0.0001430511474609375,17.0,0,0.85,BENIGN,INFO,lightgbm,HIGH
971fe37154e684ef,-28169,53,390,4,0.00018787384033203125,17.0,0,0.85,BENIGN,INFO,lightgbm,HIGH
784b0ee0e6ce3ea5,27061,53,328,4,0.00014281272888183594,17.0,0,0.85,BENIGN,INFO,lightgbm,HIGH
c50040146e81a57f,-16373,53,390,4,0.00018095970153808594,17.0,0,0.85,BENIGN,INFO,lightgbm,HIGH
e8fcdd92bccff1b2,-17619,88,7608,20,0.0012538433074951172,6.0,0,0.85,BENIGN,INFO,lightgbm,HIGH
5643d3061990c58a,-1087,53,494,4,0.00015687942504882812,17.0,0,0.85,BENIGN,INFO,lightgbm,HIGH
21cf84f4f135958c,-12198,53,612,4,0.0491480827331543,17.0,0,0.85,BENIGN,INFO,lightgbm,HIGH
361f8610410b4e58,-3426,53,619,4,11.418724060058594,17.0,0,0.85,BENIGN,INFO,lightgbm,HIGH
843e9f6109f72620,-16265,443,6020,29,60.9510498046875,6.0,0,0.85,BENIGN,INFO,lightgbm,HIGH
232b30555bbc3ec4,-13573,53,612,4,0.0009028911590576172,17.0,0,0.85,BENIGN,INFO,lightgbm,HIGH
cf5ff3a9dd9c646b,-5223,53,656,4,18.46189308166504,17.0,0,0.85,BENIGN,INFO,lightgbm,HIGH
0719f88ea3cc1dfa,-7178,53,1148,8,637.8953247070312,17.0,0,0.85,BENIGN,INFO,lightgbm,HIGH
1fd1969df7e40b8b,-2729,53,498,4,0.00015592575073242188,17.0,0,0.85,BENIGN,INFO,lightgbm,HIGH
740dd53623b6fd14,-16264,80,3217,32,115.5998764038086,6.0,4,0.85,DoS_Hulk,HIGH,lightgbm,HIGH
e625d71e94291467,-6335,22,15986,96,2.025689125061035,6.0,11,0.85,SSH-Patator,MEDIUM,lightgbm,HIGH
c3c5b59652db1693,-6334,22,15202,88,1.2703540325164795,6.0,11,0.85,SSH-Patator,MEDIUM,lightgbm,HIGH
040bb3cdcc2d61f3,32607,53,344,4,0.04794502258300781,17.0,0,0.85,BENIGN,INFO,lightgbm,HIGH
7b9150629212cb25,32674,53,410,4,0.0987710952758789,17.0,0,0.85,BENIGN,INFO,lightgbm,HIGH
8858b5b012163ebb,-3765,53,556,4,465.8655700683594,17.0,0,0.85,BENIGN,INFO,lightgbm,HIGH
5e28321c4816da62,-4620,53,227,2,0.09831714630126953,17.0,0,0.85,BENIGN,INFO,lightgbm,HIGH
53b1e3f39597079b,-4889,443,92431,113,10.006710052490234,6.0,0,0.85,BENIGN,INFO,lightgbm,HIGH
89d31be43b31a245,22754,53,404,4,0.00019598007202148438,17.0,0,0.85,BENIGN,INFO,lightgbm,HIGH
ab78bd5c939b5166,18733,53,502,4,0.0002551078796386719,17.0,0,0.85,BENIGN,INFO,lightgbm,HIGH
dfbb579cfd534b28,-19658,80,40442,126,233.52740478515625,6.0,4,0.85,DoS_Hulk,HIGH,lightgbm,HIGH
3c6149692f3870a3,21735,53,512,4,0.1144249439239502,17.0,0,0.85,BENIGN,INFO,lightgbm,HIGH
52ce260e961c26cb,-16557,53,448,4,0.1343250274658203,17.0,0,0.85,BENIGN,INFO,lightgbm,HIGH
a9d61bbdbfd283aa,-5474,53,278,2,0.1139829158782959,17.0,0,0.85,BENIGN,INFO,lightgbm,HIGH
bce2aa70d8a9e347,-4810,53,636,4,323.46905517578125,17.0,0,0.85,BENIGN,INFO,lightgbm,HIGH
621747d5dc44038c,-24809,53,512,4,0.08441996574401855,17.0,0,0.85,BENIGN,INFO,lightgbm,HIGH
de7bfb8da7e3bd7b,-26547,53,480,4,0.07098603248596191,17.0,0,0.85,BENIGN,INFO,lightgbm,HIGH
79816bf8018abf64,-3584,53,278,2,0.08399796485900879,17.0,0,0.85,BENIGN,INFO,lightgbm,HIGH
8fdd90ac94420cdb,-4899,53,580,4,699.3331909179688,17.0,0,0.85,BENIGN,INFO,lightgbm,HIGH
316e59a0bac124ad,-1366,53,386,4,0.09572720527648926,17.0,0,0.85,BENIGN,INFO,lightgbm,HIGH
b4aa61237aca5942,-2063,53,354,4,0.39148497581481934,17.0,0,0.85,BENIGN,INFO,lightgbm,HIGH
13bd8dbccc99e601,-3853,53,424,4,325.85919189453125,17.0,0,0.85,BENIGN,INFO,lightgbm,HIGH
a8fdca7a5090bba7,-4525,53,248,2,0.390408992767334,17.0,0,0.85,BENIGN,INFO,lightgbm,HIGH
24ebafb68f06d89a,-4327,53,516,4,0.10808205604553223,17.0,0,0.85,BENIGN,INFO,lightgbm,HIGH
5de2579b7df6ee87,14587,53,558,4,0.2600288391113281,17.0,0,0.85,BENIGN,INFO,lightgbm,HIGH
2c7d28731302c0e9,-4225,53,624,4,150.75714111328125,17.0,0,0.85,BENIGN,INFO,lightgbm,HIGH
dd88244a64e8fa2c,-3417,53,1180,8,617.9700317382812,17.0,0,0.85,BENIGN,INFO,lightgbm,HIGH
5e624109a305ee0e,-3214,53,247,2,0.0004489421844482422,17.0,0,0.85,BENIGN,INFO,lightgbm,HIGH
340f31b79f0b668d,-30878,53,516,4,0.11631393432617188,17.0,0,0.85,BENIGN,INFO,lightgbm,HIGH
e526211f05ff34f6,-8984,53,558,4,0.09678792953491211,17.0,0,0.85,BENIGN,INFO,lightgbm,HIGH
8a3e214a3d25a7de,-4581,53,620,4,632.10498046875,17.0,0,0.85,BENIGN,INFO,lightgbm,HIGH
3dccbbb37f7b83f0,-3943,53,301,2,0.09636592864990234,17.0,0,0.85,BENIGN,INFO,lightgbm,HIGH
efab40fb3bc237f1,-1951,53,612,4,0.06218409538269043,17.0,0,0.85,BENIGN,INFO,lightgbm,HIGH
b78d4c921874f611,22474,53,526,4,0.06713104248046875,17.0,0,0.85,BENIGN,INFO,lightgbm,HIGH
68ba967b69c1a186,-5173,53,328,2,0.06176900863647461,17.0,0,0.85,BENIGN,INFO,lightgbm,HIGH
26a93d5c8a83a7c1,-5222,53,670,4,514.0006103515625,17.0,0,0.85,BENIGN,INFO,lightgbm,HIGH
2170a84e6b6f40f3,-24243,443,47706,77,117.89712524414062,6.0,0,0.85,BENIGN,INFO,lightgbm,HIGH
07ff00f9f22ffee1,-4282,53,479,4,697.7027587890625,17.0,0,0.85,BENIGN,INFO,lightgbm,HIGH
5b949547313c8aed,-32230,443,174452,206,77.11094665527344,6.0,0,0.85,BENIGN,INFO,lightgbm,HIGH
5c2811d033a856c4,-9673,443,483341,392,118.82351684570312,6.0,0,0.85,BENIGN,INFO,lightgbm,HIGH
2bf4882cd266e283,-6917,443,18218,52,76.16136932373047,6.0,0,0.85,BENIGN,INFO,lightgbm,HIGH
58161f22ad26b0e3,-6916,443,32040,67,76.9533462524414,6.0,0,0.85,BENIGN,INFO,lightgbm,HIGH
a499154f9ec02eec,-4855,53,512,4,0.00017404556274414062,17.0,0,0.85,BENIGN,INFO,lightgbm,HIGH
345fb38640db5538,-32226,443,274732,271,76.94792938232422,6.0,0,0.85,BENIGN,INFO,lightgbm,HIGH
3060ecaba9cb7c09,-32225,443,55717,98,77.29692077636719,6.0,0,0.85,BENIGN,INFO,lightgbm,HIGH
5de81845a0c06aa9,-32224,443,299913,262,76.94871520996094,6.0,0,0.85,BENIGN,INFO,lightgbm,HIGH
5130f45f0e995a42,-32223,443,325446,311,76.94865417480469,6.0,0,0.85,BENIGN,INFO,lightgbm,HIGH
84ffefe14f713122,-32222,443,49128,90,76.94804382324219,6.0,0,0.85,BENIGN,INFO,lightgbm,HIGH
7ae3047b63ac553f,-3402,53,473,4,447.3609924316406,17.0,0,0.85,BENIGN,INFO,lightgbm,HIGH
3a0c7e3c62eb9e1e,-6740,443,17088,33,9.449441909790039,6.0,0,0.85,BENIGN,INFO,lightgbm,HIGH
d4e7c6c8fff946bc,26440,53,344,4,0.00011014938354492188,17.0,0,0.85,BENIGN,INFO,lightgbm,HIGH
0aa3b4ec2e3500d4,-4876,443,26133,47,8.020429611206055,6.0,0,0.85,BENIGN,INFO,lightgbm,HIGH
f66b45fa1c34df50,11190,53,516,4,0.00019097328186035156,17.0,0,0.85,BENIGN,INFO,lightgbm,HIGH
37982ca0e6735916,-6908,443,30681,63,75.49237060546875,6.0,0,0.85,BENIGN,INFO,lightgbm,HIGH
f5d76340423ed5e1,-6907,443,42233,75,76.37763977050781,6.0,0,0.85,BENIGN,INFO,lightgbm,HIGH
5316063e446fcbe9,-6906,443,62409,85,76.37622833251953,6.0,0,0.85,BENIGN,INFO,lightgbm,HIGH
865dfa0500514623,-6905,443,34640,70,76.37792205810547,6.0,0,0.85,BENIGN,INFO,lightgbm,HIGH
8ae7ef5d3843b77a,-6904,443,32326,57,76.3778305053711,6.0,0,0.85,BENIGN,INFO,lightgbm,HIGH
df1eebbfd7ab2800,18031,53,498,4,0.12170004844665527,17.0,0,0.85,BENIGN,INFO,lightgbm,HIGH
935a0922ba0eef2a,20733,53,466,4,0.09567904472351074,17.0,0,0.85,BENIGN,INFO,lightgbm,HIGH
1111c5cbfccb8499,-5199,53,475,4,2.1537630558013916,17.0,0,0.85,BENIGN,INFO,lightgbm,HIGH
0b676da2fdea5c2f,-3032,53,316,2,0.09436798095703125,17.0,0,0.85,BENIGN,INFO,lightgbm,HIGH
51ed8fdebe5934ec,12708,53,476,4,0.04995107650756836,17.0,0,0.85,BENIGN,INFO,lightgbm,HIGH
215359214bab0fe6,30789,53,472,4,0.048928022384643555,17.0,0,0.85,BENIGN,INFO,lightgbm,HIGH
fdb06e7b47084ab5,-4886,53,260,2,0.049591064453125,17.0,0,0.85,BENIGN,INFO,lightgbm,HIGH
e2197d252e07b3b5,-2989,53,484,4,530.0757446289062,17.0,0,0.85,BENIGN,INFO,lightgbm,HIGH
60dc97d1dbf3b651,-29258,443,6851,21,11.30361557006836,6.0,0,0.85,BENIGN,INFO,lightgbm,HIGH
44d7882ff94f84c3,-4124,53,499,4,11.302889823913574,17.0,0,0.85,BENIGN,INFO,lightgbm,HIGH
19bce1389220313f,-32602,53,516,4,0.00019311904907226562,17.0,0,0.85,BENIGN,INFO,lightgbm,HIGH
c1560d5a09da6852,-6902,443,16891,43,75.4237289428711,6.0,0,0.85,BENIGN,INFO,lightgbm,HIGH
e94accec21448217,-6901,443,7514,23,5.580978870391846,6.0,0,0.85,BENIGN,INFO,lightgbm,HIGH
0f5b3fcdadb483df,-5978,443,23106,51,115.74905395507812,6.0,0,0.85,BENIGN,INFO,lightgbm,HIGH
76806f8028b86489,23076,53,550,4,0.08571410179138184,17.0,0,0.85,BENIGN,INFO,lightgbm,HIGH
dcb14297b85b4968,-12306,53,390,4,0.04770708084106445,17.0,0,0.85,BENIGN,INFO,lightgbm,HIGH
542e8d4dc1069f44,-3811,53,297,2,0.08525919914245605,17.0,0,0.85,BENIGN,INFO,lightgbm,HIGH
e06e3ffc885b5c2d,-4270,53,275,2,0.046601057052612305,17.0,0,0.85,BENIGN,INFO,lightgbm,HIGH
c1445e12b6a3468a,23261,53,394,4,0.023851871490478516,17.0,0,0.85,BENIGN,INFO,lightgbm,HIGH
67a6aacba5584b3f,3418,53,418,4,0.02419114112854004,17.0,0,0.85,BENIGN,INFO,lightgbm,HIGH
ad54dbcd6ed8d796,-3246,53,212,2,0.023494958877563477,17.0,0,0.85,BENIGN,INFO,lightgbm,HIGH
3195d89cbbe4d7d9,-31972,443,25263,75,183.47935485839844,6.0,0,0.85,BENIGN,INFO,lightgbm,HIGH
ee00088767e36877,-3173,53,268,2,0.00044417381286621094,17.0,0,0.85,BENIGN,INFO,lightgbm,HIGH
4df8e16ac74f10e3,-8868,443,40988,74,181.4111785888672,6.0,0,0.85,BENIGN,INFO,lightgbm,HIGH
36bb0b2ba38b9b91,7869,53,512,4,0.22391891479492188,17.0,0,0.85,BENIGN,INFO,lightgbm,HIGH
0dfae3a277cfcf67,4398,53,480,4,0.18014097213745117,17.0,0,0.85,BENIGN,INFO,lightgbm,HIGH
612524a4e4fe2ba7,-3483,53,805,6,324.1593322753906,17.0,0,0.85,BENIGN,INFO,lightgbm,HIGH
55c11ee7e7b3d735,-3707,53,320,2,0.17893290519714355,17.0,0,0.85,BENIGN,INFO,lightgbm,HIGH
04c85033b47665a4,-4710,53,245,2,0.0004899501800537109,17.0,0,0.85,BENIGN,INFO,lightgbm,HIGH
ccfd4cb8b7d52333,-12607,53,432,4,0.09658598899841309,17.0,0,0.85,BENIGN,INFO,lightgbm,HIGH
87554c892d26d5d6,21495,53,400,4,0.1501600742340088,17.0,0,0.85,BENIGN,INFO,lightgbm,HIGH
387c8b4ef39b86c4,-3626,53,523,4,5.985382080078125,17.0,0,0.85,BENIGN,INFO,lightgbm,HIGH
cf1e046fe9ab69d0,-4675,53,576,4,217.8515625,17.0,0,0.85,BENIGN,INFO,lightgbm,HIGH
0462d7a69137bb38,22565,53,410,4,0.13318800926208496,17.0,0,0.85,BENIGN,INFO,lightgbm,HIGH
2219ee95e47e7c84,-8394,53,378,4,0.04805707931518555,17.0,0,0.85,BENIGN,INFO,lightgbm,HIGH
b8452338669f49dd,-4237,53,227,2,0.13283610343933105,17.0,0,0.85,BENIGN,INFO,lightgbm,HIGH
a2635b651c1ab974,-3322,53,489,4,314.27801513671875,17.0,0,0.85,BENIGN,INFO,lightgbm,HIGH
b26771b0373ffffe,21248,53,556,4,0.2030658721923828,17.0,0,0.85,BENIGN,INFO,lightgbm,HIGH
c034df709f238d4c,-17926,53,524,4,0.12044715881347656,17.0,0,0.85,BENIGN,INFO,lightgbm,HIGH
ce00dbced4aa780a,-4023,53,300,2,0.20267605781555176,17.0,0,0.85,BENIGN,INFO,lightgbm,HIGH
0a93345e6044ca4a,-3999,53,342,2,0.11935591697692871,17.0,0,0.85,BENIGN,INFO,lightgbm,HIGH
a390d1646f11e689,17195,53,320,4,0.023762226104736328,17.0,0,0.85,BENIGN,INFO,lightgbm,HIGH
cb2a9f0177e70ab1,1270,53,442,4,0.02415299415588379,17.0,0,0.85,BENIGN,INFO,lightgbm,HIGH
8c0aaa22e8e335b4,-4595,53,182,2,0.02339482307434082,17.0,0,0.85,BENIGN,INFO,lightgbm,HIGH
a3c6f7716672a103,-4082,53,546,4,295.8683166503906,17.0,0,0.85,BENIGN,INFO,lightgbm,HIGH
cdf79468f9c6f605,-32208,443,65844,68,0.4695248603820801,6.0,0,0.85,BENIGN,INFO,lightgbm,HIGH
471a1d4c3fe41e11,-16736,443,31898,64,116.9426498413086,6.0,0,0.85,BENIGN,INFO,lightgbm,HIGH
8703af7c7af7deb0,-18494,443,13944,39,61.28964614868164,6.0,0,0.85,BENIGN,INFO,lightgbm,HIGH
72461f7595242601,-3482,53,281,2,0.0008308887481689453,17.0,0,0.85,BENIGN,INFO,lightgbm,HIGH
19b3d48c40734992,-10979,53,630,4,0.05023479461669922,17.0,0,0.85,BENIGN,INFO,lightgbm,HIGH
8fde3a005dca9549,-17514,53,398,4,0.053874969482421875,17.0,0,0.85,BENIGN,INFO,lightgbm,HIGH
9f48cfa278722abc,-4242,53,639,4,321.4928894042969,17.0,0,0.85,BENIGN,INFO,lightgbm,HIGH
e97c9c3033403324,-5293,53,597,4,184.55015563964844,17.0,0,0.85,BENIGN,INFO,lightgbm,HIGH
a7412cc60999f05f,-5124,53,245,2,0.00048804283142089844,17.0,0,0.85,BENIGN,INFO,lightgbm,HIGH
c317056633b69823,-16279,53,612,4,0.06673789024353027,17.0,0,0.85,BENIGN,INFO,lightgbm,HIGH
8822bbba298b42c5,9433,53,518,4,0.024380922317504883,17.0,0,0.85,BENIGN,INFO,lightgbm,HIGH
e192a76549b3ed29,-5295,53,328,2,0.06631088256835938,17.0,0,0.85,BENIGN,INFO,lightgbm,HIGH
6c724e395491c895,-3316,53,281,2,0.0239870548248291,17.0,0,0.85,BENIGN,INFO,lightgbm,HIGH
0c42993cc2e3eeae,-24420,53,492,4,0.12177515029907227,17.0,0,0.85,BENIGN,INFO,lightgbm,HIGH
98fb68f894c64a49,-6152,53,572,4,0.14135217666625977,17.0,0,0.85,BENIGN,INFO,lightgbm,HIGH
0f0cd37606adf500,-5019,53,268,2,0.12137889862060547,17.0,0,0.85,BENIGN,INFO,lightgbm,HIGH
e366408fd6bc335c,-4381,53,308,2,0.14089393615722656,17.0,0,0.85,BENIGN,INFO,lightgbm,HIGH
1fc0c4595701d446,-16002,443,37411,77,115.82347106933594,6.0,0,0.85,BENIGN,INFO,lightgbm,HIGH
f2e59e09feef51e9,-18562,443,14829,46,115.82984924316406,6.0,0,0.85,BENIGN,INFO,lightgbm,HIGH
4bf553eb0785f209,-32203,443,6643,17,0.37835192680358887,6.0,0,0.85,BENIGN,INFO,lightgbm,HIGH
83782609bfc93b9f,-32202,443,6643,17,0.37476205825805664,6.0,0,0.85,BENIGN,INFO,lightgbm,HIGH
bfd10bda77a3ec35,-32201,443,6643,17,0.3745439052581787,6.0,0,0.85,BENIGN,INFO,lightgbm,HIGH
e8962f9f21dee166,-32200,443,6643,17,0.3789060115814209,6.0,0,0.85,BENIGN,INFO,lightgbm,HIGH
a96da94fc89c551c,-5054,53,267,2,0.0004799365997314453,17.0,0,0.85,BENIGN,INFO,lightgbm,HIGH
39b31c78e2ebd1b6,-22720,443,12270,30,16.657855987548828,6.0,0,0.85,BENIGN,INFO,lightgbm,HIGH
48fc7b2f4c200864,-8563,443,25809,56,115.51017761230469,6.0,0,0.85,BENIGN,INFO,lightgbm,HIGH
8e08d6bbb6313811,-18506,53,418,4,0.1182701587677002,17.0,0,0.85,BENIGN,INFO,lightgbm,HIGH
569d3dc0f0e08647,-27974,53,386,4,0.138077974319458,17.0,0,0.85,BENIGN,INFO,lightgbm,HIGH
7a5f9c25df00a99b,-5170,53,231,2,0.11788082122802734,17.0,0,0.85,BENIGN,INFO,lightgbm,HIGH
25325bc9db434a5c,-4941,53,480,4,457.0218200683594,17.0,0,0.85,BENIGN,INFO,lightgbm,HIGH
61e7aa1d75c86af3,-19588,443,17796,53,116.48141479492188,6.0,0,0.85,BENIGN,INFO,lightgbm,HIGH
93243edb7e0dd45a,-17695,80,30868,66,126.48284149169922,6.0,4,0.85,DoS_Hulk,HIGH,lightgbm,HIGH
d6f963e6e1480edb,-18370,53,396,4,0.00020384788513183594,17.0,0,0.85,BENIGN,INFO,lightgbm,HIGH
a711652b58b30d06,17372,53,420,4,0.000202178955078125,17.0,0,0.85,BENIGN,INFO,lightgbm,HIGH
70c522e873d6d262,-32195,443,31021,55,75.18022918701172,6.0,0,0.85,BENIGN,INFO,lightgbm,HIGH
3c43646f9c76401f,-9638,443,14797,46,115.47440338134766,6.0,0,0.85,BENIGN,INFO,lightgbm,HIGH
02ce591de8ac8a52,-17692,80,412,6,5.292575836181641,6.0,4,0.85,DoS_Hulk,HIGH,lightgbm,HIGH
6f1af1fc2e6bbf3a,-32192,443,55721,80,75.17996978759766,6.0,0,0.85,BENIGN,INFO,lightgbm,HIGH
d9007b26c61a0737,-32191,443,66711,85,75.17378234863281,6.0,0,0.85,BENIGN,INFO,lightgbm,HIGH
77cd8bbb9822a357,-32190,443,30973,53,75.17845153808594,6.0,0,0.85,BENIGN,INFO,lightgbm,HIGH
663e4ecf69a1751b,-32189,443,32106,55,75.17980194091797,6.0,0,0.85,BENIGN,INFO,lightgbm,HIGH
f8ce1772b1bdf67a,-32188,443,31153,57,75.50103759765625,6.0,0,0.85,BENIGN,INFO,lightgbm,HIGH
eba7b666a3612da1,-30031,80,11404,65,218.49261474609375,6.0,4,0.85,DoS_Hulk,HIGH,lightgbm,HIGH
8957b3f0b33617fd,7963,53,652,4,0.07257890701293945,17.0,0,0.85,BENIGN,INFO,lightgbm,HIGH
2266787b1c9a1154,3837,53,396,4,0.07278084754943848,17.0,0,0.85,BENIGN,INFO,lightgbm,HIGH
9136ef2b348ba7f9,-3980,53,348,2,0.07204508781433105,17.0,0,0.85,BENIGN,INFO,lightgbm,HIGH
191cc523a613fc7a,-3165,53,500,4,491.7620849609375,17.0,0,0.85,BENIGN,INFO,lightgbm,HIGH
a6ec236a94e65ba8,18017,53,492,4,0.12160086631774902,17.0,0,0.85,BENIGN,INFO,lightgbm,HIGH
188921d71ea20f48,6343,53,572,4,0.10933089256286621,17.0,0,0.85,BENIGN,INFO,lightgbm,HIGH
063fe330e78b2e25,-3649,53,268,2,0.12117505073547363,17.0,0,0.85,BENIGN,INFO,lightgbm,HIGH
ff8ea75c8cfe963d,-3737,53,530,4,222.69992065429688,17.0,0,0.85,BENIGN,INFO,lightgbm,HIGH
7414cbb32fe0ad26,-14147,53,394,4,0.06221914291381836,17.0,0,0.85,BENIGN,INFO,lightgbm,HIGH
3efdffc84d91f4ba,-8316,53,418,4,0.062445878982543945,17.0,0,0.85,BENIGN,INFO,lightgbm,HIGH
e13f1f8fce978761,-3154,53,587,4,636.8385620117188,17.0,0,0.85,BENIGN,INFO,lightgbm,HIGH
d5e84e7b56e17c59,-3759,53,310,2,0.0009551048278808594,17.0,0,0.85,BENIGN,INFO,lightgbm,HIGH
74a4cc795c167c5c,-30941,443,10252,46,116.40011596679688,6.0,0,0.85,BENIGN,INFO,lightgbm,HIGH
a9b9275e3bcfdbaa,-3307,53,517,4,5.767652988433838,17.0,0,0.85,BENIGN,INFO,lightgbm,HIGH
f6161407d40e9bca,-27010,80,3438,11,0.34369683265686035,6.0,4,0.85,DoS_Hulk,HIGH,lightgbm,HIGH
511f0a7b4759145a,-17379,443,141790,125,181.1451416015625,6.0,0,0.85,BENIGN,INFO,lightgbm,HIGH
a041a958cd4673ed,-17378,443,47808,82,182.14447021484375,6.0,0,0.85,BENIGN,INFO,lightgbm,HIGH
4b36dfc049cb60c8,-17681,80,25747,63,123.14502716064453,6.0,4,0.85,DoS_Hulk,HIGH,lightgbm,HIGH
2820c5678b5fa009,-17680,80,19567,42,58.55653762817383,6.0,4,0.85,DoS_Hulk,HIGH,lightgbm,HIGH
8fe34934559de484,-22701,443,5297,22,15.892593383789062,6.0,0,0.85,BENIGN,INFO,lightgbm,HIGH
9fe406b1090f5578,6106,53,432,4,0.00017309188842773438,17.0,0,0.85,BENIGN,INFO,lightgbm,HIGH
95936fedb39b2aa6,-22700,443,1595,16,5.895113945007324,6.0,0,0.85,BENIGN,INFO,lightgbm,HIGH
9f042375da849b7f,-27003,80,3440,11,0.19942212104797363,6.0,4,0.85,DoS_Hulk,HIGH,lightgbm,HIGH
690d7bc102613604,1085,53,418,4,0.00015091896057128906,17.0,0,0.85,BENIGN,INFO,lightgbm,HIGH
0ee5a33e3ef90348,-27002,80,3506,12,0.8027141094207764,6.0,4,0.85,DoS_Hulk,HIGH,lightgbm,HIGH
d91b31a2c22ed4e4,12911,53,390,4,0.12610793113708496,17.0,0,0.85,BENIGN,INFO,lightgbm,HIGH
46506051ab5f1fb6,-4303,53,543,4,625.459716796875,17.0,0,0.85,BENIGN,INFO,lightgbm,HIGH
5e14dfa954350e69,25487,53,536,4,0.06036520004272461,17.0,0,0.85,BENIGN,INFO,lightgbm,HIGH
40aca588e9b04652,25130,53,504,4,0.0247499942779541,17.0,0,0.85,BENIGN,INFO,lightgbm,HIGH
edcebe38b910337e,-31484,53,1288,8,4.15347957611084,17.0,0,0.85,BENIGN,INFO,lightgbm,HIGH
f46e4e70371bc41f,-5169,53,264,2,0.15149903297424316,17.0,0,0.85,BENIGN,INFO,lightgbm,HIGH
7f5d0ea580595c84,-32094,443,10324,46,115.88720703125,6.0,0,0.85,BENIGN,INFO,lightgbm,HIGH
4a09d51f9d602225,-19566,443,1885,16,5.712723731994629,6.0,0,0.85,BENIGN,INFO,lightgbm,HIGH
d8c5f74b655d1fda,14564,53,556,4,0.00017595291137695312,17.0,0,0.85,BENIGN,INFO,lightgbm,HIGH
0d3c764eafd190fa,-12592,53,514,4,0.11656880378723145,17.0,0,0.85,BENIGN,INFO,lightgbm,HIGH
7b376b8d87ebcf73,-19245,53,482,4,0.16254901885986328,17.0,0,0.85,BENIGN,INFO,lightgbm,HIGH
2042adf715ec76f7,-3600,53,515,4,3.8946621417999268,17.0,0,0.85,BENIGN,INFO,lightgbm,HIGH
29926bda7b844a1f,-4165,53,798,6,622.6761474609375,17.0,0,0.85,BENIGN,INFO,lightgbm,HIGH
03ecd89e77c5dc5f,-3338,53,765,6,311.9800109863281,17.0,0,0.85,BENIGN,INFO,lightgbm,HIGH
6a62ce0049994eb4,-18545,443,15380,31,5.6872968673706055,6.0,0,0.85,BENIGN,INFO,lightgbm,HIGH
240f91f3e9dfe6d2,3830,53,340,4,0.00015401840209960938,17.0,0,0.85,BENIGN,INFO,lightgbm,HIGH
b6710431d8c21654,-31661,53,364,4,0.00018405914306640625,17.0,0,0.85,BENIGN,INFO,lightgbm,HIGH
2e8829c33dab3026,-11826,80,1976,10,0.07236313819885254,6.0,4,0.85,DoS_Hulk,HIGH,lightgbm,HIGH
bcf4dd4c47e8ef44,-11825,80,2116,12,1.5661659240722656,6.0,4,0.85,DoS_Hulk,HIGH,lightgbm,HIGH
21c6b1090eb229a2,1858,53,544,4,0.00022101402282714844,17.0,0,0.85,BENIGN,INFO,lightgbm,HIGH
735555ba65f2ee6b,-14518,53,664,4,0.00026702880859375,17.0,0,0.85,BENIGN,INFO,lightgbm,HIGH
f5f1a98d4b2c35d9,-22033,80,12278,31,48.69511413574219,6.0,4,0.85,DoS_Hulk,HIGH,lightgbm,HIGH
41d1cd5d84eeecde,-22032,80,380,6,5.576133728027344,6.0,4,0.85,DoS_Hulk,HIGH,lightgbm,HIGH
4492030f091c4d16,-32087,443,1885,16,5.578634262084961,6.0,0,0.85,BENIGN,INFO,lightgbm,HIGH
4daff19fb75b2f96,8429,53,536,4,0.0001811981201171875,17.0,0,0.85,BENIGN,INFO,lightgbm,HIGH
fa74d94f07b5408f,-5123,53,266,2,0.0003991127014160156,17.0,0,0.85,BENIGN,INFO,lightgbm,HIGH
60bfcededdc3f7cd,-30781,443,7986,45,115.69905853271484,6.0,0,0.85,BENIGN,INFO,lightgbm,HIGH
cf6eeea9dd8702f4,23383,53,550,4,0.39702391624450684,17.0,0,0.85,BENIGN,INFO,lightgbm,HIGH
ec53683e263d30fa,-31808,53,518,4,0.26462507247924805,17.0,0,0.85,BENIGN,INFO,lightgbm,HIGH
1456ae4da1bf4857,-4259,53,296,2,0.347977876663208,17.0,0,0.85,BENIGN,INFO,lightgbm,HIGH
d0db345f9d77813a,-5393,53,346,2,0.2631099224090576,17.0,0,0.85,BENIGN,INFO,lightgbm,HIGH
2888b09c2437cca6,31692,53,552,4,0.17258596420288086,17.0,0,0.85,BENIGN,INFO,lightgbm,HIGH
a1bf5fce86055711,-24432,53,488,4,0.41835618019104004,17.0,0,0.85,BENIGN,INFO,lightgbm,HIGH
cd0b1b674080e69c,-3015,53,638,4,0.714555025100708,17.0,0,0.85,BENIGN,INFO,lightgbm,HIGH
c077a062eefa5be5,-4872,53,823,6,624.8890991210938,17.0,0,0.85,BENIGN,INFO,lightgbm,HIGH
418d36c2d04f28e5,31618,53,438,4,0.2177891731262207,17.0,0,0.85,BENIGN,INFO,lightgbm,HIGH
2080470c44030fc0,5879,53,406,4,0.16931700706481934,17.0,0,0.85,BENIGN,INFO,lightgbm,HIGH
ca7dc76ae375a589,-4134,53,312,2,0.1696639060974121,17.0,0,0.85,BENIGN,INFO,lightgbm,HIGH
c0f87cc1916196c5,20115,53,454,4,0.04662299156188965,17.0,0,0.85,BENIGN,INFO,lightgbm,HIGH
c977c85b6a685471,-2513,53,422,4,0.048423051834106445,17.0,0,0.85,BENIGN,INFO,lightgbm,HIGH
5fcd3117050c6a0a,-5326,53,249,2,0.04625201225280762,17.0,0,0.85,BENIGN,INFO,lightgbm,HIGH
406241e1fee03ad0,-3775,53,482,4,0.07228398323059082,17.0,0,0.85,BENIGN,INFO,lightgbm,HIGH
af1c9d1261c12b34,-15132,53,530,4,0.07272219657897949,17.0,0,0.85,BENIGN,INFO,lightgbm,HIGH
9588ce90542a7cf2,-3348,53,263,2,0.07191705703735352,17.0,0,0.85,BENIGN,INFO,lightgbm,HIGH
c2acbb9e49142d8c,-4938,53,556,4,7.75982666015625,17.0,0,0.85,BENIGN,INFO,lightgbm,HIGH
b025244078f310c4,32032,53,472,4,0.07059001922607422,17.0,0,0.85,BENIGN,INFO,lightgbm,HIGH
ff16def547ab8199,8892,53,408,4,0.07274389266967773,17.0,0,0.85,BENIGN,INFO,lightgbm,HIGH
dde1b3ba7fe31f29,-3465,53,806,6,0.5966689586639404,17.0,0,0.85,BENIGN,INFO,lightgbm,HIGH
00e00e82431c544d,-4621,53,539,4,431.6394348144531,17.0,0,0.85,BENIGN,INFO,lightgbm,HIGH
759dc4e8744d9ab9,-1779,53,506,4,0.24876999855041504,17.0,0,0.85,BENIGN,INFO,lightgbm,HIGH
54331d3cd0628157,-23760,53,586,4,0.22658109664916992,17.0,0,0.85,BENIGN,INFO,lightgbm,HIGH
dd3909335060df3c,-5243,53,552,4,1.3289790153503418,17.0,0,0.85,BENIGN,INFO,lightgbm,HIGH
c409b70f31617e60,-4219,53,891,6,622.3886108398438,17.0,0,0.85,BENIGN,INFO,lightgbm,HIGH
97f44b2c43aa6a24,29637,53,1234,8,0.7153010368347168,17.0,0,0.85,BENIGN,INFO,lightgbm,HIGH
90299c1cf9ad6aa0,-20445,53,426,4,0.09125900268554688,17.0,0,0.85,BENIGN,INFO,lightgbm,HIGH
38b6c36a989d1454,-3611,53,363,2,0.10758805274963379,17.0,0,0.85,BENIGN,INFO,lightgbm,HIGH
98ebe11f4590f986,-3523,53,317,2,0.09013199806213379,17.0,0,0.85,BENIGN,INFO,lightgbm,HIGH
c6503710e16684db,-4405,53,278,2,0.0005280971527099609,17.0,0,0.85,BENIGN,INFO,lightgbm,HIGH
cdd88a2259608c7f,10976,53,486,4,0.09647798538208008,17.0,0,0.85,BENIGN,INFO,lightgbm,HIGH
135f3c78f3679145,-19058,53,422,4,0.13296008110046387,17.0,0,0.85,BENIGN,INFO,lightgbm,HIGH
e84c08fd2c4fb8fa,-20160,443,8653,36,62.52634048461914,6.0,0,0.85,BENIGN,INFO,lightgbm,HIGH
d337b58009be226b,-4558,53,265,2,0.09610509872436523,17.0,0,0.85,BENIGN,INFO,lightgbm,HIGH
e5d0d136024614a2,-3296,53,315,2,0.1318819522857666,17.0,0,0.85,BENIGN,INFO,lightgbm,HIGH
b20d3d35cee18039,-4457,53,472,4,309.980224609375,17.0,0,0.85,BENIGN,INFO,lightgbm,HIGH
b4eec957fedce5c2,-31492,53,416,4,0.0001938343048095703,17.0,0,0.85,BENIGN,INFO,lightgbm,HIGH
c45da4f8d0514119,15498,53,440,4,0.0001919269561767578,17.0,0,0.85,BENIGN,INFO,lightgbm,HIGH
5f6eb940e379d1be,-29888,443,5953,21,0.23945188522338867,6.0,0,0.85,BENIGN,INFO,lightgbm,HIGH
6e490510362d32e9,-388,53,456,4,0.0010211467742919922,17.0,0,0.85,BENIGN,INFO,lightgbm,HIGH
4a126eb43e2c7e3b,-7887,53,480,4,0.05015921592712402,17.0,0,0.85,BENIGN,INFO,lightgbm,HIGH
1a35ddc7e002666c,-17360,443,5918,24,0.11912012100219727,6.0,0,0.85,BENIGN,INFO,lightgbm,HIGH
4dbddd3d788b0d50,-4424,53,448,4,322.1958923339844,17.0,0,0.85,BENIGN,INFO,lightgbm,HIGH
37c51c41c08293a9,-30707,53,492,4,0.07047605514526367,17.0,0,0.85,BENIGN,INFO,lightgbm,HIGH
1671d36b4a2a9823,-21424,53,460,4,0.07173895835876465,17.0,0,0.85,BENIGN,INFO,lightgbm,HIGH
780b44061667eaaa,-12162,443,15900,42,69.60249328613281,6.0,0,0.85,BENIGN,INFO,lightgbm,HIGH
d95c44c47684404e,-4344,53,268,2,0.0700688362121582,17.0,0,0.85,BENIGN,INFO,lightgbm,HIGH
04ce1c7bdca409d2,-3464,53,664,4,92.6571044921875,17.0,0,0.85,BENIGN,INFO,lightgbm,HIGH
67eaa7bf523a7257,-3362,53,316,2,0.0005278587341308594,17.0,0,0.85,BENIGN,INFO,lightgbm,HIGH
189ecfd578653226,32628,53,636,4,0.5817649364471436,17.0,0,0.85,BENIGN,INFO,lightgbm,HIGH
2ad91ccec40c0a2c,24993,53,772,4,0.40768003463745117,17.0,0,0.85,BENIGN,INFO,lightgbm,HIGH
5b55dde874ea3848,-3619,53,590,4,314.78887939453125,17.0,0,0.85,BENIGN,INFO,lightgbm,HIGH
03e0a8b1a8099c76,-10628,53,672,4,0.24217486381530762,17.0,0,0.85,BENIGN,INFO,lightgbm,HIGH
6bcd3e8ad750e8df,26562,53,640,4,0.4743008613586426,17.0,0,0.85,BENIGN,INFO,lightgbm,HIGH
3974cfbc5d69c8c0,-3892,53,358,2,0.24171710014343262,17.0,0,0.85,BENIGN,INFO,lightgbm,HIGH
5d8fdae2d64fda16,-5145,53,635,4,581.8624877929688,17.0,0,0.85,BENIGN,INFO,lightgbm,HIGH
2a8369c498e0c316,-10637,443,54359,79,62.16786193847656,6.0,0,0.85,BENIGN,INFO,lightgbm,HIGH
6b0181537c65b078,-19560,443,23623,61,115.50423431396484,6.0,0,0.85,BENIGN,INFO,lightgbm,HIGH
afa2e2a2d02a13ab,-3763,53,247,2,0.0004661083221435547,17.0,0,0.85,BENIGN,INFO,lightgbm,HIGH
d87b24f35d91ebe3,-8308,443,23312,78,126.48924255371094,6.0,0,0.85,BENIGN,INFO,lightgbm,HIGH
8906e311730a20aa,-26089,53,1076,4,0.07056379318237305,17.0,0,0.85,BENIGN,INFO,lightgbm,HIGH
6cc5d85a65092bfa,-32428,53,436,4,0.07163095474243164,17.0,0,0.85,BENIGN,INFO,lightgbm,HIGH
c54617c3fec6d920,-3760,53,560,2,0.0699160099029541,17.0,0,0.85,BENIGN,INFO,lightgbm,HIGH
e955a0873cf4343a,-4326,53,302,2,0.07044792175292969,17.0,0,0.85,BENIGN,INFO,lightgbm,HIGH
fd5f5f178ae2fd51,-30773,443,3946,42,115.47237396240234,6.0,0,0.85,BENIGN,INFO,lightgbm,HIGH
c618c592a98be18c,-3939,53,245,2,0.0006048679351806641,17.0,0,0.85,BENIGN,INFO,lightgbm,HIGH
842661e9714c7c80,-3702,53,664,6,227.12257385253906,17.0,0,0.85,BENIGN,INFO,lightgbm,HIGH
45927bea5f42ed69,-3279,53,611,4,1.1119358539581299,17.0,0,0.85,BENIGN,INFO,lightgbm,HIGH
0325a13b6c03fe94,-27244,53,442,4,0.14954495429992676,17.0,0,0.85,BENIGN,INFO,lightgbm,HIGH
3569e391de4bede6,-30029,53,466,4,0.13168001174926758,17.0,0,0.85,BENIGN,INFO,lightgbm,HIGH
b0d0911f18dbf2b3,-27623,443,7221,32,61.108707427978516,6.0,0,0.85,BENIGN,INFO,lightgbm,HIGH
0617a655291140f0,-3785,53,519,4,217.4119415283203,17.0,0,0.85,BENIGN,INFO,lightgbm,HIGH
7d458d7e0f458616,-5385,53,551,4,2.437558889389038,17.0,0,0.85,BENIGN,INFO,lightgbm,HIGH
3344fe140281429b,-8788,53,612,4,0.06728100776672363,17.0,0,0.85,BENIGN,INFO,lightgbm,HIGH
9a870113afe5a495,-32496,53,518,4,0.024200916290283203,17.0,0,0.85,BENIGN,INFO,lightgbm,HIGH
593442daef83cbb1,-5191,53,328,2,0.0668489933013916,17.0,0,0.85,BENIGN,INFO,lightgbm,HIGH
79bb6d3d0e774000,-3012,53,549,4,1.5829310417175293,17.0,0,0.85,BENIGN,INFO,lightgbm,HIGH
eed2278c398816e6,-3846,53,472,4,623.7268676757812,17.0,0,0.85,BENIGN,INFO,lightgbm,HIGH
f472dafac7bc62ec,16445,53,476,4,0.1221470832824707,17.0,0,0.85,BENIGN,INFO,lightgbm,HIGH
140c0e3c2e2d6a09,15840,53,872,8,2.15494704246521,17.0,0,0.85,BENIGN,INFO,lightgbm,HIGH
2c1aba3e84aa5c37,-4093,53,260,2,0.12178993225097656,17.0,0,0.85,BENIGN,INFO,lightgbm,HIGH
9b8902ae901a4658,-25596,443,8226,24,0.7198431491851807,6.0,0,0.85,BENIGN,INFO,lightgbm,HIGH
e0bab22214f2b03e,-17521,443,7180,21,15.265835762023926,6.0,0,0.85,BENIGN,INFO,lightgbm,HIGH
42670b442feefec5,-3519,53,256,2,0.0008368492126464844,17.0,0,0.85,BENIGN,INFO,lightgbm,HIGH
e40f45951a44e402,21689,53,514,4,0.0001900196075439453,17.0,0,0.85,BENIGN,INFO,lightgbm,HIGH
9a9dcbc40812157a,17751,53,390,4,0.06543111801147461,17.0,0,0.85,BENIGN,INFO,lightgbm,HIGH
076abab43013f5a5,-19437,53,484,4,0.23344707489013672,17.0,0,0.85,BENIGN,INFO,lightgbm,HIGH
71b0688d4edff3bc,-3074,53,500,4,428.01727294921875,17.0,0,0.85,BENIGN,INFO,lightgbm,HIGH
a99b79f60e7dfcdd,-4937,53,264,2,0.23305511474609375,17.0,0,0.85,BENIGN,INFO,lightgbm,HIGH
fa471f5099d8ba15,-24507,443,39990,66,115.35358428955078,6.0,0,0.85,BENIGN,INFO,lightgbm,HIGH
2dda23021aaee4da,16883,53,430,4,0.0009160041809082031,17.0,0,0.85,BENIGN,INFO,lightgbm,HIGH
9a6a0c2680e44269,-20047,53,454,4,0.0011298656463623047,17.0,0,0.85,BENIGN,INFO,lightgbm,HIGH
a71c9fc7f93a110e,-8119,443,16357,47,115.3375244140625,6.0,0,0.85,BENIGN,INFO,lightgbm,HIGH
117dd603695c3f0c,-3028,53,498,4,321.9992370605469,17.0,0,0.85,BENIGN,INFO,lightgbm,HIGH
175e3a2157cb5f98,-22711,443,12266,50,117.3350830078125,6.0,0,0.85,BENIGN,INFO,lightgbm,HIGH
068897a92c531b49,-5388,53,247,2,0.0005140304565429688,17.0,0,0.85,BENIGN,INFO,lightgbm,HIGH
9f9905e253004ddb,-12151,443,10443,33,64.775634765625,6.0,0,0.85,BENIGN,INFO,lightgbm,HIGH
c77c194ed29cccf1,-1269,53,472,4,0.0001919269561767578,17.0,0,0.85,BENIGN,INFO,lightgbm,HIGH
055e04e58a747732,-5459,443,8504,40,181.35231018066406,6.0,0,0.85,BENIGN,INFO,lightgbm,HIGH
f51998f5dcd8f2f1,-5122,53,204,2,0.04845905303955078,17.0,0,0.85,BENIGN,INFO,lightgbm,HIGH
b5d6d96e97774306,-11566,443,24626,59,116.2751693725586,6.0,0,0.85,BENIGN,INFO,lightgbm,HIGH
2caf5e4059cefbbc,-31562,53,598,4,0.12059593200683594,17.0,0,0.85,BENIGN,INFO,lightgbm,HIGH
76c52fa58bcf94b7,13842,53,962,8,0.8883669376373291,17.0,0,0.85,BENIGN,INFO,lightgbm,HIGH
df8d61b1224d1d53,-3714,53,321,2,0.12013411521911621,17.0,0,0.85,BENIGN,INFO,lightgbm,HIGH
5fcf9ab9cc481166,-4185,53,270,2,0.04671597480773926,17.0,0,0.85,BENIGN,INFO,lightgbm,HIGH
de77068e6cd43d57,11767,53,438,4,0.00020623207092285156,17.0,0,0.85,BENIGN,INFO,lightgbm,HIGH
a1550a1015f1f00c,-25588,443,2492,19,0.9904727935791016,6.0,0,0.85,BENIGN,INFO,lightgbm,HIGH
db2edb90287715e8,-4256,53,263,2,0.0005018711090087891,17.0,0,0.85,BENIGN,INFO,lightgbm,HIGH
7ff47a7a5ba37d45,-32038,443,9095,27,10.724431991577148,6.0,0,0.85,BENIGN,INFO,lightgbm,HIGH
f7ebdd7b3757b03e,-3695,53,632,4,623.119140625,17.0,0,0.85,BENIGN,INFO,lightgbm,HIGH
14a22c06203016d6,-13104,53,482,4,0.07078790664672852,17.0,0,0.85,BENIGN,INFO,lightgbm,HIGH
e4235ef49ada601f,-7003,53,354,4,0.04837799072265625,17.0,0,0.85,BENIGN,INFO,lightgbm,HIGH
adb67ef4f33f7b22,-4169,53,263,2,0.07039093971252441,17.0,0,0.85,BENIGN,INFO,lightgbm,HIGH
1e41c946c5a7100a,-4164,53,498,4,301.5989074707031,17.0,0,0.85,BENIGN,INFO,lightgbm,HIGH
25d30b4e6f39c273,-15735,443,11289,47,116.27564239501953,6.0,0,0.85,BENIGN,INFO,lightgbm,HIGH
b4170ae11f2b54d6,-24498,443,30962,60,115.20621490478516,6.0,0,0.85,BENIGN,INFO,lightgbm,HIGH
6ba330c574a0b366,-4605,53,573,4,0.6207690238952637,17.0,0,0.85,BENIGN,INFO,lightgbm,HIGH
8d99217f21c89f5c,10259,53,506,4,0.0001800060272216797,17.0,0,0.85,BENIGN,INFO,lightgbm,HIGH
6cd8cb2c5e332778,-24497,443,23527,53,115.15071105957031,6.0,0,0.85,BENIGN,INFO,lightgbm,HIGH
de9ada62b16a8d4b,14856,53,504,4,0.05101895332336426,17.0,0,0.85,BENIGN,INFO,lightgbm,HIGH
4a056421e11eb7f3,12514,53,432,4,0.0504000186920166,17.0,0,0.85,BENIGN,INFO,lightgbm,HIGH
2e342f22fe1cacc2,-4870,53,274,2,0.05060386657714844,17.0,0,0.85,BENIGN,INFO,lightgbm,HIGH
5228784989348f34,-3298,53,619,4,319.722900390625,17.0,0,0.85,BENIGN,INFO,lightgbm,HIGH
867240cf96a4f023,13370,53,484,4,0.08371996879577637,17.0,0,0.85,BENIGN,INFO,lightgbm,HIGH
e7307c17e5bc2005,14382,53,420,4,0.0960230827331543,17.0,0,0.85,BENIGN,INFO,lightgbm,HIGH
9cb3b6523ce02263,-3646,53,1072,6,310.2264709472656,17.0,0,0.85,BENIGN,INFO,lightgbm,HIGH
cf7696f16650da4d,-4022,53,314,2,0.09491395950317383,17.0,0,0.85,BENIGN,INFO,lightgbm,HIGH
3d069e32fc8c3691,-23596,443,107709,124,69.52599334716797,6.0,0,0.85,BENIGN,INFO,lightgbm,HIGH
8c6eabc3d3f763db,-29214,443,10472,88,360.1318054199219,6.0,0,0.85,BENIGN,INFO,lightgbm,HIGH
fcc025d8bef817a4,-18514,443,8745,23,5.959924697875977,6.0,0,0.85,BENIGN,INFO,lightgbm,HIGH
cbfc170377be3f5c,-14939,53,328,4,0.0008649826049804688,17.0,0,0.85,BENIGN,INFO,lightgbm,HIGH
b388d28e8223c12d,1387,53,352,4,0.049484968185424805,17.0,0,0.85,BENIGN,INFO,lightgbm,HIGH
10c280f6ef800b86,-3223,53,186,2,0.0005249977111816406,17.0,0,0.85,BENIGN,INFO,lightgbm,HIGH
767f16cc989114d1,-3810,53,198,2,0.04912710189819336,17.0,0,0.85,BENIGN,INFO,lightgbm,HIGH
f78059cc3f807a9f,7933,53,390,4,0.00017189979553222656,17.0,0,0.85,BENIGN,INFO,lightgbm,HIGH
8651a2d8751ba121,6362,53,484,4,0.00023484230041503906,17.0,0,0.85,BENIGN,INFO,lightgbm,HIGH
293f8d079a225c54,-20180,443,8360,41,116.1214599609375,6.0,0,0.85,BENIGN,INFO,lightgbm,HIGH
026ca8cf78862dd6,28348,53,404,4,0.0001430511474609375,17.0,0,0.85,BENIGN,INFO,lightgbm,HIGH
842074d63b50b98b,-19567,80,19013,82,229.08596801757812,6.0,4,0.85,DoS_Hulk,HIGH,lightgbm,HIGH
bfc7f7cb92b324ab,-8201,443,16091,51,117.08512115478516,6.0,0,0.85,BENIGN,INFO,lightgbm,HIGH
64e1373079f45c34,-15323,53,728,4,0.04696917533874512,17.0,0,0.85,BENIGN,INFO,lightgbm,HIGH
7cff942c8519bd53,-2165,53,504,4,0.0970160961151123,17.0,0,0.85,BENIGN,INFO,lightgbm,HIGH
671021327b7493f7,-3587,53,616,4,3.2397100925445557,17.0,0,0.85,BENIGN,INFO,lightgbm,HIGH
6488ed5566d0948d,-3439,53,718,6,318.3965759277344,17.0,0,0.85,BENIGN,INFO,lightgbm,HIGH
914f1d604f9ccb4d,-4833,53,334,2,0.0004711151123046875,17.0,0,0.85,BENIGN,INFO,lightgbm,HIGH
679a56a94757361e,-32163,443,13902,42,61.16089630126953,6.0,0,0.85,BENIGN,INFO,lightgbm,HIGH
6d69147903f6e1bd,-7589,443,19156,55,117.01433563232422,6.0,0,0.85,BENIGN,INFO,lightgbm,HIGH
14642189205add67,-7529,53,390,4,0.0001690387725830078,17.0,0,0.85,BENIGN,INFO,lightgbm,HIGH
e41196381935db50,-18508,443,1351,16,5.827666282653809,6.0,0,0.85,BENIGN,INFO,lightgbm,HIGH
68cbba1cdf9b8453,-3294,53,356,2,0.0005941390991210938,17.0,0,0.85,BENIGN,INFO,lightgbm,HIGH
1a4d12ad65af720c,-10002,443,8889,35,61.21332550048828,6.0,0,0.85,BENIGN,INFO,lightgbm,HIGH
a7f7875c1969320a,21265,53,598,4,0.0002110004425048828,17.0,0,0.85,BENIGN,INFO,lightgbm,HIGH
314c188cd971aba0,-29808,443,99958,132,69.56562805175781,6.0,0,0.85,BENIGN,INFO,lightgbm,HIGH
a19e64d566f61fae,-29807,443,101387,133,69.56686401367188,6.0,0,0.85,BENIGN,INFO,lightgbm,HIGH
935c7be8d1a4de00,-29806,443,101251,137,69.56727600097656,6.0,0,0.85,BENIGN,INFO,lightgbm,HIGH
ef10730a30c60023,-29805,443,101173,132,69.56585693359375,6.0,0,0.85,BENIGN,INFO,lightgbm,HIGH
64d7cbaa346d85b8,-29804,443,99196,134,69.56520080566406,6.0,0,0.85,BENIGN,INFO,lightgbm,HIGH
17f753e6e5345b08,-30271,443,8922,43,115.90861511230469,6.0,0,0.85,BENIGN,INFO,lightgbm,HIGH
f55384b36f9ee9a6,-30745,53,492,4,0.06121492385864258,17.0,0,0.85,BENIGN,INFO,lightgbm,HIGH
c42291dbdb32860d,10427,53,572,4,0.06680417060852051,17.0,0,0.85,BENIGN,INFO,lightgbm,HIGH
e7daa946543f82b3,-3555,53,554,4,559.4380493164062,17.0,0,0.85,BENIGN,INFO,lightgbm,HIGH
c47a06285e3e9ec1,-4407,53,504,4,318.2353820800781,17.0,0,0.85,BENIGN,INFO,lightgbm,HIGH
022b9fb9d272e055,22059,53,568,4,0.06113910675048828,17.0,0,0.85,BENIGN,INFO,lightgbm,HIGH
43933baf8b8c4111,-20026,53,486,4,0.023905038833618164,17.0,0,0.85,BENIGN,INFO,lightgbm,HIGH
ae7d91aba715778c,-3802,53,265,2,0.023547887802124023,17.0,0,0.85,BENIGN,INFO,lightgbm,HIGH
618a6d7a55cd0077,-28731,443,4973,19,5.772566795349121,6.0,0,0.85,BENIGN,INFO,lightgbm,HIGH
fdf3c6371cde999e,-26312,443,7622,23,4.835937976837158,6.0,0,0.85,BENIGN,INFO,lightgbm,HIGH
b953b767cb7cd568,-17626,80,15946,41,91.73018646240234,6.0,4,0.85,DoS_Hulk,HIGH,lightgbm,HIGH
25b878c46848893a,-17625,80,412,6,5.6356520652771,6.0,4,0.85,DoS_Hulk,HIGH,lightgbm,HIGH
aa82b0e0a4af13d6,-16879,53,324,4,0.0009200572967529297,17.0,0,0.85,BENIGN,INFO,lightgbm,HIGH
5701091f90fa8bb3,23612,53,348,4,0.05064892768859863,17.0,0,0.85,BENIGN,INFO,lightgbm,HIGH
e25231121dbbb7e1,-4928,53,184,2,0.0005800724029541016,17.0,0,0.85,BENIGN,INFO,lightgbm,HIGH
e84e0a06d6e40f25,-3480,53,196,2,0.050273895263671875,17.0,0,0.85,BENIGN,INFO,lightgbm,HIGH
e6c31e879ebbc2a9,7900,53,690,4,0.04794597625732422,17.0,0,0.85,BENIGN,INFO,lightgbm,HIGH
d2ab68bb5c7932c8,20074,53,434,4,0.0972588062286377,17.0,0,0.85,BENIGN,INFO,lightgbm,HIGH
8d1008a70786bdcc,-5162,53,367,2,0.04745912551879883,17.0,0,0.85,BENIGN,INFO,lightgbm,HIGH
86f91a59d371021e,-3099,53,533,4,429.488037109375,17.0,0,0.85,BENIGN,INFO,lightgbm,HIGH
94e94f36dd85fa03,-26950,80,3372,10,0.10081887245178223,6.0,4,0.85,DoS_Hulk,HIGH,lightgbm,HIGH
0dab0278c6532fd5,-26949,80,3506,12,0.8126320838928223,6.0,4,0.85,DoS_Hulk,HIGH,lightgbm,HIGH
b22cdb845edf46e7,24306,53,642,4,0.09707021713256836,17.0,0,0.85,BENIGN,INFO,lightgbm,HIGH
a09b4d36dad44519,26195,53,514,4,0.11997509002685547,17.0,0,0.85,BENIGN,INFO,lightgbm,HIGH
b4331d85d92aff9e,-3711,53,343,2,0.09656882286071777,17.0,0,0.85,BENIGN,INFO,lightgbm,HIGH
1704f8692c99767b,-4196,53,337,2,0.11881899833679199,17.0,0,0.85,BENIGN,INFO,lightgbm,HIGH
32616369d6a0ece2,4363,53,336,4,0.0238800048828125,17.0,0,0.85,BENIGN,INFO,lightgbm,HIGH
ea45167698899877,29178,53,434,4,0.04829907417297363,17.0,0,0.85,BENIGN,INFO,lightgbm,HIGH
a46c043c029061a5,-5185,53,190,2,0.023486852645874023,17.0,0,0.85,BENIGN,INFO,lightgbm,HIGH
d19c69426ece9cf4,-4052,53,239,2,0.04786992073059082,17.0,0,0.85,BENIGN,INFO,lightgbm,HIGH
a8bd877e0544faf4,-19751,443,12894,46,116.64875030517578,6.0,0,0.85,BENIGN,INFO,lightgbm,HIGH
51fdab1b54125757,-8448,53,654,4,0.04676699638366699,17.0,0,0.85,BENIGN,INFO,lightgbm,HIGH
6a8e26c188acd84b,-23191,53,398,4,0.09576797485351562,17.0,0,0.85,BENIGN,INFO,lightgbm,HIGH
4d7cc9a479ec5038,-5003,53,569,4,693.5478515625,17.0,0,0.85,BENIGN,INFO,lightgbm,HIGH
7400c6fe74bc3127,-3777,53,303,2,0.09458303451538086,17.0,0,0.85,BENIGN,INFO,lightgbm,HIGH
42c3595c317d7124,-14677,53,398,4,0.05094289779663086,17.0,0,0.85,BENIGN,INFO,lightgbm,HIGH
1ebf1a34a931c442,-1730,53,366,4,0.05189394950866699,17.0,0,0.85,BENIGN,INFO,lightgbm,HIGH
180c37f322e88188,-4649,53,221,2,0.05060410499572754,17.0,0,0.85,BENIGN,INFO,lightgbm,HIGH
4cd44990c40145b9,-4893,53,451,4,313.6756286621094,17.0,0,0.85,BENIGN,INFO,lightgbm,HIGH
3aaa97a2feb95218,30611,53,514,4,0.20853018760681152,17.0,0,0.85,BENIGN,INFO,lightgbm,HIGH
4af383efd653fb0d,-13243,53,482,4,0.17064714431762695,17.0,0,0.85,BENIGN,INFO,lightgbm,HIGH
6504274b0b94ba4b,-5004,53,557,4,309.88018798828125,17.0,0,0.85,BENIGN,INFO,lightgbm,HIGH
44a0adef69475b71,-4202,53,324,2,0.16949081420898438,17.0,0,0.85,BENIGN,INFO,lightgbm,HIGH
e803ac1bf64bc160,-12235,53,844,4,0.11713194847106934,17.0,0,0.85,BENIGN,INFO,lightgbm,HIGH
f683fbc566be91cf,21694,53,588,4,0.1909470558166504,17.0,0,0.85,BENIGN,INFO,lightgbm,HIGH
4d7e4d79cd634fb6,-5433,53,636,4,316.98486328125,17.0,0,0.85,BENIGN,INFO,lightgbm,HIGH
7b66a76d82283683,-3776,53,635,4,1.1235640048980713,17.0,0,0.85,BENIGN,INFO,lightgbm,HIGH
f93c8010e4294a32,28097,53,600,4,0.06749105453491211,17.0,0,0.85,BENIGN,INFO,lightgbm,HIGH
b950e524f983acdf,28834,53,506,4,0.04805803298950195,17.0,0,0.85,BENIGN,INFO,lightgbm,HIGH
547e804b6833fa7e,-3186,53,322,2,0.06705617904663086,17.0,0,0.85,BENIGN,INFO,lightgbm,HIGH
5d8c47d35cc84678,-3116,53,537,4,6.348952293395996,17.0,0,0.85,BENIGN,INFO,lightgbm,HIGH
d9119b5e6ddfa2be,16818,53,368,4,0.024817943572998047,17.0,0,0.85,BENIGN,INFO,lightgbm,HIGH
4d0fe9cddf6c0586,-5450,53,206,2,0.024466991424560547,17.0,0,0.85,BENIGN,INFO,lightgbm,HIGH
5adb2f5bf617f835,-11395,443,7940,23,7.961061000823975,6.0,0,0.85,BENIGN,INFO,lightgbm,HIGH
cc8c7b55d1536d27,-3830,53,308,2,0.0005490779876708984,17.0,0,0.85,BENIGN,INFO,lightgbm,HIGH
722b8c60842b0420,-16384,443,10584,31,60.77359390258789,6.0,0,0.85,BENIGN,INFO,lightgbm,HIGH
28d8f23e87a914d0,18225,53,484,4,0.00013899803161621094,17.0,0,0.85,BENIGN,INFO,lightgbm,HIGH
8f04b9dfe987ff36,-4655,53,484,4,486.46722412109375,17.0,0,0.85,BENIGN,INFO,lightgbm,HIGH
a131468e4f242948,-14725,443,8795,34,61.198646545410156,6.0,0,0.85,BENIGN,INFO,lightgbm,HIGH
54c9fef26304c7f5,-14724,443,8878,34,61.199581146240234,6.0,0,0.85,BENIGN,INFO,lightgbm,HIGH
c4cc934e3a5947b0,-14723,443,7768,32,61.19984817504883,6.0,0,0.85,BENIGN,INFO,lightgbm,HIGH
ed331caa25317eed,-14722,443,8594,33,61.198699951171875,6.0,0,0.85,BENIGN,INFO,lightgbm,HIGH
081a75105290b974,-14721,443,9166,35,61.198612213134766,6.0,0,0.85,BENIGN,INFO,lightgbm,HIGH
a87ed201b04708fe,-24123,443,23488,66,126.59083557128906,6.0,0,0.85,BENIGN,INFO,lightgbm,HIGH
b73140e7d5c92721,-7372,80,21430,65,122.55290985107422,6.0,4,0.85,DoS_Hulk,HIGH,lightgbm,HIGH
6d49c35e3d13b77d,-23925,443,8451,34,61.10060119628906,6.0,0,0.85,BENIGN,INFO,lightgbm,HIGH
434547ead91950ac,30252,53,336,4,0.024242162704467773,17.0,0,0.85,BENIGN,INFO,lightgbm,HIGH
ca34002e4e35bb14,-29953,53,456,4,0.06179404258728027,17.0,0,0.85,BENIGN,INFO,lightgbm,HIGH
c48a618ebb7e2934,-3828,53,190,2,0.02390599250793457,17.0,0,0.85,BENIGN,INFO,lightgbm,HIGH
84118bd69fffc0cb,-3615,53,537,4,8.014395713806152,17.0,0,0.85,BENIGN,INFO,lightgbm,HIGH
4d45fa2120a78ee5,-23783,443,8809,44,115.52076721191406,6.0,0,0.85,BENIGN,INFO,lightgbm,HIGH
d65a3f360e2aba32,-4759,53,321,2,0.04789400100708008,17.0,0,0.85,BENIGN,INFO,lightgbm,HIGH
814b8c45e11cefcc,-7890,53,534,4,0.10729694366455078,17.0,0,0.85,BENIGN,INFO,lightgbm,HIGH
9452e4c1482c8b77,29650,53,502,4,0.07180285453796387,17.0,0,0.85,BENIGN,INFO,lightgbm,HIGH
c05a86f06f173ec2,-3575,53,289,2,0.10689210891723633,17.0,0,0.85,BENIGN,INFO,lightgbm,HIGH
1aca07895ea0aa46,-3529,53,331,2,0.07068085670471191,17.0,0,0.85,BENIGN,INFO,lightgbm,HIGH
c44e99d61d82745e,-18905,443,8810,48,116.4773178100586,6.0,0,0.85,BENIGN,INFO,lightgbm,HIGH
0939ad4fd586e6ee,-4252,53,610,4,309.6815185546875,17.0,0,0.85,BENIGN,INFO,lightgbm,HIGH
f03727da597d8eba,3495,53,616,4,0.04722285270690918,17.0,0,0.85,BENIGN,INFO,lightgbm,HIGH
99897cc0d2a60460,-21750,53,360,4,0.04820084571838379,17.0,0,0.85,BENIGN,INFO,lightgbm,HIGH
9434b234e8b4f2ab,-4502,53,540,4,146.0834197998047,17.0,0,0.85,BENIGN,INFO,lightgbm,HIGH
f6b01e84b68194b6,-3314,53,279,2,0.04708099365234375,17.0,0,0.85,BENIGN,INFO,lightgbm,HIGH
f52629e9b15f73aa,-24570,443,7607,33,61.548404693603516,6.0,0,0.85,BENIGN,INFO,lightgbm,HIGH
3a4bfcc30e200ab7,-25350,53,404,4,0.050047874450683594,17.0,0,0.85,BENIGN,INFO,lightgbm,HIGH
ecce3010c153fdd0,-3585,53,580,4,388.2936096191406,17.0,0,0.85,BENIGN,INFO,lightgbm,HIGH
1a598fb6645f8871,-3083,53,548,4,319.5846252441406,17.0,0,0.85,BENIGN,INFO,lightgbm,HIGH
01491128ec47c1d0,-16714,443,9411,45,115.41813659667969,6.0,0,0.85,BENIGN,INFO,lightgbm,HIGH
1966f2cd1771a55f,-4848,53,247,2,0.0005259513854980469,17.0,0,0.85,BENIGN,INFO,lightgbm,HIGH
079d4719735e25b5,-3905,53,859,6,309.9730224609375,17.0,0,0.85,BENIGN,INFO,lightgbm,HIGH
67784ae367c55928,-28677,443,110873,139,70.98859405517578,6.0,0,0.85,BENIGN,INFO,lightgbm,HIGH
36fa59b21292c74b,-30508,443,10067,25,12.65870189666748,6.0,0,0.85,BENIGN,INFO,lightgbm,HIGH
118e19d2d3426f4a,-11242,53,520,4,0.07118916511535645,17.0,0,0.85,BENIGN,INFO,lightgbm,HIGH
d9b11a1ebd4de07d,-30038,53,392,4,0.07296013832092285,17.0,0,0.85,BENIGN,INFO,lightgbm,HIGH
31737cae7284155a,-3030,53,563,4,75.23465728759766,17.0,0,0.85,BENIGN,INFO,lightgbm,HIGH
ff4259509f6f02e9,-3933,53,626,4,626.6875,17.0,0,0.85,BENIGN,INFO,lightgbm,HIGH
0d35be553e3f352e,-9440,443,18543,49,118.3720932006836,6.0,0,0.85,BENIGN,INFO,lightgbm,HIGH
6133a9a201c047f7,11597,53,636,4,0.04667997360229492,17.0,0,0.85,BENIGN,INFO,lightgbm,HIGH
f5ada56f69094594,12848,53,444,4,0.12679386138916016,17.0,0,0.85,BENIGN,INFO,lightgbm,HIGH
3598328012683f62,-3001,53,307,2,0.1256728172302246,17.0,0,0.85,BENIGN,INFO,lightgbm,HIGH
1cddb916e1085e5b,14025,53,472,4,0.060376882553100586,17.0,0,0.85,BENIGN,INFO,lightgbm,HIGH
87ade9d9fb66e27a,-6644,53,436,4,0.061337947845458984,17.0,0,0.85,BENIGN,INFO,lightgbm,HIGH
52bd946e1a1d80e8,-4112,53,258,2,0.05999183654785156,17.0,0,0.85,BENIGN,INFO,lightgbm,HIGH
c7b9ad305fe0ac3d,-4245,53,240,2,0.06095409393310547,17.0,0,0.85,BENIGN,INFO,lightgbm,HIGH
92cca3e9151f6f5c,-2906,53,530,4,0.08930492401123047,17.0,0,0.85,BENIGN,INFO,lightgbm,HIGH
db62328c03ab46f6,15074,53,434,4,0.13116002082824707,17.0,0,0.85,BENIGN,INFO,lightgbm,HIGH
ac3de1b4bcfa8c6c,-3239,53,990,6,418.11602783203125,17.0,0,0.85,BENIGN,INFO,lightgbm,HIGH
1818cc0cc97adfd7,-4958,53,302,2,0.13008403778076172,17.0,0,0.85,BENIGN,INFO,lightgbm,HIGH
fcd1de72baf9fe69,-12320,53,446,4,0.09535598754882812,17.0,0,0.85,BENIGN,INFO,lightgbm,HIGH
c9a7f3573d04202c,15387,53,414,4,0.1423189640045166,17.0,0,0.85,BENIGN,INFO,lightgbm,HIGH
7606b12e9d9b1d26,-5119,53,245,2,0.09497594833374023,17.0,0,0.85,BENIGN,INFO,lightgbm,HIGH
c2f4b8d281371831,-15282,53,510,4,0.04781603813171387,17.0,0,0.85,BENIGN,INFO,lightgbm,HIGH
4b729db6af9ad793,-6130,53,382,4,0.07321691513061523,17.0,0,0.85,BENIGN,INFO,lightgbm,HIGH
f8dcef8442278f33,-4725,53,499,4,357.4252624511719,17.0,0,0.85,BENIGN,INFO,lightgbm,HIGH
05a1ed45d7f80e6d,-3133,53,458,4,0.001413106918334961,17.0,0,0.85,BENIGN,INFO,lightgbm,HIGH
2ec6f6ab50520e0a,-7641,53,506,4,0.001569986343383789,17.0,0,0.85,BENIGN,INFO,lightgbm,HIGH
d229d06c791b3330,-5085,53,251,2,0.0010371208190917969,17.0,0,0.85,BENIGN,INFO,lightgbm,HIGH
02ab5cc757406a63,-14327,53,332,4,0.023635149002075195,17.0,0,0.85,BENIGN,INFO,lightgbm,HIGH
ce31ec2dfa9f2c5d,14290,53,430,4,0.024183988571166992,17.0,0,0.85,BENIGN,INFO,lightgbm,HIGH
a67c23fcc5482acc,-5410,53,188,2,0.02334904670715332,17.0,0,0.85,BENIGN,INFO,lightgbm,HIGH
a6fd77cba45cf995,-4435,53,237,2,0.023884057998657227,17.0,0,0.85,BENIGN,INFO,lightgbm,HIGH
83403cb4a8abf44f,-21654,443,12295,35,15.941080093383789,6.0,0,0.85,BENIGN,INFO,lightgbm,HIGH
252c68245999601e,2882,53,642,4,0.024278879165649414,17.0,0,0.85,BENIGN,INFO,lightgbm,HIGH
fdf456f9aba61843,-10100,53,386,4,0.025420188903808594,17.0,0,0.85,BENIGN,INFO,lightgbm,HIGH
6993285fadb9667d,-3609,53,911,6,318.6752014160156,17.0,0,0.85,BENIGN,INFO,lightgbm,HIGH
42da488eafeb7437,-4784,53,478,4,219.03709411621094,17.0,0,0.85,BENIGN,INFO,lightgbm,HIGH
2d3bd84969a28c30,-2354,53,670,4,0.07788991928100586,17.0,0,0.85,BENIGN,INFO,lightgbm,HIGH
8c84eb66e0375836,13028,53,578,4,0.06721186637878418,17.0,0,0.85,BENIGN,INFO,lightgbm,HIGH
ccca1af65f9e74cd,-8947,443,7600,22,0.21608996391296387,6.0,0,0.85,BENIGN,INFO,lightgbm,HIGH
2cb267e24c97c7cd,-4235,53,357,2,0.077423095703125,17.0,0,0.85,BENIGN,INFO,lightgbm,HIGH
ed6fba2e23e2dcfb,-3534,53,501,4,506.44744873046875,17.0,0,0.85,BENIGN,INFO,lightgbm,HIGH
e870477e771b9993,-5156,53,240,2,0.0005190372467041016,17.0,0,0.85,BENIGN,INFO,lightgbm,HIGH
4f2e38210131f966,-10213,53,328,4,0.07920217514038086,17.0,0,0.85,BENIGN,INFO,lightgbm,HIGH
a4cc87fa482c0d6b,-28989,53,420,4,0.02385711669921875,17.0,0,0.85,BENIGN,INFO,lightgbm,HIGH
3a4bf4d3120fdd0a,-27741,443,10694,44,187.36697387695312,6.0,0,0.85,BENIGN,INFO,lightgbm,HIGH
2d7dcab1f6a67fe7,-4144,53,186,2,0.07890081405639648,17.0,0,0.85,BENIGN,INFO,lightgbm,HIGH
3a4462c7a15c6e3e,-3240,53,232,2,0.02348017692565918,17.0,0,0.85,BENIGN,INFO,lightgbm,HIGH
ac74daadb0345e76,-4569,53,247,2,0.0005781650543212891,17.0,0,0.85,BENIGN,INFO,lightgbm,HIGH
3530f54c19a87a13,-25201,443,24723,35,16.237579345703125,6.0,0,0.85,BENIGN,INFO,lightgbm,HIGH
739979c88f12dcd3,-8633,443,9016,35,180.2678680419922,6.0,0,0.85,BENIGN,INFO,lightgbm,HIGH
7684799fb9b752cb,-4659,53,717,4,427.3639831542969,17.0,0,0.85,BENIGN,INFO,lightgbm,HIGH
8f7d1e38f98238a7,28060,53,486,4,0.31186914443969727,17.0,0,0.85,BENIGN,INFO,lightgbm,HIGH
24502ab48baff54d,-16850,53,566,4,0.14568805694580078,17.0,0,0.85,BENIGN,INFO,lightgbm,HIGH
fd628e36796ebd31,-5171,53,478,4,6.515935897827148,17.0,0,0.85,BENIGN,INFO,lightgbm,HIGH
691950cd9e22f208,-5296,53,553,4,418.7197570800781,17.0,0,0.85,BENIGN,INFO,lightgbm,HIGH
5f444a8ee196765c,-31521,443,12038,45,115.24604797363281,6.0,0,0.85,BENIGN,INFO,lightgbm,HIGH
e5277805093d292b,-3642,53,288,2,0.0005500316619873047,17.0,0,0.85,BENIGN,INFO,lightgbm,HIGH
829db3195e7ac0c0,-30566,443,10763,42,115.2523422241211,6.0,0,0.85,BENIGN,INFO,lightgbm,HIGH
15e8b855f9630235,-23212,53,616,4,0.0002028942108154297,17.0,0,0.85,BENIGN,INFO,lightgbm,HIGH
ea3737dfaa47373f,-19793,443,109742,137,68.76884460449219,6.0,0,0.85,BENIGN,INFO,lightgbm,HIGH
a45a0f329fed5d1d,-19792,443,113262,145,68.76873016357422,6.0,0,0.85,BENIGN,INFO,lightgbm,HIGH
b085f92f1db42e0a,-19791,443,110639,138,70.76619720458984,6.0,0,0.85,BENIGN,INFO,lightgbm,HIGH
8e5e19420d14ea25,-19790,443,8304,21,0.17499303817749023,6.0,0,0.85,BENIGN,INFO,lightgbm,HIGH
16f1a40fa2bc7cdd,-4582,443,12872,32,60.75919723510742,6.0,0,0.85,BENIGN,INFO,lightgbm,HIGH
923d8ba9fe42487d,-27887,443,11208,35,32.42226791381836,6.0,0,0.85,BENIGN,INFO,lightgbm,HIGH
b936548dcce670ef,-3261,53,244,2,0.023189067840576172,17.0,0,0.85,BENIGN,INFO,lightgbm,HIGH
1b8f7adea0094b74,-5383,53,278,2,0.0004451274871826172,17.0,0,0.85,BENIGN,INFO,lightgbm,HIGH
78896696ee8853c9,-24514,443,17014,47,115.21040344238281,6.0,0,0.85,BENIGN,INFO,lightgbm,HIGH
be10cafae0339a20,-29783,443,11853,24,0.1568140983581543,6.0,0,0.85,BENIGN,INFO,lightgbm,HIGH
61446d9fb7f2e97d,11224,53,340,4,0.023981094360351562,17.0,0,0.85,BENIGN,INFO,lightgbm,HIGH
12705e3e75acd288,-31756,53,410,4,0.02431488037109375,17.0,0,0.85,BENIGN,INFO,lightgbm,HIGH
89e05f0f56ab0ba3,-4716,53,943,8,8.18508529663086,17.0,0,0.85,BENIGN,INFO,lightgbm,HIGH
5ffd2f7ece8eb6e0,-3864,53,227,2,0.023929834365844727,17.0,0,0.85,BENIGN,INFO,lightgbm,HIGH
7ba1c93da85305c1,-32425,443,7641,21,2.3719289302825928,6.0,0,0.85,BENIGN,INFO,lightgbm,HIGH
33157ee2815686af,-11742,80,1976,10,0.0721139907836914,6.0,4,0.85,DoS_Hulk,HIGH,lightgbm,HIGH
1c21ef6766570cd4,1393,53,340,4,0.00013899803161621094,17.0,0,0.85,BENIGN,INFO,lightgbm,HIGH
f6052a62510eb54e,27808,53,738,4,0.04721999168395996,17.0,0,0.85,BENIGN,INFO,lightgbm,HIGH
3d5d2246ee392b53,29466,53,482,4,0.07291793823242188,17.0,0,0.85,BENIGN,INFO,lightgbm,HIGH
d51eeccd39eff23b,-3438,53,746,4,582.942138671875,17.0,0,0.85,BENIGN,INFO,lightgbm,HIGH
35da7374b979b857,-3510,53,345,2,0.07172799110412598,17.0,0,0.85,BENIGN,INFO,lightgbm,HIGH
31e7322b423896cb,-11741,80,1976,10,0.1864328384399414,6.0,4,0.85,DoS_Hulk,HIGH,lightgbm,HIGH
d657f4ac74269695,-19782,443,101645,121,68.64236450195312,6.0,0,0.85,BENIGN,INFO,lightgbm,HIGH
7641941ecb47f196,-19781,443,1533,16,5.952293395996094,6.0,0,0.85,BENIGN,INFO,lightgbm,HIGH
8132dbde151ca013,-4464,53,1097,6,307.3936462402344,17.0,0,0.85,BENIGN,INFO,lightgbm,HIGH
fc68a04fd5515335,-22463,443,7446,34,66.06892395019531,6.0,0,0.85,BENIGN,INFO,lightgbm,HIGH
6032bb225e5c12c6,-21187,53,528,4,0.11937904357910156,17.0,0,0.85,BENIGN,INFO,lightgbm,HIGH
e73c7aca1957d305,-6297,53,496,4,0.13498997688293457,17.0,0,0.85,BENIGN,INFO,lightgbm,HIGH
f2253b26c4a69d17,-4501,53,286,2,0.11896705627441406,17.0,0,0.85,BENIGN,INFO,lightgbm,HIGH
5bd0e50175f91681,28344,53,512,4,0.07107996940612793,17.0,0,0.85,BENIGN,INFO,lightgbm,HIGH
f1b59aeadc36ffc2,7592,53,416,4,0.07231497764587402,17.0,0,0.85,BENIGN,INFO,lightgbm,HIGH
faa34a7294be9762,-3795,53,538,4,302.4230041503906,17.0,0,0.85,BENIGN,INFO,lightgbm,HIGH
6434ef6d2d7c5df9,-4439,53,530,4,302.1014099121094,17.0,0,0.85,BENIGN,INFO,lightgbm,HIGH
8488056984d9b1d2,-899,53,328,4,0.023555994033813477,17.0,0,0.85,BENIGN,INFO,lightgbm,HIGH
fd42baa2277f0c66,18999,53,384,4,0.024013996124267578,17.0,0,0.85,BENIGN,INFO,lightgbm,HIGH
7b9728126e57b883,-4933,53,742,6,679.3751831054688,17.0,0,0.85,BENIGN,INFO,lightgbm,HIGH
7363f3021031ba2c,-3643,53,214,2,0.02363896369934082,17.0,0,0.85,BENIGN,INFO,lightgbm,HIGH
550e678b8340d5d9,-6489,443,10217,24,29.442230224609375,6.0,0,0.85,BENIGN,INFO,lightgbm,HIGH
ada9a3d3cfc16233,10130,53,420,4,0.07124900817871094,17.0,0,0.85,BENIGN,INFO,lightgbm,HIGH
934428405ff7b279,3761,53,388,4,0.13534188270568848,17.0,0,0.85,BENIGN,INFO,lightgbm,HIGH
ceb54da8cdf59aa1,-4230,53,461,4,523.1182861328125,17.0,0,0.85,BENIGN,INFO,lightgbm,HIGH
a077414c1bc5ecec,-15854,53,570,4,0.047447919845581055,17.0,0,0.85,BENIGN,INFO,lightgbm,HIGH
61e9a52e6cfa7b20,14298,53,442,4,0.07285690307617188,17.0,0,0.85,BENIGN,INFO,lightgbm,HIGH
42aa6e21035031fe,-5457,53,325,2,0.07172703742980957,17.0,0,0.85,BENIGN,INFO,lightgbm,HIGH
9859472cc8621df1,-14359,80,8329,37,123.94491577148438,6.0,4,0.85,DoS_Hulk,HIGH,lightgbm,HIGH
d77bde41ac673a38,-4689,53,309,2,0.0005490779876708984,17.0,0,0.85,BENIGN,INFO,lightgbm,HIGH
2432f7fcc59fda82,-16890,443,9532,37,68.62013244628906,6.0,0,0.85,BENIGN,INFO,lightgbm,HIGH
afb6fa2decb30b51,-9391,53,444,4,0.05080103874206543,17.0,0,0.85,BENIGN,INFO,lightgbm,HIGH
3b87ea8706ac3552,-23490,53,526,4,0.08091092109680176,17.0,0,0.85,BENIGN,INFO,lightgbm,HIGH
f2691dc0c226e1a3,-3161,53,244,2,0.050395965576171875,17.0,0,0.85,BENIGN,INFO,lightgbm,HIGH
111e86ce8ed71c24,-4075,53,285,2,0.08049416542053223,17.0,0,0.85,BENIGN,INFO,lightgbm,HIGH
9dcfdc4fbee7c583,-16967,53,658,4,0.04898786544799805,17.0,0,0.85,BENIGN,INFO,lightgbm,HIGH
b75de9ab3f85dfe5,-21335,53,532,4,0.05002903938293457,17.0,0,0.85,BENIGN,INFO,lightgbm,HIGH
04bf82aa79a4abab,-3793,53,622,4,5.686631202697754,17.0,0,0.85,BENIGN,INFO,lightgbm,HIGH
dac5f2c03bc633d6,-5224,53,288,2,0.04961204528808594,17.0,0,0.85,BENIGN,INFO,lightgbm,HIGH
b9e7428a6da8bfbe,-26027,53,590,4,0.07139110565185547,17.0,0,0.85,BENIGN,INFO,lightgbm,HIGH
8bbf55eec51998b9,15520,53,334,4,0.04955601692199707,17.0,0,0.85,BENIGN,INFO,lightgbm,HIGH
469644f4ba991875,-3867,53,317,2,0.07094812393188477,17.0,0,0.85,BENIGN,INFO,lightgbm,HIGH
5034619aa6e061d0,-3041,53,647,4,321.1952819824219,17.0,0,0.85,BENIGN,INFO,lightgbm,HIGH
e515f5e95f199bb8,6755,53,446,4,0.0001709461212158203,17.0,0,0.85,BENIGN,INFO,lightgbm,HIGH
50230d26d18b3c69,-29773,443,7527,22,0.09961795806884766,6.0,0,0.85,BENIGN,INFO,lightgbm,HIGH
f2d2d0d49b75306e,11075,53,398,4,0.00016498565673828125,17.0,0,0.85,BENIGN,INFO,lightgbm,HIGH
da27214a7a424893,-24088,443,5020,38,115.9024429321289,6.0,0,0.85,BENIGN,INFO,lightgbm,HIGH
473cb308a6512e97,-29703,53,460,4,0.1203770637512207,17.0,0,0.85,BENIGN,INFO,lightgbm,HIGH
e396fac381c872a1,-15190,53,414,4,0.04875802993774414,17.0,0,0.85,BENIGN,INFO,lightgbm,HIGH
629cd79a15161bd4,-3418,53,252,2,0.1199800968170166,17.0,0,0.85,BENIGN,INFO,lightgbm,HIGH
06757e85f3bec503,-4811,53,229,2,0.048375844955444336,17.0,0,0.85,BENIGN,INFO,lightgbm,HIGH
5ddba6e4ac19044f,-4421,53,463,4,620.6105346679688,17.0,0,0.85,BENIGN,INFO,lightgbm,HIGH
01140ccc89a71b7c,-24743,443,10628,45,115.88871765136719,6.0,0,0.85,BENIGN,INFO,lightgbm,HIGH
07d539062f50dcb6,-3262,53,342,2,0.0005578994750976562,17.0,0,0.85,BENIGN,INFO,lightgbm,HIGH
3b2cf26849467d93,-13515,443,6680,29,60.30016326904297,6.0,0,0.85,BENIGN,INFO,lightgbm,HIGH
60719223aa681f51,-4831,53,746,6,613.6982421875,17.0,0,0.85,BENIGN,INFO,lightgbm,HIGH
cc1309afe4610655,-23474,443,13204,25,10.135957717895508,6.0,0,0.85,BENIGN,INFO,lightgbm,HIGH
c0668cd933cc88cb,-4592,53,682,4,0.0002200603485107422,17.0,0,0.85,BENIGN,INFO,lightgbm,HIGH
b0a29ec9d554cf5b,-10550,443,1535,16,5.689067840576172,6.0,0,0.85,BENIGN,INFO,lightgbm,HIGH
5bb362a3da085c30,-28982,443,8788,31,60.298892974853516,6.0,0,0.85,BENIGN,INFO,lightgbm,HIGH
a1145a1adc8b7248,-4722,53,601,4,606.5043334960938,17.0,0,0.85,BENIGN,INFO,lightgbm,HIGH
971f0c6cf904ff71,-24082,443,10385,43,115.834716796875,6.0,0,0.85,BENIGN,INFO,lightgbm,HIGH
383893d30157f9d1,-23771,443,8033,45,115.89061737060547,6.0,0,0.85,BENIGN,INFO,lightgbm,HIGH
36aed3bf81b36554,15206,53,912,4,0.048332929611206055,17.0,0,0.85,BENIGN,INFO,lightgbm,HIGH
3718f34e2d60e5b2,14982,53,812,4,0.04870295524597168,17.0,0,0.85,BENIGN,INFO,lightgbm,HIGH
2dca92024534cb77,-4808,53,735,4,0.7723169326782227,17.0,0,0.85,BENIGN,INFO,lightgbm,HIGH
c473d4bb1168e569,-3656,53,428,2,0.0482020378112793,17.0,0,0.85,BENIGN,INFO,lightgbm,HIGH
3126bea5f8b1fe07,20521,53,476,4,0.1081080436706543,17.0,0,0.85,BENIGN,INFO,lightgbm,HIGH
2d89cd1a6ac8f4c9,-8873,53,412,4,0.1361989974975586,17.0,0,0.85,BENIGN,INFO,lightgbm,HIGH
f933aaf718a86a14,-3819,53,518,4,3.798441171646118,17.0,0,0.85,BENIGN,INFO,lightgbm,HIGH
6861e6f2da394007,-4991,53,543,4,2.5349819660186768,17.0,0,0.85,BENIGN,INFO,lightgbm,HIGH
6385e0125627936f,1117,88,1764,16,0.0006968975067138672,6.0,0,0.85,BENIGN,INFO,lightgbm,HIGH
84833994c0b5b2d0,1118,88,4630,18,0.005300998687744141,6.0,0,0.85,BENIGN,INFO,lightgbm,HIGH
c0a5da8520dad1f7,-5049,443,4565,18,5.6274566650390625,6.0,0,0.85,BENIGN,INFO,lightgbm,HIGH
123e5eb798bce781,-5048,443,4565,18,5.625175952911377,6.0,0,0.85,BENIGN,INFO,lightgbm,HIGH
cf5dab56c2d62b34,1119,88,6482,16,0.0011479854583740234,6.0,0,0.85,BENIGN,INFO,lightgbm,HIGH
664321708f50d412,-9127,443,9349,31,30.381227493286133,6.0,0,0.85,BENIGN,INFO,lightgbm,HIGH
bc2bf3e523913d33,-6211,53,486,4,0.02414989471435547,17.0,0,0.85,BENIGN,INFO,lightgbm,HIGH
b0c3b4b874e2d8c4,25133,53,508,4,0.02448296546936035,17.0,0,0.85,BENIGN,INFO,lightgbm,HIGH
1c2c449e6cc61afe,-3199,53,265,2,0.023734092712402344,17.0,0,0.85,BENIGN,INFO,lightgbm,HIGH
adce8b85726aa7d0,-4852,53,276,2,0.024046897888183594,17.0,0,0.85,BENIGN,INFO,lightgbm,HIGH
577bca63e3d7a323,-26894,80,3370,10,0.10065102577209473,6.0,4,0.85,DoS_Hulk,HIGH,lightgbm,HIGH
db5bb91e446bd25a,-13952,443,13830,37,62.349361419677734,6.0,0,0.85,BENIGN,INFO,lightgbm,HIGH
f234a5534376f0a8,19514,53,492,4,0.206557035446167,17.0,0,0.85,BENIGN,INFO,lightgbm,HIGH
b16f9516532d575d,2529,53,460,4,0.16756200790405273,17.0,0,0.85,BENIGN,INFO,lightgbm,HIGH
ac3895eaeb76c697,-4403,53,268,2,0.2061598300933838,17.0,0,0.85,BENIGN,INFO,lightgbm,HIGH
9204d11998ae306e,-4234,53,797,4,616.2105712890625,17.0,0,0.85,BENIGN,INFO,lightgbm,HIGH
dd39db27bf60050b,-29137,443,14021,96,365.81427001953125,6.0,0,0.85,BENIGN,INFO,lightgbm,HIGH
7207ec70f50e1daf,-26891,80,3372,10,0.0996849536895752,6.0,4,0.85,DoS_Hulk,HIGH,lightgbm,HIGH
fb40dec7b06e0591,-26890,80,3438,11,0.46439599990844727,6.0,4,0.85,DoS_Hulk,HIGH,lightgbm,HIGH
04ced7c5b6a84b53,25640,53,444,4,0.000148773193359375,17.0,0,0.85,BENIGN,INFO,lightgbm,HIGH
8c16109efec345f9,-24072,443,1743,14,5.499490737915039,6.0,0,0.85,BENIGN,INFO,lightgbm,HIGH
1251e465c0662c99,-4293,53,314,2,0.0004448890686035156,17.0,0,0.85,BENIGN,INFO,lightgbm,HIGH
8bb8db67a47ab99f,-17291,443,7303,30,60.55253601074219,6.0,0,0.85,BENIGN,INFO,lightgbm,HIGH
49cc2e50c7e52346,-24537,53,388,4,0.046485185623168945,17.0,0,0.85,BENIGN,INFO,lightgbm,HIGH
54c9156969d7c1ed,-29178,53,356,4,0.09637808799743652,17.0,0,0.85,BENIGN,INFO,lightgbm,HIGH
d3d71b29edb0ade2,-4587,53,455,4,417.6769104003906,17.0,0,0.85,BENIGN,INFO,lightgbm,HIGH
2e576b36f83ffbfc,-5320,53,290,2,0.09542298316955566,17.0,0,0.85,BENIGN,INFO,lightgbm,HIGH
92b065f5b055e523,4885,53,416,4,0.14295005798339844,17.0,0,0.85,BENIGN,INFO,lightgbm,HIGH
4e98b52d77457c2d,-8034,53,440,4,0.10625696182250977,17.0,0,0.85,BENIGN,INFO,lightgbm,HIGH
c746e1613a444db9,-5210,53,242,2,0.10590910911560059,17.0,0,0.85,BENIGN,INFO,lightgbm,HIGH
e6e4afc1d7904be2,-4462,53,567,4,1.7861320972442627,17.0,0,0.85,BENIGN,INFO,lightgbm,HIGH
145962cf13c5227e,-30216,53,430,4,0.00015497207641601562,17.0,0,0.85,BENIGN,INFO,lightgbm,HIGH
f9ec58a9bbf88a51,-22619,443,5447,38,115.5750503540039,6.0,0,0.85,BENIGN,INFO,lightgbm,HIGH
a5a5a938f2d5d86b,-4417,53,557,4,317.92724609375,17.0,0,0.85,BENIGN,INFO,lightgbm,HIGH
c27213f5e822453a,-13863,443,8464,42,115.59368133544922,6.0,0,0.85,BENIGN,INFO,lightgbm,HIGH
2cca685d268bce15,-22617,443,1743,14,5.380664825439453,6.0,0,0.85,BENIGN,INFO,lightgbm,HIGH
df23a2c32434081e,-22483,53,372,4,0.04719710350036621,17.0,0,0.85,BENIGN,INFO,lightgbm,HIGH
92e729b7d9f0d71a,19728,53,438,4,0.04842782020568848,17.0,0,0.85,BENIGN,INFO,lightgbm,HIGH
5a79c2f145673fc9,-4353,53,208,2,0.04684805870056152,17.0,0,0.85,BENIGN,INFO,lightgbm,HIGH
44d5963d591b214a,-13200,443,9190,47,115.54010009765625,6.0,0,0.85,BENIGN,INFO,lightgbm,HIGH
beabacbec6b922ff,-14361,443,9839,35,65.17700958251953,6.0,0,0.85,BENIGN,INFO,lightgbm,HIGH
330fd3a161c1bf7f,-9607,443,14288,49,115.49717712402344,6.0,0,0.85,BENIGN,INFO,lightgbm,HIGH
ab8235f5182e8ecd,28848,53,560,4,0.02409195899963379,17.0,0,0.85,BENIGN,INFO,lightgbm,HIGH
a3b6ade40896e4cc,28909,53,472,4,0.04802107810974121,17.0,0,0.85,BENIGN,INFO,lightgbm,HIGH
ba9a94752470e213,-4073,53,302,2,0.023659944534301758,17.0,0,0.85,BENIGN,INFO,lightgbm,HIGH
daa801ea19437c6d,-4285,53,515,4,145.54287719726562,17.0,0,0.85,BENIGN,INFO,lightgbm,HIGH
91eafaa56bfff20d,-24568,53,368,4,0.04790616035461426,17.0,0,0.85,BENIGN,INFO,lightgbm,HIGH
933d65b2be355082,25255,53,466,4,0.04842710494995117,17.0,0,0.85,BENIGN,INFO,lightgbm,HIGH
db94e2e3c0b851e9,-3222,53,206,2,0.04757404327392578,17.0,0,0.85,BENIGN,INFO,lightgbm,HIGH
016cc518b7e121d1,-4730,53,255,2,0.04805302619934082,17.0,0,0.85,BENIGN,INFO,lightgbm,HIGH
31ecdf8f75237fbb,-15721,53,400,4,0.02371501922607422,17.0,0,0.85,BENIGN,INFO,lightgbm,HIGH
6adf12e7f08aef26,-18784,53,424,4,0.024180889129638672,17.0,0,0.85,BENIGN,INFO,lightgbm,HIGH
6745a6acab02ff8f,-3547,53,222,2,0.023361921310424805,17.0,0,0.85,BENIGN,INFO,lightgbm,HIGH
1b7a39ba9ea15e87,-5256,53,234,2,0.023802995681762695,17.0,0,0.85,BENIGN,INFO,lightgbm,HIGH
d3015ac6803068b2,7533,53,328,4,0.00013518333435058594,17.0,0,0.85,BENIGN,INFO,lightgbm,HIGH
62c321d9d738a0fa,-8117,443,1743,14,5.26494026184082,6.0,0,0.85,BENIGN,INFO,lightgbm,HIGH
e68c27cbc9cc6ed5,-8116,443,1349,10,0.11065888404846191,6.0,0,0.85,BENIGN,INFO,lightgbm,HIGH
6e9872746a4c22ee,-11707,80,1977,10,0.07101178169250488,6.0,4,0.85,DoS_Hulk,HIGH,lightgbm,HIGH
f995eb8ab1122727,-11706,80,2115,12,1.7230451107025146,6.0,4,0.85,DoS_Hulk,HIGH,lightgbm,HIGH
84ec3e79bbd968cc,-29441,443,9497,36,60.9343376159668,6.0,0,0.85,BENIGN,INFO,lightgbm,HIGH
ad791a246fd4aea4,-17270,443,8838,34,60.87025451660156,6.0,0,0.85,BENIGN,INFO,lightgbm,HIGH
02f621b94a32834e,6109,53,396,4,0.1219029426574707,17.0,0,0.85,BENIGN,INFO,lightgbm,HIGH
027efa239ded3ece,-3076,53,816,6,612.3363647460938,17.0,0,0.85,BENIGN,INFO,lightgbm,HIGH
51762396bcd118f1,1120,135,2632,24,29.99169921875,6.0,0,0.85,BENIGN,INFO,lightgbm,HIGH
67fcb77d5befdb3b,1121,-15870,10656,42,74.85855865478516,6.0,0,0.85,BENIGN,INFO,lightgbm,HIGH
ab35f6c89e57c84d,1122,88,1788,16,0.0005810260772705078,6.0,0,0.85,BENIGN,INFO,lightgbm,HIGH
291ca7f5d538b213,-17541,53,638,4,0.046682119369506836,17.0,0,0.85,BENIGN,INFO,lightgbm,HIGH
8110e748ce732741,-5849,53,446,4,0.12037801742553711,17.0,0,0.85,BENIGN,INFO,lightgbm,HIGH
1bd046572f3b49a1,-4970,53,341,2,0.046237945556640625,17.0,0,0.85,BENIGN,INFO,lightgbm,HIGH
1a548691b3fa8f43,1123,88,4642,18,0.0008370876312255859,6.0,0,0.85,BENIGN,INFO,lightgbm,HIGH
6ab185ffede83dc5,1124,88,6994,18,0.0009560585021972656,6.0,0,0.85,BENIGN,INFO,lightgbm,HIGH
b7d3528eb06d4a13,-8236,53,476,4,0.0768589973449707,17.0,0,0.85,BENIGN,INFO,lightgbm,HIGH
ddf4cbc15f8a088e,-14603,53,522,4,0.024019956588745117,17.0,0,0.85,BENIGN,INFO,lightgbm,HIGH
1a118e7ca829cf1c,-3582,53,260,2,0.07637310028076172,17.0,0,0.85,BENIGN,INFO,lightgbm,HIGH
18a1cb38766baba3,-5111,53,283,2,0.02353501319885254,17.0,0,0.85,BENIGN,INFO,lightgbm,HIGH
2a90f463f841c0c5,4223,53,558,4,0.5549769401550293,17.0,0,0.85,BENIGN,INFO,lightgbm,HIGH
204e1af1e658cd73,-27572,53,582,4,0.34900999069213867,17.0,0,0.85,BENIGN,INFO,lightgbm,HIGH
633e61d6859b9871,-4967,53,301,2,0.5545439720153809,17.0,0,0.85,BENIGN,INFO,lightgbm,HIGH
1e4601386ecbfd83,-4438,53,313,2,0.3485109806060791,17.0,0,0.85,BENIGN,INFO,lightgbm,HIGH
36a6b0b6d99bc728,27534,53,440,4,0.023543834686279297,17.0,0,0.85,BENIGN,INFO,lightgbm,HIGH
990ac27c4dd8a762,11446,53,442,4,0.024061918258666992,17.0,0,0.85,BENIGN,INFO,lightgbm,HIGH
ff2e110dde24f936,-4647,53,242,2,0.023169994354248047,17.0,0,0.85,BENIGN,INFO,lightgbm,HIGH
4ff413e5b861f4ee,-12982,443,11700,47,116.27550506591797,6.0,0,0.85,BENIGN,INFO,lightgbm,HIGH
785a1ed65c63ef90,-27386,443,7161,32,60.699153900146484,6.0,0,0.85,BENIGN,INFO,lightgbm,HIGH
780e36f422074a17,-4000,53,579,4,5.216292381286621,17.0,0,0.85,BENIGN,INFO,lightgbm,HIGH
6dd13b10c592a87c,-19605,443,9200,41,116.28999328613281,6.0,0,0.85,BENIGN,INFO,lightgbm,HIGH
242e12572e9f444a,-4320,53,672,4,6.77834415435791,17.0,0,0.85,BENIGN,INFO,lightgbm,HIGH
4db535cae82af321,-17753,443,9124,22,20.280771255493164,6.0,0,0.85,BENIGN,INFO,lightgbm,HIGH
5c5733a6e2ec6699,-31374,53,450,4,0.04676413536071777,17.0,0,0.85,BENIGN,INFO,lightgbm,HIGH
589a443edfc4ee82,-21677,53,418,4,0.09614992141723633,17.0,0,0.85,BENIGN,INFO,lightgbm,HIGH
d109f83eb4297b69,-3957,53,247,2,0.046382904052734375,17.0,0,0.85,BENIGN,INFO,lightgbm,HIGH
74d227c435083ea9,22043,53,340,4,0.07600617408752441,17.0,0,0.85,BENIGN,INFO,lightgbm,HIGH
af14d2ee28cc84ec,-6217,53,470,4,0.04731106758117676,17.0,0,0.85,BENIGN,INFO,lightgbm,HIGH
85d8e364d06bd2ac,-4516,53,192,2,0.07570409774780273,17.0,0,0.85,BENIGN,INFO,lightgbm,HIGH
72c2d10bdbd4ef06,-26871,80,3506,12,0.09892797470092773,6.0,4,0.85,DoS_Hulk,HIGH,lightgbm,HIGH
edb4f10921fd543c,-9136,443,8204,23,15.369463920593262,6.0,0,0.85,BENIGN,INFO,lightgbm,HIGH
876ce64328d99e2a,-4211,53,267,2,0.00039386749267578125,17.0,0,0.85,BENIGN,INFO,lightgbm,HIGH
33d44e5c2763b2ca,-21552,443,10468,20,0.22685790061950684,6.0,0,0.85,BENIGN,INFO,lightgbm,HIGH
a30a6ed882cd554c,-26868,80,3506,12,0.10091996192932129,6.0,4,0.85,DoS_Hulk,HIGH,lightgbm,HIGH
fe94b963731b221c,-26867,80,3374,10,0.18218493461608887,6.0,4,0.85,DoS_Hulk,HIGH,lightgbm,HIGH
b52a22d59f61c219,17039,53,324,4,0.02390003204345703,17.0,0,0.85,BENIGN,INFO,lightgbm,HIGH
8b4dfe7002cf0def,-4287,53,446,4,0.02425694465637207,17.0,0,0.85,BENIGN,INFO,lightgbm,HIGH
dfc8548ac6e74ea6,-5319,53,556,4,6.8936920166015625,17.0,0,0.85,BENIGN,INFO,lightgbm,HIGH
f00e6a121bb57fc8,-18329,443,12186,34,69.20042419433594,6.0,0,0.85,BENIGN,INFO,lightgbm,HIGH
ef87695498011e32,-11693,80,1974,10,0.0707399845123291,6.0,4,0.85,DoS_Hulk,HIGH,lightgbm,HIGH
2d7ba1435f86adc4,-11692,80,1974,10,0.47963595390319824,6.0,4,0.85,DoS_Hulk,HIGH,lightgbm,HIGH
1f1f1ed5044faf98,27096,53,564,4,0.07168197631835938,17.0,0,0.85,BENIGN,INFO,lightgbm,HIGH
1bd99913bf21c265,19390,53,500,4,0.15666604042053223,17.0,0,0.85,BENIGN,INFO,lightgbm,HIGH
e7c17ec4f529f29a,-5428,53,304,2,0.07126593589782715,17.0,0,0.85,BENIGN,INFO,lightgbm,HIGH
d82f2173c2a01d7d,-3500,53,548,4,621.3206176757812,17.0,0,0.85,BENIGN,INFO,lightgbm,HIGH
581ca217d0a8daf9,-4512,53,318,2,0.00045609474182128906,17.0,0,0.85,BENIGN,INFO,lightgbm,HIGH
263a96b167569ca8,-25068,443,6730,30,60.929752349853516,6.0,0,0.85,BENIGN,INFO,lightgbm,HIGH
0a470e48c0db69a6,-26987,53,450,4,0.04904890060424805,17.0,0,0.85,BENIGN,INFO,lightgbm,HIGH
ac17abe6430d1481,22619,53,548,4,0.07304787635803223,17.0,0,0.85,BENIGN,INFO,lightgbm,HIGH
7d0d3583ae7522a0,-5230,53,640,4,4.958983421325684,17.0,0,0.85,BENIGN,INFO,lightgbm,HIGH
a7a2821d72d9fa9d,-5414,53,633,4,513.0518798828125,17.0,0,0.85,BENIGN,INFO,lightgbm,HIGH
cca36a1b1c80b38a,-27291,443,5691,17,0.37637996673583984,6.0,0,0.85,BENIGN,INFO,lightgbm,HIGH
beed85b5dea6f6fa,-29013,53,560,4,0.05939507484436035,17.0,0,0.85,BENIGN,INFO,lightgbm,HIGH
077e6c1a224beea8,18083,53,468,4,0.02408885955810547,17.0,0,0.85,BENIGN,INFO,lightgbm,HIGH
44526b41932e741d,-4999,53,797,6,619.8828125,17.0,0,0.85,BENIGN,INFO,lightgbm,HIGH
605b680dac389b09,1149,53,332,4,0.08484196662902832,17.0,0,0.85,BENIGN,INFO,lightgbm,HIGH
f00ab4d505d79121,-26465,53,406,4,0.048957109451293945,17.0,0,0.85,BENIGN,INFO,lightgbm,HIGH
b2531e1089ad891b,-4448,53,542,4,514.7651977539062,17.0,0,0.85,BENIGN,INFO,lightgbm,HIGH
a5b25751bb36dab4,-5417,53,499,4,611.6141357421875,17.0,0,0.85,BENIGN,INFO,lightgbm,HIGH
eeb576e361dca114,-25474,443,8677,24,0.7678148746490479,6.0,0,0.85,BENIGN,INFO,lightgbm,HIGH
d23fc79ffea3c8a8,25789,53,590,4,0.07131314277648926,17.0,0,0.85,BENIGN,INFO,lightgbm,HIGH
1d8689dcb8daf4b2,27183,53,334,4,0.04793500900268555,17.0,0,0.85,BENIGN,INFO,lightgbm,HIGH
eb212712b66c5d47,-4843,53,841,6,319.23602294921875,17.0,0,0.85,BENIGN,INFO,lightgbm,HIGH
00bcb27bdc8ada1d,-4775,53,514,4,159.71121215820312,17.0,0,0.85,BENIGN,INFO,lightgbm,HIGH
205eff9530a8d9b3,-8286,443,9171,21,4.271329879760742,6.0,0,0.85,BENIGN,INFO,lightgbm,HIGH
e9b9f4dd744681b8,-5868,443,11120,49,115.58739471435547,6.0,0,0.85,BENIGN,INFO,lightgbm,HIGH
c7446d379d274e69,-3136,53,471,4,416.3110656738281,17.0,0,0.85,BENIGN,INFO,lightgbm,HIGH
3291f9ebcee409ba,-7119,443,6629,31,60.83580017089844,6.0,0,0.85,BENIGN,INFO,lightgbm,HIGH
d956bf51d12efe52,1056,53,580,4,0.060656070709228516,17.0,0,0.85,BENIGN,INFO,lightgbm,HIGH
03e6c05ce164c57a,-15772,53,486,4,0.049688100814819336,17.0,0,0.85,BENIGN,INFO,lightgbm,HIGH
5a1f2fb082fa3174,-4254,53,492,4,308.0556640625,17.0,0,0.85,BENIGN,INFO,lightgbm,HIGH
7953b75e22867c90,-3395,53,536,4,0.8263421058654785,17.0,0,0.85,BENIGN,INFO,lightgbm,HIGH
aa6981f2db0a7eb9,-11685,80,1976,10,0.08641815185546875,6.0,4,0.85,DoS_Hulk,HIGH,lightgbm,HIGH
c2c9831c20b4e219,-11684,80,1976,10,0.2781040668487549,6.0,4,0.85,DoS_Hulk,HIGH,lightgbm,HIGH
98543db3ff738f56,-14706,443,9294,43,115.31070709228516,6.0,0,0.85,BENIGN,INFO,lightgbm,HIGH
e570d630df83ef61,-6098,53,312,4,0.024695873260498047,17.0,0,0.85,BENIGN,INFO,lightgbm,HIGH
b691cadde4ddc9ae,-18032,53,442,4,0.024897098541259766,17.0,0,0.85,BENIGN,INFO,lightgbm,HIGH
62f46bf00fa38dc9,-5370,53,514,4,388.10418701171875,17.0,0,0.85,BENIGN,INFO,lightgbm,HIGH
fb79319e220bc47b,-16849,443,9387,44,116.2861328125,6.0,0,0.85,BENIGN,INFO,lightgbm,HIGH
ea91b4a6f8bf733e,-906,53,380,4,0.060816049575805664,17.0,0,0.85,BENIGN,INFO,lightgbm,HIGH
a333a34fec9dd335,-6013,53,472,4,0.02395796775817871,17.0,0,0.85,BENIGN,INFO,lightgbm,HIGH
b2b806c407c93080,-3750,53,212,2,0.06051516532897949,17.0,0,0.85,BENIGN,INFO,lightgbm,HIGH
9f43729804364c23,-3817,53,258,2,0.023555994033813477,17.0,0,0.85,BENIGN,INFO,lightgbm,HIGH
73a0e74b1756eb9c,-26295,53,356,4,0.2459239959716797,17.0,0,0.85,BENIGN,INFO,lightgbm,HIGH
424928482d6f612d,26414,53,324,4,0.16247916221618652,17.0,0,0.85,BENIGN,INFO,lightgbm,HIGH
350d2ede4b526420,-3659,53,200,2,0.24555706977844238,17.0,0,0.85,BENIGN,INFO,lightgbm,HIGH
52599a8cdbd2fa40,-4627,53,504,4,2.9864449501037598,17.0,0,0.85,BENIGN,INFO,lightgbm,HIGH
4783b5194c0309fb,-13967,443,6810,29,60.33024978637695,6.0,0,0.85,BENIGN,INFO,lightgbm,HIGH
4e7392dcc5d2bb12,9673,53,384,4,0.07739901542663574,17.0,0,0.85,BENIGN,INFO,lightgbm,HIGH
96eca293097d2eb8,-26238,53,488,4,0.02436995506286621,17.0,0,0.85,BENIGN,INFO,lightgbm,HIGH
9cae7e8cd2d9abc0,-3206,53,564,4,625.4012451171875,17.0,0,0.85,BENIGN,INFO,lightgbm,HIGH
743a7666fb274134,-4698,53,266,2,0.023971080780029297,17.0,0,0.85,BENIGN,INFO,lightgbm,HIGH
8287d809a92406b7,-31401,443,9224,30,60.292293548583984,6.0,0,0.85,BENIGN,INFO,lightgbm,HIGH
f4783e93d9f47d26,-9472,53,620,4,0.08455801010131836,17.0,0,0.85,BENIGN,INFO,lightgbm,HIGH
af4572fad39c96d8,-22674,53,428,4,0.06197690963745117,17.0,0,0.85,BENIGN,INFO,lightgbm,HIGH
3ef3785895d1f256,-3352,53,567,4,291.7435302734375,17.0,0,0.85,BENIGN,INFO,lightgbm,HIGH
2ff1ded7c8072e61,-3934,53,455,4,1.0638561248779297,17.0,0,0.85,BENIGN,INFO,lightgbm,HIGH
829db2b50619f83e,-26851,80,3374,10,0.10036182403564453,6.0,4,0.85,DoS_Hulk,HIGH,lightgbm,HIGH
ec5ae71a2c9ec797,-26850,80,3504,12,0.1617450714111328,6.0,4,0.85,DoS_Hulk,HIGH,lightgbm,HIGH
afe0f1edab66b948,-10069,53,380,4,0.024379968643188477,17.0,0,0.85,BENIGN,INFO,lightgbm,HIGH
6c84329bf610e292,9762,53,348,4,0.025236129760742188,17.0,0,0.85,BENIGN,INFO,lightgbm,HIGH
00ad66bdb5d312ee,-5461,53,212,2,0.02400994300842285,17.0,0,0.85,BENIGN,INFO,lightgbm,HIGH
60bfe8f2b6d3c515,-4748,53,280,2,0.02420210838317871,17.0,0,0.85,BENIGN,INFO,lightgbm,HIGH
009c699baead116c,14575,53,504,4,0.11821889877319336,17.0,0,0.85,BENIGN,INFO,lightgbm,HIGH
3aea8cb9d726a085,20423,53,408,4,0.10883283615112305,17.0,0,0.85,BENIGN,INFO,lightgbm,HIGH
bbbd013fd7fbe127,-4469,53,602,4,296.7384948730469,17.0,0,0.85,BENIGN,INFO,lightgbm,HIGH
8586ff3caae1dfc5,-4136,53,308,2,0.10756492614746094,17.0,0,0.85,BENIGN,INFO,lightgbm,HIGH
634b2a0609467a61,-32158,443,8337,22,5.174511909484863,6.0,0,0.85,BENIGN,INFO,lightgbm,HIGH
f338730c15f2ef93,-29384,443,8967,22,10.503087997436523,6.0,0,0.85,BENIGN,INFO,lightgbm,HIGH
96303ca482744a3c,-4583,53,495,4,683.8557739257812,17.0,0,0.85,BENIGN,INFO,lightgbm,HIGH
0bf16e79947ec5cd,-16694,443,13881,36,80.41925048828125,6.0,0,0.85,BENIGN,INFO,lightgbm,HIGH
97c8c2ab0ce9bb2b,-17638,53,502,4,0.17916202545166016,17.0,0,0.85,BENIGN,INFO,lightgbm,HIGH
0659253ec452dde0,-12958,53,470,4,0.09583282470703125,17.0,0,0.85,BENIGN,INFO,lightgbm,HIGH
f894c7f70f574f5e,-4383,53,273,2,0.17877793312072754,17.0,0,0.85,BENIGN,INFO,lightgbm,HIGH
a7106d690a003668,25804,53,366,4,0.024051904678344727,17.0,0,0.85,BENIGN,INFO,lightgbm,HIGH
fa2c57a713fa50a6,6575,53,464,4,0.024719953536987305,17.0,0,0.85,BENIGN,INFO,lightgbm,HIGH
e650601a8da44896,-4718,53,205,2,0.02367687225341797,17.0,0,0.85,BENIGN,INFO,lightgbm,HIGH
ca87ef7b47d7c3f2,-21620,53,354,4,0.050028085708618164,17.0,0,0.85,BENIGN,INFO,lightgbm,HIGH
c4bf52ca6c7a6227,-5203,53,487,2,0.04840087890625,17.0,0,0.85,BENIGN,INFO,lightgbm,HIGH
e5d4984414bfcfd4,-4591,53,521,4,689.136962890625,17.0,0,0.85,BENIGN,INFO,lightgbm,HIGH
a9bc0a039dcc0ec8,-19459,53,510,4,0.09528112411499023,17.0,0,0.85,BENIGN,INFO,lightgbm,HIGH
5369eeeefc2cbd69,5430,53,478,4,0.2297229766845703,17.0,0,0.85,BENIGN,INFO,lightgbm,HIGH
ce0a3c53485563b8,-5356,53,277,2,0.09486699104309082,17.0,0,0.85,BENIGN,INFO,lightgbm,HIGH
b19d0cc65c70b565,11595,53,492,4,0.17447590827941895,17.0,0,0.85,BENIGN,INFO,lightgbm,HIGH
83e53da77be5c1eb,-3909,53,323,2,0.2053380012512207,17.0,0,0.85,BENIGN,INFO,lightgbm,HIGH
141fd9cb7f192d91,16117,53,460,4,0.1214601993560791,17.0,0,0.85,BENIGN,INFO,lightgbm,HIGH
c8b71fcf5272ae8a,-3462,53,268,2,0.17409396171569824,17.0,0,0.85,BENIGN,INFO,lightgbm,HIGH
7f0168860c3313bd,-4233,53,310,2,0.12038493156433105,17.0,0,0.85,BENIGN,INFO,lightgbm,HIGH
7a2577fd4becdd4e,28261,53,564,4,0.1913759708404541,17.0,0,0.85,BENIGN,INFO,lightgbm,HIGH
10f525ab46b148e6,-19319,53,372,4,0.10342907905578613,17.0,0,0.85,BENIGN,INFO,lightgbm,HIGH
74e65119915ab9f2,-4819,53,482,4,692.3016967773438,17.0,0,0.85,BENIGN,INFO,lightgbm,HIGH
d7c1daac927e13a3,-25970,53,480,4,0.026206016540527344,17.0,0,0.85,BENIGN,INFO,lightgbm,HIGH
9114c56f537cafcf,21017,53,450,4,0.02567911148071289,17.0,0,0.85,BENIGN,INFO,lightgbm,HIGH
88bf9bfe7db1d827,-4094,53,912,6,307.4261474609375,17.0,0,0.85,BENIGN,INFO,lightgbm,HIGH
3d15b547fa146465,-4349,53,433,4,486.4064025878906,17.0,0,0.85,BENIGN,INFO,lightgbm,HIGH
d1bf176a2cfa17a6,-29713,443,7258,21,0.10115480422973633,6.0,0,0.85,BENIGN,INFO,lightgbm,HIGH
40cc416be7d30cc8,-26751,53,416,4,0.048605918884277344,17.0,0,0.85,BENIGN,INFO,lightgbm,HIGH
65705b949bbce360,2611,53,462,4,0.02477884292602539,17.0,0,0.85,BENIGN,INFO,lightgbm,HIGH
eaf9472ae02a3a96,-5485,53,253,2,0.024318933486938477,17.0,0,0.85,BENIGN,INFO,lightgbm,HIGH
1084208b07b9e6cb,-11293,443,6149,19,5.181668281555176,6.0,0,0.85,BENIGN,INFO,lightgbm,HIGH
7173b8b411f9a776,-8166,443,5348,40,115.87698364257812,6.0,0,0.85,BENIGN,INFO,lightgbm,HIGH
aa815beb9e1ae9f5,-8165,443,1885,16,5.700827598571777,6.0,0,0.85,BENIGN,INFO,lightgbm,HIGH
27a2d376536d89a3,-13108,443,6258,19,2.994657039642334,6.0,0,0.85,BENIGN,INFO,lightgbm,HIGH
076c866efe139cef,-19204,53,576,4,0.0240328311920166,17.0,0,0.85,BENIGN,INFO,lightgbm,HIGH
7f469773b17e22e3,-24043,53,494,4,0.02436995506286621,17.0,0,0.85,BENIGN,INFO,lightgbm,HIGH
11c55e5d9830df45,-5354,53,597,4,605.1140747070312,17.0,0,0.85,BENIGN,INFO,lightgbm,HIGH
06ebd3c4ce7b427b,-5391,53,509,4,618.8765258789062,17.0,0,0.85,BENIGN,INFO,lightgbm,HIGH
e407beeb2f2d9d0f,-4891,53,1024,6,688.9217529296875,17.0,0,0.85,BENIGN,INFO,lightgbm,HIGH
ff93a70413df50d2,6746,53,492,4,0.00017404556274414062,17.0,0,0.85,BENIGN,INFO,lightgbm,HIGH
4af5b7153bc0e1d7,-24411,443,7093,31,65.5218505859375,6.0,0,0.85,BENIGN,INFO,lightgbm,HIGH
33ca39415e17386c,-14035,443,10071,34,60.70836639404297,6.0,0,0.85,BENIGN,INFO,lightgbm,HIGH
7d19f4eafc9ea171,-3753,53,646,4,298.2987976074219,17.0,0,0.85,BENIGN,INFO,lightgbm,HIGH
9498caf96c2c4888,-25496,443,8193,28,31.886188507080078,6.0,0,0.85,BENIGN,INFO,lightgbm,HIGH
6e0036191719a762,-6931,443,8924,23,6.182416915893555,6.0,0,0.85,BENIGN,INFO,lightgbm,HIGH
eab0c7c5d1398fc2,-8159,443,4691,40,115.82880401611328,6.0,0,0.85,BENIGN,INFO,lightgbm,HIGH
c2bd72b440778512,24548,53,588,4,0.0473790168762207,17.0,0,0.85,BENIGN,INFO,lightgbm,HIGH
01dfc92f745665f4,-21752,53,396,4,0.048686981201171875,17.0,0,0.85,BENIGN,INFO,lightgbm,HIGH
a759cf3ebeb82a7b,-4340,53,495,4,424.2787170410156,17.0,0,0.85,BENIGN,INFO,lightgbm,HIGH
64c1f806d9759dda,-5480,53,251,2,0.0004980564117431641,17.0,0,0.85,BENIGN,INFO,lightgbm,HIGH
45b2e796d76e87a1,-3346,53,230,2,0.0006170272827148438,17.0,0,0.85,BENIGN,INFO,lightgbm,HIGH
d5ef4c15d169fa2e,-4979,53,445,4,310.3693542480469,17.0,0,0.85,BENIGN,INFO,lightgbm,HIGH
ee88198df7df89e3,-6912,53,320,4,0.02533102035522461,17.0,0,0.85,BENIGN,INFO,lightgbm,HIGH
bbe3060b35828035,28210,53,434,4,0.025655031204223633,17.0,0,0.85,BENIGN,INFO,lightgbm,HIGH
ca7746e452e2890a,-4667,53,182,2,0.024935007095336914,17.0,0,0.85,BENIGN,INFO,lightgbm,HIGH
babbe5d7403ed8c0,-4241,53,324,4,0.0001621246337890625,17.0,0,0.85,BENIGN,INFO,lightgbm,HIGH
b97afe409f0c888c,-18299,443,41066,59,65.4388656616211,6.0,0,0.85,BENIGN,INFO,lightgbm,HIGH
40a21140e0fadb9a,-13244,53,664,4,0.050856828689575195,17.0,0,0.85,BENIGN,INFO,lightgbm,HIGH
83337ad13c0b2c05,-5369,53,354,2,0.05024003982543945,17.0,0,0.85,BENIGN,INFO,lightgbm,HIGH
387980b44c531faf,-5342,53,305,2,0.0005578994750976562,17.0,0,0.85,BENIGN,INFO,lightgbm,HIGH
d3733b25cc4afe45,-22544,443,9568,35,63.08624267578125,6.0,0,0.85,BENIGN,INFO,lightgbm,HIGH
719db42bb2982815,-27459,443,7315,20,0.31439685821533203,6.0,0,0.85,BENIGN,INFO,lightgbm,HIGH
b1a31177a10d93bf,-26833,80,3438,11,0.1033470630645752,6.0,4,0.85,DoS_Hulk,HIGH,lightgbm,HIGH
7c065376a22e7256,-12764,443,9201,44,115.71654510498047,6.0,0,0.85,BENIGN,INFO,lightgbm,HIGH
a519f53da26940f3,-11389,443,8968,43,115.71505737304688,6.0,0,0.85,BENIGN,INFO,lightgbm,HIGH
c16dc121f5c41b10,-16263,443,8724,37,94.31275177001953,6.0,0,0.85,BENIGN,INFO,lightgbm,HIGH
6423eb8930127733,-4097,53,648,4,0.0002079010009765625,17.0,0,0.85,BENIGN,INFO,lightgbm,HIGH
9ac4b399a3305cbf,-6608,53,556,4,0.00016999244689941406,17.0,0,0.85,BENIGN,INFO,lightgbm,HIGH
e2c62a0fd26c0df8,-11658,80,1974,10,0.10413193702697754,6.0,4,0.85,DoS_Hulk,HIGH,lightgbm,HIGH
26f8bd27231edea6,-31787,443,12848,36,65.32516479492188,6.0,0,0.85,BENIGN,INFO,lightgbm,HIGH
46d785860b4fae8c,-5240,53,449,4,2.8804709911346436,17.0,0,0.85,BENIGN,INFO,lightgbm,HIGH
07dbb85d4d12d05d,23405,53,418,4,0.06083393096923828,17.0,0,0.85,BENIGN,INFO,lightgbm,HIGH
ebfecb7e36ec7118,-13353,53,386,4,0.0239560604095459,17.0,0,0.85,BENIGN,INFO,lightgbm,HIGH
ffce421eace9a4de,-5080,53,216,2,0.06051492691040039,17.0,0,0.85,BENIGN,INFO,lightgbm,HIGH
4ad6886b4b7c0130,-4382,53,285,2,0.023580074310302734,17.0,0,0.85,BENIGN,INFO,lightgbm,HIGH
f2ce71193f65984b,-20428,443,8960,22,1.353166103363037,6.0,0,0.85,BENIGN,INFO,lightgbm,HIGH
39bfbf2df0c04a65,21296,53,492,4,0.060903072357177734,17.0,0,0.85,BENIGN,INFO,lightgbm,HIGH
1176589e8522418f,12007,53,572,4,0.061482906341552734,17.0,0,0.85,BENIGN,INFO,lightgbm,HIGH
c3f76ebb6e4535e3,-4274,53,268,2,0.06051206588745117,17.0,0,0.85,BENIGN,INFO,lightgbm,HIGH
9ce6fdb316d6f988,-5419,53,522,4,688.7836303710938,17.0,0,0.85,BENIGN,INFO,lightgbm,HIGH
4b51a252d4e64c60,3590,53,368,4,0.024031877517700195,17.0,0,0.85,BENIGN,INFO,lightgbm,HIGH
9fa168b921f54078,-7459,53,466,4,0.024482011795043945,17.0,0,0.85,BENIGN,INFO,lightgbm,HIGH
0e5c24791be3ff43,-4009,53,206,2,0.0236968994140625,17.0,0,0.85,BENIGN,INFO,lightgbm,HIGH
f58c2048900c90ce,-3164,53,255,2,0.024105072021484375,17.0,0,0.85,BENIGN,INFO,lightgbm,HIGH
f71cfb51c8c65bdb,2467,53,400,4,0.06099200248718262,17.0,0,0.85,BENIGN,INFO,lightgbm,HIGH
c683806e2babbc02,18648,53,498,4,0.06117510795593262,17.0,0,0.85,BENIGN,INFO,lightgbm,HIGH
ce3e0d011283cb4e,-4567,53,406,4,143.416748046875,17.0,0,0.85,BENIGN,INFO,lightgbm,HIGH
38c5d954f87f5cdb,-24521,443,8346,21,15.503572463989258,6.0,0,0.85,BENIGN,INFO,lightgbm,HIGH
baab770c5d441586,-28014,443,8717,42,115.59602355957031,6.0,0,0.85,BENIGN,INFO,lightgbm,HIGH
1c78f29691c50c6d,-26825,80,3374,10,0.10348916053771973,6.0,4,0.85,DoS_Hulk,HIGH,lightgbm,HIGH
80573c9e0e263ef2,-26824,80,3374,10,0.1550898551940918,6.0,4,0.85,DoS_Hulk,HIGH,lightgbm,HIGH
3be656cf289bfdd6,-7256,80,552,8,5.419405937194824,6.0,4,0.85,DoS_Hulk,HIGH,lightgbm,HIGH
95e0a75b46ab07b5,1069,53,600,4,0.0002079010009765625,17.0,0,0.85,BENIGN,INFO,lightgbm,HIGH
687715a745718f5c,-17496,80,4614,32,115.5864486694336,6.0,4,0.85,DoS_Hulk,HIGH,lightgbm,HIGH
c0a5a37036083ae9,-17495,80,412,6,5.409763336181641,6.0,4,0.85,DoS_Hulk,HIGH,lightgbm,HIGH
807d4ea3864fb434,-30795,443,6905,32,60.83918762207031,6.0,0,0.85,BENIGN,INFO,lightgbm,HIGH
4df59fa3eb6e7d40,30864,53,930,4,0.0002751350402832031,17.0,0,0.85,BENIGN,INFO,lightgbm,HIGH
45539a9d195c4f33,-5508,443,7093,31,65.3725357055664,6.0,0,0.85,BENIGN,INFO,lightgbm,HIGH
f2f2b62c75366546,29412,53,564,4,0.00019311904907226562,17.0,0,0.85,BENIGN,INFO,lightgbm,HIGH
abd22ef85e964c94,-27390,443,4879,16,5.366940021514893,6.0,0,0.85,BENIGN,INFO,lightgbm,HIGH
2c5b57a726d39979,-20195,53,336,4,0.024935007095336914,17.0,0,0.85,BENIGN,INFO,lightgbm,HIGH
d0f3d26cc64d7f88,10220,53,466,4,0.04966998100280762,17.0,0,0.85,BENIGN,INFO,lightgbm,HIGH
99413c776b3368b7,-4266,53,450,4,216.04954528808594,17.0,0,0.85,BENIGN,INFO,lightgbm,HIGH
6f0c53fb530fb528,-16074,53,400,4,0.04906487464904785,17.0,0,0.85,BENIGN,INFO,lightgbm,HIGH
ab1d904176793321,-28707,53,466,4,0.049494028091430664,17.0,0,0.85,BENIGN,INFO,lightgbm,HIGH
adcf56753860a09a,-5277,53,222,2,0.04863786697387695,17.0,0,0.85,BENIGN,INFO,lightgbm,HIGH
949263c19427cbfb,-3072,53,255,2,0.04911017417907715,17.0,0,0.85,BENIGN,INFO,lightgbm,HIGH
ee4fafe86899d694,26709,53,420,4,0.024287939071655273,17.0,0,0.85,BENIGN,INFO,lightgbm,HIGH
dedb1a63ddf71746,-14377,53,446,4,0.04813981056213379,17.0,0,0.85,BENIGN,INFO,lightgbm,HIGH
c0aca8185468ee4a,-3756,53,583,4,306.89898681640625,17.0,0,0.85,BENIGN,INFO,lightgbm,HIGH
80e4b1c76a9e4ba2,-25789,53,398,4,0.07180190086364746,17.0,0,0.85,BENIGN,INFO,lightgbm,HIGH
697357bf26242169,-5499,53,366,4,0.048110008239746094,17.0,0,0.85,BENIGN,INFO,lightgbm,HIGH
7fc7c37e62fde5c9,-3102,53,491,4,4.874049186706543,17.0,0,0.85,BENIGN,INFO,lightgbm,HIGH
8da61092a369e1f7,-3786,53,286,2,0.046897172927856445,17.0,0,0.85,BENIGN,INFO,lightgbm,HIGH
40f9bca0b9b7850d,-7874,53,336,4,0.0491940975189209,17.0,0,0.85,BENIGN,INFO,lightgbm,HIGH
6bea3fa016d62f72,-1213,53,484,4,0.04943203926086426,17.0,0,0.85,BENIGN,INFO,lightgbm,HIGH
6acd62acc68fa638,-3349,53,190,2,0.0488581657409668,17.0,0,0.85,BENIGN,INFO,lightgbm,HIGH
41ecd86f1438f576,-4755,53,264,2,0.04900789260864258,17.0,0,0.85,BENIGN,INFO,lightgbm,HIGH
9fbf2e060458c618,-26817,80,3372,10,0.0991830825805664,6.0,4,0.85,DoS_Hulk,HIGH,lightgbm,HIGH
a88f2a8df833cdc5,-26816,80,3502,12,0.22253084182739258,6.0,4,0.85,DoS_Hulk,HIGH,lightgbm,HIGH
3d931a809192eb9a,-26332,443,9455,44,116.43580627441406,6.0,0,0.85,BENIGN,INFO,lightgbm,HIGH
52178c51e774bd55,3029,53,422,4,0.10815787315368652,17.0,0,0.85,BENIGN,INFO,lightgbm,HIGH
5b850ff157098b73,15247,53,358,4,0.1156611442565918,17.0,0,0.85,BENIGN,INFO,lightgbm,HIGH
1fa8da1c0d418195,-3508,53,285,2,0.11465287208557129,17.0,0,0.85,BENIGN,INFO,lightgbm,HIGH
99966cb8807a3d9d,-25361,443,7951,22,5.279181003570557,6.0,0,0.85,BENIGN,INFO,lightgbm,HIGH
b9f760f53072f4a9,-20290,443,6677,26,30.91189193725586,6.0,0,0.85,BENIGN,INFO,lightgbm,HIGH
8da191c972fdc1f5,-4376,53,263,2,0.0005290508270263672,17.0,0,0.85,BENIGN,INFO,lightgbm,HIGH
f6f1653ded8afe6c,-19557,443,9656,43,115.36888885498047,6.0,0,0.85,BENIGN,INFO,lightgbm,HIGH
7dc9ee77843282d9,-25697,443,5936,28,6.391779899597168,6.0,0,0.85,BENIGN,INFO,lightgbm,HIGH
4a3e80fd87a37919,1125,389,10230,32,2.0126960277557373,6.0,0,0.85,BENIGN,INFO,lightgbm,HIGH
2ea6005d0df42e21,1126,88,6956,18,0.0009779930114746094,6.0,0,0.85,BENIGN,INFO,lightgbm,HIGH
d7c42f3a83a97a93,-4077,53,563,4,108.68488311767578,17.0,0,0.85,BENIGN,INFO,lightgbm,HIGH
f990e8a5c73630cd,-24260,443,8666,34,60.692787170410156,6.0,0,0.85,BENIGN,INFO,lightgbm,HIGH
4cba07449172b40e,1127,389,6226,26,0.061576128005981445,6.0,0,0.85,BENIGN,INFO,lightgbm,HIGH
634c6d9eda09e2e2,-10131,53,578,4,0.13735198974609375,17.0,0,0.85,BENIGN,INFO,lightgbm,HIGH
03443c03cea9d8b9,-3831,53,607,4,306.3071594238281,17.0,0,0.85,BENIGN,INFO,lightgbm,HIGH
a8325a6c452d702e,1128,445,12788,49,11.067327499389648,6.0,0,0.85,BENIGN,INFO,lightgbm,HIGH
61010fd7908cf725,25126,53,492,4,0.00019311904907226562,17.0,0,0.85,BENIGN,INFO,lightgbm,HIGH
f49bd6b59cccbfc8,-3110,53,572,4,0.00025200843811035156,17.0,0,0.85,BENIGN,INFO,lightgbm,HIGH
cb826debc04dd3f2,-17483,80,16378,49,120.24649810791016,6.0,4,0.85,DoS_Hulk,HIGH,lightgbm,HIGH
dad58949f3582b02,-17482,80,412,6,5.050564765930176,6.0,4,0.85,DoS_Hulk,HIGH,lightgbm,HIGH
8297f00801fdaeb3,-26807,80,3374,10,0.10042190551757812,6.0,4,0.85,DoS_Hulk,HIGH,lightgbm,HIGH
e75700fae0c8d514,-26806,80,3374,10,0.43591809272766113,6.0,4,0.85,DoS_Hulk,HIGH,lightgbm,HIGH
636f1ed5d2453ce0,1129,88,6956,18,0.0011181831359863281,6.0,0,0.85,BENIGN,INFO,lightgbm,HIGH
d935350c008d1fa0,1130,88,6422,16,0.0007390975952148438,6.0,0,0.85,BENIGN,INFO,lightgbm,HIGH
3a684c2703b80957,-16262,80,2431,23,60.79447555541992,6.0,4,0.85,DoS_Hulk,HIGH,lightgbm,HIGH
ab802a6f3f0b01d9,-1381,53,540,4,0.00018310546875,17.0,0,0.85,BENIGN,INFO,lightgbm,HIGH
1b1884a443f59c89,-2425,53,550,4,0.02514195442199707,17.0,0,0.85,BENIGN,INFO,lightgbm,HIGH
6c50d086432cd6cb,-4733,53,297,2,0.024753808975219727,17.0,0,0.85,BENIGN,INFO,lightgbm,HIGH
c262e43250ffb595,29488,53,390,4,0.04724478721618652,17.0,0,0.85,BENIGN,INFO,lightgbm,HIGH
b9ba207e2b1a4096,-6525,53,358,4,0.09650111198425293,17.0,0,0.85,BENIGN,INFO,lightgbm,HIGH
821487124aba3d73,-2990,53,217,2,0.046853065490722656,17.0,0,0.85,BENIGN,INFO,lightgbm,HIGH
f7f2b8d65f1fdfc6,2087,53,456,4,0.08672595024108887,17.0,0,0.85,BENIGN,INFO,lightgbm,HIGH
4ccf1771e9193150,23517,53,384,4,0.07861900329589844,17.0,0,0.85,BENIGN,INFO,lightgbm,HIGH
8ccb4b66f4e3de0a,-3758,53,250,2,0.08634686470031738,17.0,0,0.85,BENIGN,INFO,lightgbm,HIGH
bc60e95597ce4d81,-4354,53,812,6,0.4186840057373047,17.0,0,0.85,BENIGN,INFO,lightgbm,HIGH
61e35bf04abd3f5b,-2992,53,674,4,620.0913696289062,17.0,0,0.85,BENIGN,INFO,lightgbm,HIGH
bb753bcbd1198be0,-4641,53,268,2,0.0004169940948486328,17.0,0,0.85,BENIGN,INFO,lightgbm,HIGH
768ffb504d7eba5d,-28641,443,7160,32,65.47265625,6.0,0,0.85,BENIGN,INFO,lightgbm,HIGH
bc29ca3502d9e5a7,29316,53,464,4,0.07131218910217285,17.0,0,0.85,BENIGN,INFO,lightgbm,HIGH
51bfb0b47b2e78b7,4521,53,400,4,0.1214761734008789,17.0,0,0.85,BENIGN,INFO,lightgbm,HIGH
2d0f44bfa5826ae7,-4288,53,254,2,0.0709228515625,17.0,0,0.85,BENIGN,INFO,lightgbm,HIGH
eb2d3b465819f381,-5208,53,516,4,369.8533630371094,17.0,0,0.85,BENIGN,INFO,lightgbm,HIGH
dbb505769080f4dd,-18960,53,324,4,0.06011390686035156,17.0,0,0.85,BENIGN,INFO,lightgbm,HIGH
8ac0bec6578bddf2,27098,53,454,4,0.0239260196685791,17.0,0,0.85,BENIGN,INFO,lightgbm,HIGH
4fb74cd3748a12c2,-5397,53,530,4,485.32879638671875,17.0,0,0.85,BENIGN,INFO,lightgbm,HIGH
71c873f368793c8d,-5202,53,249,2,0.023529052734375,17.0,0,0.85,BENIGN,INFO,lightgbm,HIGH
7b062c1bbde604d6,-7165,443,9107,36,65.2591552734375,6.0,0,0.85,BENIGN,INFO,lightgbm,HIGH
46f049f1670f656f,-29174,53,328,4,0.02373194694519043,17.0,0,0.85,BENIGN,INFO,lightgbm,HIGH
620321e059596566,2725,53,408,4,0.0485689640045166,17.0,0,0.85,BENIGN,INFO,lightgbm,HIGH
c622bedd331d4403,-3949,53,186,2,0.02339315414428711,17.0,0,0.85,BENIGN,INFO,lightgbm,HIGH
9b7f8898a34ec104,-4397,53,692,6,182.35389709472656,17.0,0,0.85,BENIGN,INFO,lightgbm,HIGH
413f3a92e78ceb2c,-30692,443,7748,23,10.268095970153809,6.0,0,0.85,BENIGN,INFO,lightgbm,HIGH
a2784681fe271e11,-19772,443,5955,17,0.5259628295898438,6.0,0,0.85,BENIGN,INFO,lightgbm,HIGH
2a6c810fc1dbec41,-23733,443,10240,37,61.155029296875,6.0,0,0.85,BENIGN,INFO,lightgbm,HIGH
a22b432a32167410,-11628,80,1974,10,0.07089900970458984,6.0,4,0.85,DoS_Hulk,HIGH,lightgbm,HIGH
7089142233f2b678,-11627,80,1974,10,0.41903209686279297,6.0,4,0.85,DoS_Hulk,HIGH,lightgbm,HIGH
c89321b3af060195,14459,53,392,4,0.02390599250793457,17.0,0,0.85,BENIGN,INFO,lightgbm,HIGH
b51cf1be04aa322b,-7566,53,452,4,0.04796600341796875,17.0,0,0.85,BENIGN,INFO,lightgbm,HIGH
c6546f1348d1976e,-5396,53,218,2,0.023537874221801758,17.0,0,0.85,BENIGN,INFO,lightgbm,HIGH
4d47b098139e60c0,-5207,53,248,2,0.04759097099304199,17.0,0,0.85,BENIGN,INFO,lightgbm,HIGH
3cc81e62bb352e70,-26696,53,388,4,0.06512904167175293,17.0,0,0.85,BENIGN,INFO,lightgbm,HIGH
c3539c87391f9bf3,-20348,53,466,4,0.024091005325317383,17.0,0,0.85,BENIGN,INFO,lightgbm,HIGH
0d03d7ee7afeaf57,-4687,53,542,4,619.9304809570312,17.0,0,0.85,BENIGN,INFO,lightgbm,HIGH
93c95b575a94a3c5,-16261,80,1198258,1000,0.17200183868408203,6.0,4,0.85,DoS_Hulk,HIGH,lightgbm,HIGH
586fd30a6b2f75ea,-14090,53,388,4,0.00019788742065429688,17.0,0,0.85,BENIGN,INFO,lightgbm,HIGH
16fbffdae6f43d0f,-521,53,436,4,0.061743974685668945,17.0,0,0.85,BENIGN,INFO,lightgbm,HIGH
76a27120a3d067f6,-4758,53,573,4,118.42357635498047,17.0,0,0.85,BENIGN,INFO,lightgbm,HIGH
de82b8049d6b9b61,-17016,443,9562,35,75.31237030029297,6.0,0,0.85,BENIGN,INFO,lightgbm,HIGH
49350afd13421c9e,8598,53,586,4,0.04871988296508789,17.0,0,0.85,BENIGN,INFO,lightgbm,HIGH
ce92a46fce01d0a2,-21340,53,458,4,0.09842491149902344,17.0,0,0.85,BENIGN,INFO,lightgbm,HIGH
3d337c72f98400e1,-4299,53,315,2,0.04829907417297363,17.0,0,0.85,BENIGN,INFO,lightgbm,HIGH
09bcb8968f5ce4a3,-4810,443,7456,30,60.37957763671875,6.0,0,0.85,BENIGN,INFO,lightgbm,HIGH
0d6038c5d6c200cd,18318,53,426,4,0.11225080490112305,17.0,0,0.85,BENIGN,INFO,lightgbm,HIGH
5b94d2eb98525f7a,-14059,53,330,4,0.11129617691040039,17.0,0,0.85,BENIGN,INFO,lightgbm,HIGH
53bf8a0c46e2872b,-3922,53,1088,8,482.6594543457031,17.0,0,0.85,BENIGN,INFO,lightgbm,HIGH
4f72e4af794bd138,-5367,53,576,4,1.6747379302978516,17.0,0,0.85,BENIGN,INFO,lightgbm,HIGH
044bc0f0596c5ed0,-3579,53,904,6,314.95989990234375,17.0,0,0.85,BENIGN,INFO,lightgbm,HIGH
a622964c3374d77f,-11357,443,8496,32,60.488162994384766,6.0,0,0.85,BENIGN,INFO,lightgbm,HIGH
1a86046afd2477db,-27874,53,308,4,0.07401299476623535,17.0,0,0.85,BENIGN,INFO,lightgbm,HIGH
6cff4076684f1d0c,8312,53,440,4,0.06227684020996094,17.0,0,0.85,BENIGN,INFO,lightgbm,HIGH
70ca1d9ba6b032c0,-4472,53,176,2,0.0736689567565918,17.0,0,0.85,BENIGN,INFO,lightgbm,HIGH
7b751e5b71fd7237,-16127,443,8600,20,15.55616283416748,6.0,0,0.85,BENIGN,INFO,lightgbm,HIGH
c0b475fc23e8a793,15211,53,344,4,0.03711295127868652,17.0,0,0.85,BENIGN,INFO,lightgbm,HIGH
64ce15623f6348ba,-4958,53,426,4,0.037567138671875,17.0,0,0.85,BENIGN,INFO,lightgbm,HIGH
c6c8e4867cbb5063,-3507,53,194,2,0.03675699234008789,17.0,0,0.85,BENIGN,INFO,lightgbm,HIGH
4988279a450568c7,-3851,53,498,4,3.076557159423828,17.0,0,0.85,BENIGN,INFO,lightgbm,HIGH
86990e750883b7e0,-9292,443,7362,36,75.9745101928711,6.0,0,0.85,BENIGN,INFO,lightgbm,HIGH
51df1639a151241c,-28584,443,8815,43,116.39474487304688,6.0,0,0.85,BENIGN,INFO,lightgbm,HIGH
311735f76b872241,-22667,53,670,4,0.18484997749328613,17.0,0,0.85,BENIGN,INFO,lightgbm,HIGH
4f8377ee9b921d0d,26167,53,542,4,0.18669581413269043,17.0,0,0.85,BENIGN,INFO,lightgbm,HIGH
d27bf73a5cf62f60,-3292,53,353,2,0.18529105186462402,17.0,0,0.85,BENIGN,INFO,lightgbm,HIGH
3c947eb326b87e7d,-14865,53,324,4,0.03772997856140137,17.0,0,0.85,BENIGN,INFO,lightgbm,HIGH
50053a00d726334d,20653,53,416,4,0.038591861724853516,17.0,0,0.85,BENIGN,INFO,lightgbm,HIGH
ea605ef3c883ac1c,-5231,53,564,4,619.20703125,17.0,0,0.85,BENIGN,INFO,lightgbm,HIGH
ec4dd3d0e9597837,-5338,53,869,6,305.62713623046875,17.0,0,0.85,BENIGN,INFO,lightgbm,HIGH
b739a617c6a1daf9,-11620,80,2040,11,0.11136102676391602,6.0,4,0.85,DoS_Hulk,HIGH,lightgbm,HIGH
9c09fa8cb351f4db,-31585,443,6456,22,11.134654998779297,6.0,0,0.85,BENIGN,INFO,lightgbm,HIGH
56ecfe0181765c62,-5112,53,244,2,0.00074005126953125,17.0,0,0.85,BENIGN,INFO,lightgbm,HIGH
9148ed9bc8af78fc,-23114,443,8988,47,116.08419799804688,6.0,0,0.85,BENIGN,INFO,lightgbm,HIGH
0ecee78686cc3a75,1528,53,504,4,0.03765606880187988,17.0,0,0.85,BENIGN,INFO,lightgbm,HIGH
6c3aa530210d8bfd,4804,53,472,4,0.03779315948486328,17.0,0,0.85,BENIGN,INFO,lightgbm,HIGH
406b111e8e8c6668,-5000,53,274,2,0.0372920036315918,17.0,0,0.85,BENIGN,INFO,lightgbm,HIGH
9324df6ea132b49c,-22556,443,8198,21,2.734844923019409,6.0,0,0.85,BENIGN,INFO,lightgbm,HIGH
0e00a76db808e5ec,-1070,53,492,4,0.07933497428894043,17.0,0,0.85,BENIGN,INFO,lightgbm,HIGH
f11824f83b1030da,-9126,53,572,4,0.1406259536743164,17.0,0,0.85,BENIGN,INFO,lightgbm,HIGH
b1108cfa4998b408,-4769,53,268,2,0.07892608642578125,17.0,0,0.85,BENIGN,INFO,lightgbm,HIGH
eb48be2217381744,-3273,53,308,2,0.1399989128112793,17.0,0,0.85,BENIGN,INFO,lightgbm,HIGH
d64e043792baa0d6,-7803,53,416,4,0.06135201454162598,17.0,0,0.85,BENIGN,INFO,lightgbm,HIGH
edd5013dc4fc7dc6,-29837,53,478,4,0.062335968017578125,17.0,0,0.85,BENIGN,INFO,lightgbm,HIGH
3431c0c8f15ef01c,-5062,53,230,2,0.06096196174621582,17.0,0,0.85,BENIGN,INFO,lightgbm,HIGH
5a8e6e3af79d519e,-4956,53,520,4,616.7689208984375,17.0,0,0.85,BENIGN,INFO,lightgbm,HIGH
e33c267af3d02987,-28313,53,352,4,0.029942989349365234,17.0,0,0.85,BENIGN,INFO,lightgbm,HIGH
964c177f436b20d2,2239,53,480,4,0.029835939407348633,17.0,0,0.85,BENIGN,INFO,lightgbm,HIGH
53b4c554bac0f813,-4538,53,198,2,0.0296630859375,17.0,0,0.85,BENIGN,INFO,lightgbm,HIGH
503a727c5f032e69,-3335,53,262,2,0.029489994049072266,17.0,0,0.85,BENIGN,INFO,lightgbm,HIGH
f8fdb0aaf6405ec0,-17462,80,4368,32,115.75582885742188,6.0,4,0.85,DoS_Hulk,HIGH,lightgbm,HIGH
bc54012bf24bf000,-17461,80,478,7,5.582558631896973,6.0,4,0.85,DoS_Hulk,HIGH,lightgbm,HIGH
ee06dd287b08140b,-11227,443,8485,24,12.166587829589844,6.0,0,0.85,BENIGN,INFO,lightgbm,HIGH
505f26f1b06338ef,-24450,443,7751,22,0.45900893211364746,6.0,0,0.85,BENIGN,INFO,lightgbm,HIGH
27058dbeb86380c4,-11612,80,1974,10,0.0864717960357666,6.0,4,0.85,DoS_Hulk,HIGH,lightgbm,HIGH
e6bd251d6ec1837d,-26783,80,3448,11,2.0846760272979736,6.0,4,0.85,DoS_Hulk,HIGH,lightgbm,HIGH
92b1c29255bc0757,-26782,80,3372,10,0.1016390323638916,6.0,4,0.85,DoS_Hulk,HIGH,lightgbm,HIGH
3256611b12adba71,10581,53,580,4,0.15944910049438477,17.0,0,0.85,BENIGN,INFO,lightgbm,HIGH
78c643e51bc147c0,-1592,53,516,4,0.16556715965270996,17.0,0,0.85,BENIGN,INFO,lightgbm,HIGH
62eba2a3a86ec921,-4078,53,640,4,305.0908508300781,17.0,0,0.85,BENIGN,INFO,lightgbm,HIGH
fd6fc42f5ddd6815,-5406,53,725,4,620.2911376953125,17.0,0,0.85,BENIGN,INFO,lightgbm,HIGH
f5225ab055c60dd1,-30439,53,340,4,0.04836583137512207,17.0,0,0.85,BENIGN,INFO,lightgbm,HIGH
32b14908bd150b74,-8696,53,430,4,0.048872947692871094,17.0,0,0.85,BENIGN,INFO,lightgbm,HIGH
1b6190adbabeaa22,-3689,53,192,2,0.04796290397644043,17.0,0,0.85,BENIGN,INFO,lightgbm,HIGH
7b99c51ac2cfd35c,-5082,53,237,2,0.04843306541442871,17.0,0,0.85,BENIGN,INFO,lightgbm,HIGH
437276daa7feb8e5,-27030,443,8569,32,60.31745529174805,6.0,0,0.85,BENIGN,INFO,lightgbm,HIGH
d56ce7f38d0e5ba0,-4790,53,542,4,483.9521484375,17.0,0,0.85,BENIGN,INFO,lightgbm,HIGH
681f0af665981f4f,-11107,443,6544,31,60.723453521728516,6.0,0,0.85,BENIGN,INFO,lightgbm,HIGH
60a2ba2a46c951ba,-26779,80,3374,10,0.33202099800109863,6.0,4,0.85,DoS_Hulk,HIGH,lightgbm,HIGH
26114df6c87889d3,28368,53,320,4,0.04886317253112793,17.0,0,0.85,BENIGN,INFO,lightgbm,HIGH
dc30a72d12a1922f,-7942,53,456,4,0.04853510856628418,17.0,0,0.85,BENIGN,INFO,lightgbm,HIGH
aeee88536077fc2d,-3889,53,182,2,0.048510074615478516,17.0,0,0.85,BENIGN,INFO,lightgbm,HIGH
6c4d047d75d61d5f,-3341,53,546,4,304.2688293457031,17.0,0,0.85,BENIGN,INFO,lightgbm,HIGH
98ef7be555cd3943,-23061,53,352,4,0.05001091957092285,17.0,0,0.85,BENIGN,INFO,lightgbm,HIGH
69035a32489edd4d,-3107,53,450,4,0.0488131046295166,17.0,0,0.85,BENIGN,INFO,lightgbm,HIGH
da1b01440326e771,-3284,53,198,2,0.04966592788696289,17.0,0,0.85,BENIGN,INFO,lightgbm,HIGH
8ff966279540d52c,-26061,443,6199,19,3.943091869354248,6.0,0,0.85,BENIGN,INFO,lightgbm,HIGH
d587dc7ce79036b0,-9792,443,6465,28,60.24737548828125,6.0,0,0.85,BENIGN,INFO,lightgbm,HIGH
0b5b734a78fe45be,26040,53,554,4,0.1488330364227295,17.0,0,0.85,BENIGN,INFO,lightgbm,HIGH
eac593b9b50faed1,17133,53,490,4,0.15944981575012207,17.0,0,0.85,BENIGN,INFO,lightgbm,HIGH
de80256e1460e4f9,-3042,53,299,2,0.1483919620513916,17.0,0,0.85,BENIGN,INFO,lightgbm,HIGH
21ebe3d227c440e8,-3595,53,349,2,0.15834403038024902,17.0,0,0.85,BENIGN,INFO,lightgbm,HIGH
94537692b30a8d14,11440,53,562,4,0.19868707656860352,17.0,0,0.85,BENIGN,INFO,lightgbm,HIGH
064047d250363dc0,22258,53,434,4,0.06139993667602539,17.0,0,0.85,BENIGN,INFO,lightgbm,HIGH
fc54fd4b23de45e5,-4670,53,276,2,0.1983029842376709,17.0,0,0.85,BENIGN,INFO,lightgbm,HIGH
40bd123b06a91d6b,-4047,53,278,2,0.06099987030029297,17.0,0,0.85,BENIGN,INFO,lightgbm,HIGH
4fd558bfc26deea5,-1034,53,492,4,0.06648898124694824,17.0,0,0.85,BENIGN,INFO,lightgbm,HIGH
68394a87521d8eb4,20038,53,572,4,0.07617306709289551,17.0,0,0.85,BENIGN,INFO,lightgbm,HIGH
af753af4507d2383,-5310,53,308,2,0.07574200630187988,17.0,0,0.85,BENIGN,INFO,lightgbm,HIGH
81ed26cedcd1884f,-5055,53,336,2,0.0004870891571044922,17.0,0,0.85,BENIGN,INFO,lightgbm,HIGH
bc311d8c51978eda,-6170,443,8193,33,60.506465911865234,6.0,0,0.85,BENIGN,INFO,lightgbm,HIGH
4db8cd191e81bcee,29581,53,474,4,0.046922922134399414,17.0,0,0.85,BENIGN,INFO,lightgbm,HIGH
a253409ff72d0c80,32101,53,346,4,0.04822802543640137,17.0,0,0.85,BENIGN,INFO,lightgbm,HIGH
ace06d6180699b4f,-3938,53,259,2,0.04652810096740723,17.0,0,0.85,BENIGN,INFO,lightgbm,HIGH
dcc2f2b14e7d0d0d,-4118,53,686,6,617.5852661132812,17.0,0,0.85,BENIGN,INFO,lightgbm,HIGH
eabf0a76d4bf2564,-4357,53,1377,10,212.06704711914062,17.0,0,0.85,BENIGN,INFO,lightgbm,HIGH
236e6c57260dc13d,-11527,443,8149,31,65.3917465209961,6.0,0,0.85,BENIGN,INFO,lightgbm,HIGH
be4a2c9c08ab54fa,-17448,80,3814,24,77.49745178222656,6.0,4,0.85,DoS_Hulk,HIGH,lightgbm,HIGH
5132abd0e639ebda,-17447,80,478,7,5.734332084655762,6.0,4,0.85,DoS_Hulk,HIGH,lightgbm,HIGH
a2395bbd58cfe9b7,-28092,53,348,4,0.08134794235229492,17.0,0,0.85,BENIGN,INFO,lightgbm,HIGH
24d8f1eec3e9a58f,7846,53,446,4,0.04811596870422363,17.0,0,0.85,BENIGN,INFO,lightgbm,HIGH
2fa8ad55c6d89496,-4531,53,245,2,0.04773998260498047,17.0,0,0.85,BENIGN,INFO,lightgbm,HIGH
a8f051f939538a0c,3999,53,534,4,0.04720187187194824,17.0,0,0.85,BENIGN,INFO,lightgbm,HIGH
6b3db8deb182cd5c,20132,53,406,4,0.04836392402648926,17.0,0,0.85,BENIGN,INFO,lightgbm,HIGH
cd9b12fa990b4bc5,-4947,53,554,4,609.523193359375,17.0,0,0.85,BENIGN,INFO,lightgbm,HIGH
63b8aba4a600d0cd,-11600,80,1974,10,0.07091212272644043,6.0,4,0.85,DoS_Hulk,HIGH,lightgbm,HIGH
d351b32ce5657087,-11599,80,2116,12,3.114906072616577,6.0,4,0.85,DoS_Hulk,HIGH,lightgbm,HIGH
598b7e9feb29d7e9,-4373,53,322,2,0.0005249977111816406,17.0,0,0.85,BENIGN,INFO,lightgbm,HIGH
75d09352e061eafc,-8632,443,7009,32,61.251617431640625,6.0,0,0.85,BENIGN,INFO,lightgbm,HIGH
6d9ad2c6acd9d82e,-16260,80,2876,10,9.492448806762695,6.0,4,0.85,DoS_Hulk,HIGH,lightgbm,HIGH
452f71841f058901,-22153,443,5825,18,5.221653938293457,6.0,0,0.85,BENIGN,INFO,lightgbm,HIGH
df9d9a7b7e879b9e,-27741,443,8837,32,60.9881706237793,6.0,0,0.85,BENIGN,INFO,lightgbm,HIGH
acb2884988c4a3a4,3027,53,428,4,0.061209917068481445,17.0,0,0.85,BENIGN,INFO,lightgbm,HIGH
8b5dd840b5561ff5,-19329,53,462,4,0.02439594268798828,17.0,0,0.85,BENIGN,INFO,lightgbm,HIGH
7358d007d446999c,-3313,53,436,4,294.9859619140625,17.0,0,0.85,BENIGN,INFO,lightgbm,HIGH
187ec45aecafb603,-4377,53,253,2,0.024007081985473633,17.0,0,0.85,BENIGN,INFO,lightgbm,HIGH
2a3fbc703e7d1bce,-28794,53,450,4,0.203779935836792,17.0,0,0.85,BENIGN,INFO,lightgbm,HIGH
640c1808eb4a5563,-23060,53,418,4,0.1320638656616211,17.0,0,0.85,BENIGN,INFO,lightgbm,HIGH
f5a02bef25d413a0,-3384,53,247,2,0.2033979892730713,17.0,0,0.85,BENIGN,INFO,lightgbm,HIGH
4b9a81abd08393ce,-3063,53,289,2,0.1308438777923584,17.0,0,0.85,BENIGN,INFO,lightgbm,HIGH
e35bd9f582748998,-26767,80,3438,11,0.10036587715148926,6.0,4,0.85,DoS_Hulk,HIGH,lightgbm,HIGH
319ae1e6954f38c3,-26766,80,3440,11,0.6666769981384277,6.0,4,0.85,DoS_Hulk,HIGH,lightgbm,HIGH
9b7c1952d9ab2e6a,-23100,443,8650,33,60.81862258911133,6.0,0,0.85,BENIGN,INFO,lightgbm,HIGH
b166c6d00328f217,-2150,53,528,4,0.07966113090515137,17.0,0,0.85,BENIGN,INFO,lightgbm,HIGH
1223119ace909517,-11067,53,442,4,0.024232149124145508,17.0,0,0.85,BENIGN,INFO,lightgbm,HIGH
65474ad62c123030,-3475,53,286,2,0.07924795150756836,17.0,0,0.85,BENIGN,INFO,lightgbm,HIGH
fbc8ec2699126731,-4766,53,479,4,196.26133728027344,17.0,0,0.85,BENIGN,INFO,lightgbm,HIGH
32932848737bcb0d,-10651,53,428,4,0.0238950252532959,17.0,0,0.85,BENIGN,INFO,lightgbm,HIGH
ee105733dd3ddd41,15168,53,454,4,0.02427983283996582,17.0,0,0.85,BENIGN,INFO,lightgbm,HIGH
7bbc76236d600479,-3678,53,236,2,0.023506879806518555,17.0,0,0.85,BENIGN,INFO,lightgbm,HIGH
e4c60fbfdecb7845,-4214,53,489,4,220.73207092285156,17.0,0,0.85,BENIGN,INFO,lightgbm,HIGH
695ddd8fc21933c0,-5197,53,617,4,2.045397996902466,17.0,0,0.85,BENIGN,INFO,lightgbm,HIGH
59335d6d47569cb4,-19158,443,7255,30,60.550498962402344,6.0,0,0.85,BENIGN,INFO,lightgbm,HIGH
aceeba3392a764c3,-31779,443,10003,43,115.42835998535156,6.0,0,0.85,BENIGN,INFO,lightgbm,HIGH
6fa77082f9ccc31f,-29551,443,8104,41,115.40156555175781,6.0,0,0.85,BENIGN,INFO,lightgbm,HIGH
7f929166c10fb06e,-6783,53,482,4,0.10668206214904785,17.0,0,0.85,BENIGN,INFO,lightgbm,HIGH
0137ebfef37ba239,-30091,53,450,4,0.09506511688232422,17.0,0,0.85,BENIGN,INFO,lightgbm,HIGH
458bab55265a7242,-3146,53,308,2,0.09388184547424316,17.0,0,0.85,BENIGN,INFO,lightgbm,HIGH
445ec62387c30609,-531,53,580,4,0.0474848747253418,17.0,0,0.85,BENIGN,INFO,lightgbm,HIGH
6e373543f755a2bd,1160,53,480,4,0.024110794067382812,17.0,0,0.85,BENIGN,INFO,lightgbm,HIGH
5dd436ed6afd92f2,-4610,53,312,2,0.04707813262939453,17.0,0,0.85,BENIGN,INFO,lightgbm,HIGH
0332177cda13ab7e,7753,53,498,4,0.07169079780578613,17.0,0,0.85,BENIGN,INFO,lightgbm,HIGH
5621412746fd5384,31076,53,434,4,0.12175607681274414,17.0,0,0.85,BENIGN,INFO,lightgbm,HIGH
7d23e567f6d43888,-5253,53,317,2,0.1206669807434082,17.0,0,0.85,BENIGN,INFO,lightgbm,HIGH
45de8fcecf1d8cec,-22445,443,8602,34,60.657073974609375,6.0,0,0.85,BENIGN,INFO,lightgbm,HIGH
9310753f33dbb020,27028,53,728,4,0.046998023986816406,17.0,0,0.85,BENIGN,INFO,lightgbm,HIGH
78b8db3dd9ea4d74,-5830,53,472,4,0.0975499153137207,17.0,0,0.85,BENIGN,INFO,lightgbm,HIGH
7f66ad062897f58d,-4686,53,592,4,1.8753421306610107,17.0,0,0.85,BENIGN,INFO,lightgbm,HIGH
ef8202183860ff60,-5259,53,340,2,0.09643697738647461,17.0,0,0.85,BENIGN,INFO,lightgbm,HIGH
4c12552eb56169c6,-4278,53,249,2,0.0004889965057373047,17.0,0,0.85,BENIGN,INFO,lightgbm,HIGH
02783a8879b48f93,-13100,443,6421,18,0.16798996925354004,6.0,0,0.85,BENIGN,INFO,lightgbm,HIGH
407de87a45fbf499,-4449,53,324,2,0.0004990100860595703,17.0,0,0.85,BENIGN,INFO,lightgbm,HIGH
4c892aaab9dc4f4b,-13921,443,8801,34,61.07627487182617,6.0,0,0.85,BENIGN,INFO,lightgbm,HIGH
de820a6686faefeb,-23505,53,428,4,0.06505608558654785,17.0,0,0.85,BENIGN,INFO,lightgbm,HIGH
87e7732eb4557d21,17047,53,452,4,0.024289846420288086,17.0,0,0.85,BENIGN,INFO,lightgbm,HIGH
469281b427d4ef41,-3411,53,236,2,0.06461215019226074,17.0,0,0.85,BENIGN,INFO,lightgbm,HIGH
440677a8a27f2e7b,-3062,53,500,4,1.3781731128692627,17.0,0,0.85,BENIGN,INFO,lightgbm,HIGH
f7d9b734ab677906,-5068,53,572,4,143.05328369140625,17.0,0,0.85,BENIGN,INFO,lightgbm,HIGH
8636d154f6dc2117,-31810,443,6643,29,60.3932991027832,6.0,0,0.85,BENIGN,INFO,lightgbm,HIGH
e691cf87659c2297,-30151,443,9566,23,5.245087623596191,6.0,0,0.85,BENIGN,INFO,lightgbm,HIGH
639c807a48e586a2,-18338,53,492,4,0.08750295639038086,17.0,0,0.85,BENIGN,INFO,lightgbm,HIGH
1d70f8ee7008f9d5,32506,53,572,4,0.06076788902282715,17.0,0,0.85,BENIGN,INFO,lightgbm,HIGH
1645e982a3520d19,9154,53,390,4,0.18872690200805664,17.0,0,0.85,BENIGN,INFO,lightgbm,HIGH
999712724b54506c,-22055,53,358,4,0.09598207473754883,17.0,0,0.85,BENIGN,INFO,lightgbm,HIGH
d6e277077bd6d50c,-3515,53,217,2,0.18831300735473633,17.0,0,0.85,BENIGN,INFO,lightgbm,HIGH
e3b5aadf789110fc,-17430,80,2501,10,0.271928071975708,6.0,4,0.85,DoS_Hulk,HIGH,lightgbm,HIGH
16ad79a896251b59,-17429,80,412,6,5.779085159301758,6.0,4,0.85,DoS_Hulk,HIGH,lightgbm,HIGH
5227bd5ca678ebd5,-13128,53,674,4,0.04719686508178711,17.0,0,0.85,BENIGN,INFO,lightgbm,HIGH
7777fa9fa6bdb10b,2653,53,418,4,0.11880016326904297,17.0,0,0.85,BENIGN,INFO,lightgbm,HIGH
a6c24ac5477fa8c4,-4015,53,359,2,0.04667496681213379,17.0,0,0.85,BENIGN,INFO,lightgbm,HIGH
cd2ba8e781a75848,-3343,53,240,2,0.0005061626434326172,17.0,0,0.85,BENIGN,INFO,lightgbm,HIGH
3d4e2983b9ad022c,13570,53,768,4,0.09325385093688965,17.0,0,0.85,BENIGN,INFO,lightgbm,HIGH
9bee5c68c710cf18,-16033,53,512,4,0.12199592590332031,17.0,0,0.85,BENIGN,INFO,lightgbm,HIGH
d792e7c404183620,-3948,53,624,4,310.9526062011719,17.0,0,0.85,BENIGN,INFO,lightgbm,HIGH
3b2af62311e3a6fb,-3942,53,574,4,307.26214599609375,17.0,0,0.85,BENIGN,INFO,lightgbm,HIGH
10b3b25a0b14c09d,19663,53,382,4,0.09096407890319824,17.0,0,0.85,BENIGN,INFO,lightgbm,HIGH
057de2177a9bf4ab,25225,53,350,4,0.12672185897827148,17.0,0,0.85,BENIGN,INFO,lightgbm,HIGH
e693947063b2121e,-4208,53,260,2,0.12568998336791992,17.0,0,0.85,BENIGN,INFO,lightgbm,HIGH
a25e00011acafe20,-26390,443,6933,32,61.122596740722656,6.0,0,0.85,BENIGN,INFO,lightgbm,HIGH
ac991252075543e0,-13395,53,716,4,0.09428215026855469,17.0,0,0.85,BENIGN,INFO,lightgbm,HIGH
571bf7efa8cc5dc8,15031,53,460,4,0.1431429386138916,17.0,0,0.85,BENIGN,INFO,lightgbm,HIGH
0fd84d050e346d8c,-3022,53,380,2,0.09374499320983887,17.0,0,0.85,BENIGN,INFO,lightgbm,HIGH
ee922c7383039b2b,-16558,443,6714,18,11.042724609375,6.0,0,0.85,BENIGN,INFO,lightgbm,HIGH
65cb131c25ab7896,-13249,53,722,4,0.06963300704956055,17.0,0,0.85,BENIGN,INFO,lightgbm,HIGH
e811926b8f050554,-6885,53,466,4,0.07149100303649902,17.0,0,0.85,BENIGN,INFO,lightgbm,HIGH
ee46a3d1e7e488ee,-5064,53,1483,10,339.5881652832031,17.0,0,0.85,BENIGN,INFO,lightgbm,HIGH
c3956796198fa8b3,-4619,53,337,2,0.07047796249389648,17.0,0,0.85,BENIGN,INFO,lightgbm,HIGH
32d4177a617f224a,-16501,443,8478,32,60.990909576416016,6.0,0,0.85,BENIGN,INFO,lightgbm,HIGH
d6edfbc86ee784b9,-6431,443,6161,17,5.272871971130371,6.0,0,0.85,BENIGN,INFO,lightgbm,HIGH
9c18401891afa392,-4656,53,642,4,105.5299072265625,17.0,0,0.85,BENIGN,INFO,lightgbm,HIGH
5f765cb0ed9b3eb1,-31551,443,10490,36,61.297916412353516,6.0,0,0.85,BENIGN,INFO,lightgbm,HIGH
c2a055778f5eb3f4,-3535,53,550,4,481.71502685546875,17.0,0,0.85,BENIGN,INFO,lightgbm,HIGH
2aacd3f872c425b0,-28916,53,492,4,0.061239004135131836,17.0,0,0.85,BENIGN,INFO,lightgbm,HIGH
90105a49ad9f8185,-32193,53,572,4,0.0778360366821289,17.0,0,0.85,BENIGN,INFO,lightgbm,HIGH
b0b9bd1c02ea5330,-5057,53,478,4,331.7235412597656,17.0,0,0.85,BENIGN,INFO,lightgbm,HIGH
c75550c14090e9b6,-3771,53,308,2,0.07736396789550781,17.0,0,0.85,BENIGN,INFO,lightgbm,HIGH
1dfd9e2cc5964b6c,-5183,443,6877,30,60.62918472290039,6.0,0,0.85,BENIGN,INFO,lightgbm,HIGH
b82aeb597e02dab6,-17422,80,4374,32,115.5482177734375,6.0,4,0.85,DoS_Hulk,HIGH,lightgbm,HIGH
314322b815de5f74,-17421,80,412,6,5.377288818359375,6.0,4,0.85,DoS_Hulk,HIGH,lightgbm,HIGH
aaa5a5c401c9efdf,-15104,53,510,4,0.00026106834411621094,17.0,0,0.85,BENIGN,INFO,lightgbm,HIGH
8e632f44a78d4c1c,-20346,443,9216,20,1.2927870750427246,6.0,0,0.85,BENIGN,INFO,lightgbm,HIGH
97a345c5742830c3,-20345,443,7440,19,5.40516471862793,6.0,0,0.85,BENIGN,INFO,lightgbm,HIGH
9b067efc69dc5a15,21253,53,612,4,0.2498021125793457,17.0,0,0.85,BENIGN,INFO,lightgbm,HIGH
71ca67ec762d7c2c,-31269,53,452,4,0.07096314430236816,17.0,0,0.85,BENIGN,INFO,lightgbm,HIGH
894b5cde0b406fe0,5424,53,344,4,0.02385401725769043,17.0,0,0.85,BENIGN,INFO,lightgbm,HIGH
dea82edd9bb37394,22346,53,482,4,0.024222850799560547,17.0,0,0.85,BENIGN,INFO,lightgbm,HIGH
20961bbb83973486,-4055,53,194,2,0.023447036743164062,17.0,0,0.85,BENIGN,INFO,lightgbm,HIGH
ab8368dddd58bacd,-14839,443,8028,43,116.3438720703125,6.0,0,0.85,BENIGN,INFO,lightgbm,HIGH
ce8edf134eb15ba6,-4989,53,272,2,0.0004930496215820312,17.0,0,0.85,BENIGN,INFO,lightgbm,HIGH
4ca8fdb0dd21c80d,-2938,53,446,4,0.07002997398376465,17.0,0,0.85,BENIGN,INFO,lightgbm,HIGH
d910c95394688828,9695,53,414,4,0.07256579399108887,17.0,0,0.85,BENIGN,INFO,lightgbm,HIGH
aa87e7c1a77ea9ca,-3966,53,618,4,419.9271240234375,17.0,0,0.85,BENIGN,INFO,lightgbm,HIGH
b0022d36d7f63bdc,-8640,53,656,4,0.04787707328796387,17.0,0,0.85,BENIGN,INFO,lightgbm,HIGH
6096cc14fa11a5ac,17045,53,400,4,0.04893803596496582,17.0,0,0.85,BENIGN,INFO,lightgbm,HIGH
13d21fa87d76376c,-5451,53,951,6,312.29608154296875,17.0,0,0.85,BENIGN,INFO,lightgbm,HIGH
e9e3f1865963159e,-3512,53,299,2,0.04782414436340332,17.0,0,0.85,BENIGN,INFO,lightgbm,HIGH
8e580709fb287090,-4010,53,313,2,0.0005369186401367188,17.0,0,0.85,BENIGN,INFO,lightgbm,HIGH
1e050d0393b28ea6,-4812,53,246,2,0.0006330013275146484,17.0,0,0.85,BENIGN,INFO,lightgbm,HIGH
dc9548730f405781,-26756,443,8657,34,60.664947509765625,6.0,0,0.85,BENIGN,INFO,lightgbm,HIGH
08fee251af3514bd,-31917,443,10337,23,0.4420478343963623,6.0,0,0.85,BENIGN,INFO,lightgbm,HIGH
180510b9a75c8a80,-8286,53,328,4,0.06041908264160156,17.0,0,0.85,BENIGN,INFO,lightgbm,HIGH
a7727c31e9ea3aed,12004,53,430,4,0.02384805679321289,17.0,0,0.85,BENIGN,INFO,lightgbm,HIGH
16cc575de8106ed9,-3792,53,186,2,0.06007885932922363,17.0,0,0.85,BENIGN,INFO,lightgbm,HIGH
8e5e74f0dd16e763,32567,53,1082,4,0.04784083366394043,17.0,0,0.85,BENIGN,INFO,lightgbm,HIGH
750ff66dbc3288b2,15874,53,566,4,0.04810786247253418,17.0,0,0.85,BENIGN,INFO,lightgbm,HIGH
265042104f2130d1,-5360,53,563,2,0.047197818756103516,17.0,0,0.85,BENIGN,INFO,lightgbm,HIGH
2c717d9243178d68,-5335,53,960,6,314.1680908203125,17.0,0,0.85,BENIGN,INFO,lightgbm,HIGH
fa017d796fc60d56,-27371,443,7077,18,0.2624998092651367,6.0,0,0.85,BENIGN,INFO,lightgbm,HIGH
87c61f03a60b5f67,-5223,443,7863,30,65.14872741699219,6.0,0,0.85,BENIGN,INFO,lightgbm,HIGH
ea94a97c787d07b4,-32532,443,8712,35,181.11123657226562,6.0,0,0.85,BENIGN,INFO,lightgbm,HIGH
1e8d6fc12206253d,-23417,53,422,4,0.024091005325317383,17.0,0,0.85,BENIGN,INFO,lightgbm,HIGH
75fcdee2476c82ae,-22852,53,326,4,0.04784107208251953,17.0,0,0.85,BENIGN,INFO,lightgbm,HIGH
3474acf4a76a15ba,-3391,53,486,4,200.1623992919922,17.0,0,0.85,BENIGN,INFO,lightgbm,HIGH
4f4f3430bbc50920,18831,53,510,4,0.12478899955749512,17.0,0,0.85,BENIGN,INFO,lightgbm,HIGH
3064d6eb60b785c2,-12338,53,446,4,0.09741783142089844,17.0,0,0.85,BENIGN,INFO,lightgbm,HIGH
33e0d5454abb8040,-4474,53,277,2,0.12440299987792969,17.0,0,0.85,BENIGN,INFO,lightgbm,HIGH
49df3382ad04043f,-4977,53,327,2,0.09635400772094727,17.0,0,0.85,BENIGN,INFO,lightgbm,HIGH
b3aac3884dce0691,-23124,443,7960,42,115.92034912109375,6.0,0,0.85,BENIGN,INFO,lightgbm,HIGH
1a34e218acfacaf7,23257,53,412,4,0.0615689754486084,17.0,0,0.85,BENIGN,INFO,lightgbm,HIGH
d979aec29666acea,11007,53,436,4,0.06323099136352539,17.0,0,0.85,BENIGN,INFO,lightgbm,HIGH
8cdceca8dbc12d5c,-3144,53,228,2,0.06121206283569336,17.0,0,0.85,BENIGN,INFO,lightgbm,HIGH
b3b758dee56207c6,-4110,53,596,4,311.3980712890625,17.0,0,0.85,BENIGN,INFO,lightgbm,HIGH
46014360134c3b76,-13728,443,8405,23,0.39965200424194336,6.0,0,0.85,BENIGN,INFO,lightgbm,HIGH
3a785f2f9a905433,27558,53,460,4,0.04665207862854004,17.0,0,0.85,BENIGN,INFO,lightgbm,HIGH
8a47653caf062c6f,20152,53,510,4,0.04737997055053711,17.0,0,0.85,BENIGN,INFO,lightgbm,HIGH
47bbc4c8b18c59f9,-3280,53,277,2,0.046942949295043945,17.0,0,0.85,BENIGN,INFO,lightgbm,HIGH
c3a142da785eab3b,-4167,53,328,2,0.0004830360412597656,17.0,0,0.85,BENIGN,INFO,lightgbm,HIGH
8746ed01ef75f5de,-23190,443,8601,32,60.68351745605469,6.0,0,0.85,BENIGN,INFO,lightgbm,HIGH
c020a9e6f9e47aaf,-11908,443,10829,35,70.97115325927734,6.0,0,0.85,BENIGN,INFO,lightgbm,HIGH
43e254a5b66b6c91,-9241,53,360,4,0.0599370002746582,17.0,0,0.85,BENIGN,INFO,lightgbm,HIGH
c585d5e58695ac37,20914,53,456,4,0.048922061920166016,17.0,0,0.85,BENIGN,INFO,lightgbm,HIGH
8ee4b26370f1df0f,-4065,53,435,4,606.5116577148438,17.0,0,0.85,BENIGN,INFO,lightgbm,HIGH
5fa94203ffccab11,-6311,443,6447,20,15.381478309631348,6.0,0,0.85,BENIGN,INFO,lightgbm,HIGH
a3c5fd3a97e197ef,-26733,80,3370,10,0.0996549129486084,6.0,4,0.85,DoS_Hulk,HIGH,lightgbm,HIGH
38a34e38dea4dd9a,-26732,80,3374,10,0.3287479877471924,6.0,4,0.85,DoS_Hulk,HIGH,lightgbm,HIGH
41089fd4d9742570,9564,53,412,4,0.04727482795715332,17.0,0,0.85,BENIGN,INFO,lightgbm,HIGH
d051aaf75613d7e0,-16688,53,380,4,0.0726020336151123,17.0,0,0.85,BENIGN,INFO,lightgbm,HIGH
0dc385bc2efc5aa8,-4703,53,228,2,0.04688286781311035,17.0,0,0.85,BENIGN,INFO,lightgbm,HIGH
9baffa5950989101,-30142,443,9840,47,115.53157043457031,6.0,0,0.85,BENIGN,INFO,lightgbm,HIGH
a5ec606d276185fd,-11208,53,700,4,0.06991910934448242,17.0,0,0.85,BENIGN,INFO,lightgbm,HIGH
2d2c2f98bbcb2e91,-25790,53,444,4,0.10282707214355469,17.0,0,0.85,BENIGN,INFO,lightgbm,HIGH
6a0362cb68050081,-4520,53,322,2,0.10175704956054688,17.0,0,0.85,BENIGN,INFO,lightgbm,HIGH
6e355af9300bda65,15837,53,368,4,0.06079411506652832,17.0,0,0.85,BENIGN,INFO,lightgbm,HIGH
6424841298e01fdb,7989,53,442,4,0.02401590347290039,17.0,0,0.85,BENIGN,INFO,lightgbm,HIGH
d61eb1e362e60275,-20262,443,6857,29,60.986717224121094,6.0,0,0.85,BENIGN,INFO,lightgbm,HIGH
84ef5f7696270043,-26063,443,6978,32,61.18427658081055,6.0,0,0.85,BENIGN,INFO,lightgbm,HIGH
6e3e4f05948f96a8,-5612,53,474,4,0.20715093612670898,17.0,0,0.85,BENIGN,INFO,lightgbm,HIGH
9f7efe2c0e16e83a,-30891,53,442,4,0.18356895446777344,17.0,0,0.85,BENIGN,INFO,lightgbm,HIGH
c58727a6f9271174,-3570,53,443,4,432.792236328125,17.0,0,0.85,BENIGN,INFO,lightgbm,HIGH
e770e5b885905889,-3946,53,301,2,0.18249893188476562,17.0,0,0.85,BENIGN,INFO,lightgbm,HIGH
71d7c7da75713781,-6081,53,494,4,0.2002110481262207,17.0,0,0.85,BENIGN,INFO,lightgbm,HIGH
cf133a545fcb7791,12755,53,462,4,0.1935899257659912,17.0,0,0.85,BENIGN,INFO,lightgbm,HIGH
e09e673036f778fd,-4453,53,269,2,0.1998279094696045,17.0,0,0.85,BENIGN,INFO,lightgbm,HIGH
281891ec8424f316,3814,53,498,4,0.04666399955749512,17.0,0,0.85,BENIGN,INFO,lightgbm,HIGH
a847aa470ccc1bf3,7366,53,466,4,0.09637212753295898,17.0,0,0.85,BENIGN,INFO,lightgbm,HIGH
572e6d6d2e838772,-4499,53,271,2,0.04628300666809082,17.0,0,0.85,BENIGN,INFO,lightgbm,HIGH
b352f0f371a455c3,-3249,53,814,6,309.18841552734375,17.0,0,0.85,BENIGN,INFO,lightgbm,HIGH
cd364a6b0dc3e1b4,-10668,443,6295,19,5.347543716430664,6.0,0,0.85,BENIGN,INFO,lightgbm,HIGH
131fbaf48b3bcb85,-5273,53,247,2,0.0004661083221435547,17.0,0,0.85,BENIGN,INFO,lightgbm,HIGH
53a540b033f51edd,-4342,53,247,2,0.00047397613525390625,17.0,0,0.85,BENIGN,INFO,lightgbm,HIGH
32d4228ed00c9712,-24316,443,9406,46,116.03693389892578,6.0,0,0.85,BENIGN,INFO,lightgbm,HIGH
953c5c8e9c17c320,-10992,443,9123,44,116.04019165039062,6.0,0,0.85,BENIGN,INFO,lightgbm,HIGH
02ef36d2f469c491,-32638,53,408,4,0.06000804901123047,17.0,0,0.85,BENIGN,INFO,lightgbm,HIGH
cf2ffbaf790ab08a,8300,53,476,4,0.024180889129638672,17.0,0,0.85,BENIGN,INFO,lightgbm,HIGH
f1dc098d4b62a19e,23809,53,492,4,0.07931399345397949,17.0,0,0.85,BENIGN,INFO,lightgbm,HIGH
b67103cdc71b4787,-1980,53,572,4,0.048597097396850586,17.0,0,0.85,BENIGN,INFO,lightgbm,HIGH
195df36aa0932bda,-5447,53,514,4,685.4938354492188,17.0,0,0.85,BENIGN,INFO,lightgbm,HIGH
e45ee7187e04198c,20619,53,492,4,0.00016808509826660156,17.0,0,0.85,BENIGN,INFO,lightgbm,HIGH
8a76cf6c85c7d4b5,-17399,80,412,6,5.801389694213867,6.0,4,0.85,DoS_Hulk,HIGH,lightgbm,HIGH
1438ab3fdd700922,-26622,53,638,4,0.3243100643157959,17.0,0,0.85,BENIGN,INFO,lightgbm,HIGH
c0b5a0bdcaf3cc60,-5857,53,478,4,0.3725869655609131,17.0,0,0.85,BENIGN,INFO,lightgbm,HIGH
01acad1bf450a7ac,-3681,53,1000,6,614.0759887695312,17.0,0,0.85,BENIGN,INFO,lightgbm,HIGH
9064e69764353079,-4363,53,345,2,0.37148594856262207,17.0,0,0.85,BENIGN,INFO,lightgbm,HIGH
76e4cb7129fb366d,-17398,80,412,6,5.788827896118164,6.0,4,0.85,DoS_Hulk,HIGH,lightgbm,HIGH
521c1e9c84517cc7,-12435,443,6605,31,60.71449661254883,6.0,0,0.85,BENIGN,INFO,lightgbm,HIGH
c9fd0fe1fd7364e9,18786,53,400,4,0.07074809074401855,17.0,0,0.85,BENIGN,INFO,lightgbm,HIGH
c4fd1e11c31e688e,-9234,53,368,4,0.0970771312713623,17.0,0,0.85,BENIGN,INFO,lightgbm,HIGH
cb065d72072454e0,-4615,53,222,2,0.07032513618469238,17.0,0,0.85,BENIGN,INFO,lightgbm,HIGH
5321c3715a821a6e,-4257,53,262,2,0.09603190422058105,17.0,0,0.85,BENIGN,INFO,lightgbm,HIGH
2a4ad64de2ff431e,-17396,80,4330,32,115.89579772949219,6.0,4,0.85,DoS_Hulk,HIGH,lightgbm,HIGH
10f98a5b32b32c83,-17395,80,412,6,5.7235107421875,6.0,4,0.85,DoS_Hulk,HIGH,lightgbm,HIGH
af4b2811524fb7ca,-4544,53,237,2,0.00048089027404785156,17.0,0,0.85,BENIGN,INFO,lightgbm,HIGH
b27c45ccf4873156,-20447,443,9267,46,115.83651733398438,6.0,0,0.85,BENIGN,INFO,lightgbm,HIGH
f996aa0d173b03f0,-8329,443,9308,32,61.64932632446289,6.0,0,0.85,BENIGN,INFO,lightgbm,HIGH
14d1dc06c2d9919a,-12414,53,392,4,0.06821417808532715,17.0,0,0.85,BENIGN,INFO,lightgbm,HIGH
6e5af44fe9f44360,-4130,53,218,2,0.0677800178527832,17.0,0,0.85,BENIGN,INFO,lightgbm,HIGH
f4d4b702ead02de6,1131,22,14646,90,2.0129787921905518,6.0,11,0.85,SSH-Patator,MEDIUM,lightgbm,HIGH
143679654563a85c,-6041,53,436,4,0.00026416778564453125,17.0,0,0.85,BENIGN,INFO,lightgbm,HIGH
3f39862bd8e2e264,1132,465,8383,44,2.3022210597991943,6.0,0,0.85,BENIGN,INFO,lightgbm,HIGH
856ed0b2411afc7a,1133,22,13802,80,1.5668721199035645,6.0,11,0.85,SSH-Patator,MEDIUM,lightgbm,HIGH
cdc95fe6872c7fa9,-251,53,518,4,0.07136297225952148,17.0,0,0.85,BENIGN,INFO,lightgbm,HIGH
5b8023ed4f983b96,-5486,53,281,2,0.07089090347290039,17.0,0,0.85,BENIGN,INFO,lightgbm,HIGH
ef67cac85bb47e43,1136,443,9094,42,116.33509826660156,6.0,0,0.85,BENIGN,INFO,lightgbm,HIGH
6b5bf27c18f3e135,-9318,53,428,4,0.0002970695495605469,17.0,0,0.85,BENIGN,INFO,lightgbm,HIGH
9ccdae5022b99027,-14183,53,502,4,0.0002491474151611328,17.0,0,0.85,BENIGN,INFO,lightgbm,HIGH
89e4dffdba957332,-15344,53,404,4,0.00026297569274902344,17.0,0,0.85,BENIGN,INFO,lightgbm,HIGH
0375c6bbc7d63fb5,1137,80,17326,83,267.4893798828125,6.0,4,0.85,DoS_Hulk,HIGH,lightgbm,HIGH
58ba1978441e3251,-11405,53,344,4,0.00022292137145996094,17.0,0,0.85,BENIGN,INFO,lightgbm,HIGH
26bd7a1b230d4323,-823,53,448,4,0.0001480579376220703,17.0,0,0.85,BENIGN,INFO,lightgbm,HIGH
c5c75dc152f8b6b0,-3692,53,876,4,0.0702509880065918,17.0,0,0.85,BENIGN,INFO,lightgbm,HIGH
ef69581bac55ac29,-3654,53,718,4,277.7723083496094,17.0,0,0.85,BENIGN,INFO,lightgbm,HIGH
4131b08308d8ed11,-16259,443,9638,30,60.93825149536133,6.0,0,0.85,BENIGN,INFO,lightgbm,HIGH
a9b5d0a590007118,-16258,443,9756,31,60.93759536743164,6.0,0,0.85,BENIGN,INFO,lightgbm,HIGH
2c30b151256f3fd8,-12950,53,736,4,0.0002510547637939453,17.0,0,0.85,BENIGN,INFO,lightgbm,HIGH
d06ecee0bc1f21fc,-16257,443,9871,30,60.93787384033203,6.0,0,0.85,BENIGN,INFO,lightgbm,HIGH
70d2b537b25fae2a,-7665,53,636,4,0.02390885353088379,17.0,0,0.85,BENIGN,INFO,lightgbm,HIGH
72551f53b179ea73,-4276,53,340,2,0.023539066314697266,17.0,0,0.85,BENIGN,INFO,lightgbm,HIGH
11bc20a416aacf67,-16256,443,4357,16,5.289521217346191,6.0,0,0.85,BENIGN,INFO,lightgbm,HIGH
9451202b2df4c8cf,-16255,443,4351,16,5.289978981018066,6.0,0,0.85,BENIGN,INFO,lightgbm,HIGH
ba6cff3cf5cce1fa,-14393,53,562,4,0.06105399131774902,17.0,0,0.85,BENIGN,INFO,lightgbm,HIGH
2cdfed9c98b3b6f7,1140,80,4196,46,174.91162109375,6.0,4,0.85,DoS_Hulk,HIGH,lightgbm,HIGH
b09a274bc89ffc2f,-270,53,376,4,0.0001571178436279297,17.0,0,0.85,BENIGN,INFO,lightgbm,HIGH
e9c9255a08937c10,-1507,53,434,4,0.00015091896057128906,17.0,0,0.85,BENIGN,INFO,lightgbm,HIGH
9e1ba8d43d4c88ef,-626,53,352,4,0.06825900077819824,17.0,0,0.85,BENIGN,INFO,lightgbm,HIGH
5fad2b289507f3ba,-5211,53,198,2,0.06784701347351074,17.0,0,0.85,BENIGN,INFO,lightgbm,HIGH
f4bc2e43882880cf,1141,443,194,3,9.009334564208984,6.0,0,0.85,BENIGN,INFO,lightgbm,HIGH
47897d705a7c7d14,-977,53,352,4,0.00016808509826660156,17.0,0,0.85,BENIGN,INFO,lightgbm,HIGH
979ac64360715cc9,-7643,53,444,4,0.060430049896240234,17.0,0,0.85,BENIGN,INFO,lightgbm,HIGH
78104c0ef0eeec81,-5174,53,244,2,0.06005597114562988,17.0,0,0.85,BENIGN,INFO,lightgbm,HIGH
99899fbd38eef291,137,137,624,6,601.1903076171875,17.0,0,0.85,BENIGN,INFO,lightgbm,HIGH
9c2981db62922153,-3699,53,402,4,0.0002579689025878906,17.0,0,0.85,BENIGN,INFO,lightgbm,HIGH
cca8ca5e0df7e426,1142,443,32977,55,180.5294952392578,6.0,0,0.85,BENIGN,INFO,lightgbm,HIGH
98f4d8605f0ba8d2,-7066,53,332,4,0.00015807151794433594,17.0,0,0.85,BENIGN,INFO,lightgbm,HIGH
7892dc5f7244e5e8,-3781,53,356,4,0.0001499652862548828,17.0,0,0.85,BENIGN,INFO,lightgbm,HIGH
3780af8259a1096f,1143,443,194,3,9.01061725616455,6.0,0,0.85,BENIGN,INFO,lightgbm,HIGH
a27120d9f942055b,-9224,53,396,4,0.00027298927307128906,17.0,0,0.85,BENIGN,INFO,lightgbm,HIGH
f418564f73771616,-4490,53,352,4,0.0001518726348876953,17.0,0,0.85,BENIGN,INFO,lightgbm,HIGH
dc1b931b20a26135,-13597,53,376,4,0.0001819133758544922,17.0,0,0.85,BENIGN,INFO,lightgbm,HIGH
f86467bd2758a7e0,1144,80,4512,35,115.89429473876953,6.0,4,0.85,DoS_Hulk,HIGH,lightgbm,HIGH
0707c9df5ffb92e3,1145,443,194,3,9.000856399536133,6.0,0,0.85,BENIGN,INFO,lightgbm,HIGH
77fe7234afac9929,-12010,53,458,4,0.0001709461212158203,17.0,0,0.85,BENIGN,INFO,lightgbm,HIGH
0dbe0ff68e953ca8,1146,443,154902,199,181.1673126220703,6.0,0,0.85,BENIGN,INFO,lightgbm,HIGH
65c2afc26a8ae95c,-1384,53,396,4,0.0001571178436279297,17.0,0,0.85,BENIGN,INFO,lightgbm,HIGH
a577c795f88bf9a5,-15533,53,420,4,0.00015091896057128906,17.0,0,0.85,BENIGN,INFO,lightgbm,HIGH
3077997d52ec5c63,-7862,53,876,4,0.00026702880859375,17.0,0,0.85,BENIGN,INFO,lightgbm,HIGH
a54e6b6d2dcfd0e1,-32,53,736,4,0.00019502639770507812,17.0,0,0.85,BENIGN,INFO,lightgbm,HIGH
9a67d84889a65355,-15990,443,12967,32,60.781864166259766,6.0,0,0.85,BENIGN,INFO,lightgbm,HIGH
e6a91320955a6bac,-92,53,562,4,0.00020694732666015625,17.0,0,0.85,BENIGN,INFO,lightgbm,HIGH
faef5e813e476acd,-10976,53,376,4,0.0001468658447265625,17.0,0,0.85,BENIGN,INFO,lightgbm,HIGH
bc4af24c677a1bfc,-15161,53,664,4,0.04750704765319824,17.0,0,0.85,BENIGN,INFO,lightgbm,HIGH
7b45351813c39c72,-5463,53,354,2,0.04696488380432129,17.0,0,0.85,BENIGN,INFO,lightgbm,HIGH
6652f4bcca46dd2e,-14710,53,648,4,0.00019693374633789062,17.0,0,0.85,BENIGN,INFO,lightgbm,HIGH
37818e0f97d13be4,-5518,53,680,4,0.0950620174407959,17.0,0,0.85,BENIGN,INFO,lightgbm,HIGH
d7780654a2f732c4,-3225,53,362,2,0.09460997581481934,17.0,0,0.85,BENIGN,INFO,lightgbm,HIGH
f1b31ec676f12124,-8786,53,714,4,0.06198692321777344,17.0,0,0.85,BENIGN,INFO,lightgbm,HIGH
31c734dd61d9cc32,-6914,53,608,4,0.00017905235290527344,17.0,0,0.85,BENIGN,INFO,lightgbm,HIGH
38a950d8801ec591,-7071,53,514,4,0.048223018646240234,17.0,0,0.85,BENIGN,INFO,lightgbm,HIGH
52b85af6f662734f,-5200,53,279,2,0.04785490036010742,17.0,0,0.85,BENIGN,INFO,lightgbm,HIGH
b025398f27e7ae0f,1147,443,14720,36,61.38300704956055,6.0,0,0.85,BENIGN,INFO,lightgbm,HIGH
72dd88e677897eb1,-3207,53,588,4,0.0001590251922607422,17.0,0,0.85,BENIGN,INFO,lightgbm,HIGH
2552982acb1936c7,-7702,53,648,4,0.048306941986083984,17.0,0,0.85,BENIGN,INFO,lightgbm,HIGH
0cdc3712a28357a1,-2068,53,612,4,0.04706001281738281,17.0,0,0.85,BENIGN,INFO,lightgbm,HIGH
caea717b5934744f,-3019,53,328,2,0.04656720161437988,17.0,0,0.85,BENIGN,INFO,lightgbm,HIGH
9345191bed1b154e,1148,443,5013,16,5.705321311950684,6.0,0,0.85,BENIGN,INFO,lightgbm,HIGH
23419b0bece98d54,1149,443,6024,29,61.3309326171875,6.0,0,0.85,BENIGN,INFO,lightgbm,HIGH
ae697d44bc453849,1150,443,4446,16,5.725765228271484,6.0,0,0.85,BENIGN,INFO,lightgbm,HIGH
f08fa901f7f3315a,-10031,53,520,4,0.00017905235290527344,17.0,0,0.85,BENIGN,INFO,lightgbm,HIGH
d44828a63d31d516,-11131,53,498,4,0.00014901161193847656,17.0,0,0.85,BENIGN,INFO,lightgbm,HIGH
cb2c45e27f92c062,1151,80,372,6,5.48438835144043,6.0,4,0.85,DoS_Hulk,HIGH,lightgbm,HIGH
56d37aad796cf993,1152,80,372,6,5.467436790466309,6.0,4,0.85,DoS_Hulk,HIGH,lightgbm,HIGH
15bdb85008b1cf43,-16342,3268,11444,35,119.53620910644531,6.0,0,0.85,BENIGN,INFO,lightgbm,HIGH
bd28d4ba7a5c9c26,-16341,389,11444,35,119.51667022705078,6.0,0,0.85,BENIGN,INFO,lightgbm,HIGH
4c49183f4baf7873,-1937,53,458,4,0.15601611137390137,17.0,0,0.85,BENIGN,INFO,lightgbm,HIGH
705e6e3bec8b0266,-16340,443,528,6,0.04872918128967285,6.0,0,0.85,BENIGN,INFO,lightgbm,HIGH
fd743df6064eb0ac,-16339,443,502,6,0.047389984130859375,6.0,0,0.85,BENIGN,INFO,lightgbm,HIGH
3f2db133b33b280b,1153,443,194,3,9.000905990600586,6.0,0,0.85,BENIGN,INFO,lightgbm,HIGH
f54c2dcc54243e41,1154,443,194,3,9.016538619995117,6.0,0,0.85,BENIGN,INFO,lightgbm,HIGH
a661b874c9415b20,1155,443,194,3,9.01658821105957,6.0,0,0.85,BENIGN,INFO,lightgbm,HIGH
a9176003b2e183c2,-4552,53,464,4,0.1665961742401123,17.0,0,0.85,BENIGN,INFO,lightgbm,HIGH
98126a968b5f1997,-3731,53,471,4,163.20693969726562,17.0,0,0.85,BENIGN,INFO,lightgbm,HIGH
e85857ce4671e7cb,-16254,443,39585,35,109.86714172363281,6.0,0,0.85,BENIGN,INFO,lightgbm,HIGH
5cea66a9c39bfe41,-31731,53,396,4,0.06132102012634277,17.0,0,0.85,BENIGN,INFO,lightgbm,HIGH
3b91af9a603df72b,-5159,53,494,4,0.06678915023803711,17.0,0,0.85,BENIGN,INFO,lightgbm,HIGH
71f14d2f04a0b30c,-3366,53,220,2,0.06091189384460449,17.0,0,0.85,BENIGN,INFO,lightgbm,HIGH
1a5d9f8d44180fe4,-3869,53,518,4,258.9757080078125,17.0,0,0.85,BENIGN,INFO,lightgbm,HIGH
e9d48886983bc7da,-12097,443,6484,29,60.330894470214844,6.0,0,0.85,BENIGN,INFO,lightgbm,HIGH
e8ae458f80bf2770,4697,53,368,4,0.00017499923706054688,17.0,0,0.85,BENIGN,INFO,lightgbm,HIGH
b712743d0be02ac2,30299,53,368,4,0.000164031982421875,17.0,0,0.85,BENIGN,INFO,lightgbm,HIGH
f6449682370b3b92,-14618,53,594,4,0.04726409912109375,17.0,0,0.85,BENIGN,INFO,lightgbm,HIGH
07d95761070348d5,-3071,53,730,4,0.13173699378967285,17.0,0,0.85,BENIGN,INFO,lightgbm,HIGH
4c3d206ad68c1edb,-5038,53,700,4,243.82313537597656,17.0,0,0.85,BENIGN,INFO,lightgbm,HIGH
278cdd7ad15bbd81,-8768,53,476,4,0.0001590251922607422,17.0,0,0.85,BENIGN,INFO,lightgbm,HIGH
37e151aa6c4bbd8b,-751,53,550,4,0.048475027084350586,17.0,0,0.85,BENIGN,INFO,lightgbm,HIGH
037c34d8b9858cb3,1119,443,44496,72,116.43631744384766,6.0,0,0.85,BENIGN,INFO,lightgbm,HIGH
5157ea31886f4c9c,1120,443,111749,157,118.29122924804688,6.0,0,0.85,BENIGN,INFO,lightgbm,HIGH
3a7f681c6654247f,-749,53,612,4,0.0001900196075439453,17.0,0,0.85,BENIGN,INFO,lightgbm,HIGH
8fd989c771c8b8b0,-1779,53,518,4,0.0485382080078125,17.0,0,0.85,BENIGN,INFO,lightgbm,HIGH
d896383d302680df,1121,443,5035,16,5.1071062088012695,6.0,0,0.85,BENIGN,INFO,lightgbm,HIGH
4ee31a5a10f033bf,1122,80,3217,32,115.18928527832031,6.0,4,0.85,DoS_Hulk,HIGH,lightgbm,HIGH
fbaf901dd07bdee2,5353,5353,42496,376,511.5256652832031,17.0,0,0.85,BENIGN,INFO,lightgbm,HIGH
9fa3a2e01fc446be,0,0,60,1,0.0,2.0,0,0.85,BENIGN,INFO,lightgbm,HIGH
f200b3bd80e63546,-8830,53,708,4,0.1384439468383789,17.0,0,0.85,BENIGN,INFO,lightgbm,HIGH
e2d468708f4f53e4,-5291,53,376,2,0.13798999786376953,17.0,0,0.85,BENIGN,INFO,lightgbm,HIGH
cf8ec54edc1d7989,1156,443,194,3,9.000894546508789,6.0,0,0.85,BENIGN,INFO,lightgbm,HIGH
7ce3ce7a37d95b71,1123,443,23195,55,117.17686462402344,6.0,0,0.85,BENIGN,INFO,lightgbm,HIGH
2e3736d60ee109f0,-4385,53,612,4,0.00018405914306640625,17.0,0,0.85,BENIGN,INFO,lightgbm,HIGH
9ab7378381b847fa,-7009,53,530,4,0.023617029190063477,17.0,0,0.85,BENIGN,INFO,lightgbm,HIGH
97912a124643e69d,-20876,53,368,4,0.0001938343048095703,17.0,0,0.85,BENIGN,INFO,lightgbm,HIGH
e6d29b942050cbea,-2103,53,444,4,0.04689788818359375,17.0,0,0.85,BENIGN,INFO,lightgbm,HIGH
0f38785640415234,-3740,53,244,2,0.046427011489868164,17.0,0,0.85,BENIGN,INFO,lightgbm,HIGH
ab93b6190b336c91,-15976,53,408,4,0.00019812583923339844,17.0,0,0.85,BENIGN,INFO,lightgbm,HIGH
efa8145e76d36398,-10472,53,496,4,0.0008358955383300781,17.0,0,0.85,BENIGN,INFO,lightgbm,HIGH
ea067bf309e7c9dd,-3149,53,270,2,0.00043201446533203125,17.0,0,0.85,BENIGN,INFO,lightgbm,HIGH
1cd6d9dba7e13dda,30736,53,368,4,0.00022912025451660156,17.0,0,0.85,BENIGN,INFO,lightgbm,HIGH
fb5308768364d1c7,-22175,53,426,4,0.00028705596923828125,17.0,0,0.85,BENIGN,INFO,lightgbm,HIGH
23ce62b54420c231,-15651,53,410,4,0.0009148120880126953,17.0,0,0.85,BENIGN,INFO,lightgbm,HIGH
bd090c1f131b1bb4,-4884,53,227,2,0.0005869865417480469,17.0,0,0.85,BENIGN,INFO,lightgbm,HIGH
c5664612961295fb,23712,53,410,4,0.00014901161193847656,17.0,0,0.85,BENIGN,INFO,lightgbm,HIGH
94d3eb8cd3d6f606,-18267,389,394,4,0.00011491775512695312,17.0,0,0.85,BENIGN,INFO,lightgbm,HIGH
bf14743ce31f7475,-6493,53,368,4,0.00019216537475585938,17.0,0,0.85,BENIGN,INFO,lightgbm,HIGH
e7437abe8b561f69,29511,53,426,4,0.00020313262939453125,17.0,0,0.85,BENIGN,INFO,lightgbm,HIGH
fb5ba6dbfe8be978,4770,53,428,4,0.0002319812774658203,17.0,0,0.85,BENIGN,INFO,lightgbm,HIGH
33b0c173332a6106,-29316,389,1782,20,0.0005259513854980469,6.0,0,0.85,BENIGN,INFO,lightgbm,HIGH
9d6a351a9f30795a,25568,53,552,4,0.0001900196075439453,17.0,0,0.85,BENIGN,INFO,lightgbm,HIGH
948a9b92aac07895,5084,53,428,4,0.0001800060272216797,17.0,0,0.85,BENIGN,INFO,lightgbm,HIGH
50e8b436d0e3db04,-29314,389,96323,323,577.7843017578125,6.0,0,0.85,BENIGN,INFO,lightgbm,HIGH
cd1ab30042f8834d,-11945,53,444,4,0.00017404556274414062,17.0,0,0.85,BENIGN,INFO,lightgbm,HIGH
15c93a52da87d029,31632,53,444,4,0.00015997886657714844,17.0,0,0.85,BENIGN,INFO,lightgbm,HIGH
b145a2802df8fb5f,25131,53,328,4,0.00024700164794921875,17.0,0,0.85,BENIGN,INFO,lightgbm,HIGH
d8cff62b586d7f32,-29552,53,390,4,0.0003070831298828125,17.0,0,0.85,BENIGN,INFO,lightgbm,HIGH
a2bfdbeaa5cd6eea,-6510,88,874,4,0.00041604042053222656,17.0,0,0.85,BENIGN,INFO,lightgbm,HIGH
8ce6347e3882ed98,11347,53,494,4,0.00013685226440429688,17.0,0,0.85,BENIGN,INFO,lightgbm,HIGH
9f1e9f80d31f29a0,-32423,53,444,4,0.000164031982421875,17.0,0,0.85,BENIGN,INFO,lightgbm,HIGH
c447b0ad9deb4a35,2235,53,444,4,0.00012493133544921875,17.0,0,0.85,BENIGN,INFO,lightgbm,HIGH
a4b44723ecfe3c20,-10203,53,328,4,0.000164031982421875,17.0,0,0.85,BENIGN,INFO,lightgbm,HIGH
6d53385a49990fc5,30565,53,390,4,0.00017499923706054688,17.0,0,0.85,BENIGN,INFO,lightgbm,HIGH
8236629e833163af,-30242,88,3484,4,0.0007619857788085938,17.0,0,0.85,BENIGN,INFO,lightgbm,HIGH
7f542fdc92f77cdb,7285,53,494,4,0.000164031982421875,17.0,0,0.85,BENIGN,INFO,lightgbm,HIGH
2cf383b1dd28fdd1,23860,53,444,4,0.000164031982421875,17.0,0,0.85,BENIGN,INFO,lightgbm,HIGH
bddff60c50446358,-11133,53,444,4,0.00016498565673828125,17.0,0,0.85,BENIGN,INFO,lightgbm,HIGH
27e27b8c0e7a6fc4,2240,53,328,4,0.00016498565673828125,17.0,0,0.85,BENIGN,INFO,lightgbm,HIGH
f1a3c8615aa4c10e,24020,53,390,4,0.0001761913299560547,17.0,0,0.85,BENIGN,INFO,lightgbm,HIGH
663694b5118c48a0,-10780,88,3690,4,0.0009489059448242188,17.0,0,0.85,BENIGN,INFO,lightgbm,HIGH
9334353b2e07d0b8,0,0,1188,10,101.5540771484375,17.0,0,0.85,BENIGN,INFO,lightgbm,HIGH
752eee47831602b4,-3912,53,494,4,0.00015997886657714844,17.0,0,0.85,BENIGN,INFO,lightgbm,HIGH
30944ffe8b396fc6,-11551,53,444,4,0.00018215179443359375,17.0,0,0.85,BENIGN,INFO,lightgbm,HIGH
be666e7433010eec,2928,53,328,4,0.0001671314239501953,17.0,0,0.85,BENIGN,INFO,lightgbm,HIGH
cb52c5bbadc07300,17463,53,390,4,0.00017690658569335938,17.0,0,0.85,BENIGN,INFO,lightgbm,HIGH
d7355b74f2193dd2,-19120,88,7556,20,0.0012290477752685547,6.0,0,0.85,BENIGN,INFO,lightgbm,HIGH
1d60a03c9370d026,15722,53,494,4,0.0001850128173828125,17.0,0,0.85,BENIGN,INFO,lightgbm,HIGH
a9b1114e2e725d0b,-8087,53,428,4,0.00020813941955566406,17.0,0,0.85,BENIGN,INFO,lightgbm,HIGH
4822c6e514e3d315,-29310,389,1782,20,0.00045108795166015625,6.0,0,0.85,BENIGN,INFO,lightgbm,HIGH
0b485969a229e672,-17558,53,544,4,0.00016999244689941406,17.0,0,0.85,BENIGN,INFO,lightgbm,HIGH
9705e3336d0f4896,25966,53,420,4,0.00019407272338867188,17.0,0,0.85,BENIGN,INFO,lightgbm,HIGH
3fe4a5791a3ee91e,-15760,3268,51045,169,576.9132690429688,6.0,0,0.85,BENIGN,INFO,lightgbm,HIGH
9de4073ea6f88fb5,-17015,53,444,4,0.00015497207641601562,17.0,0,0.85,BENIGN,INFO,lightgbm,HIGH
c27cdc1a9301f607,6736,53,444,4,0.00011587142944335938,17.0,0,0.85,BENIGN,INFO,lightgbm,HIGH
e0e2ceda3edac7fe,-7551,53,328,4,0.00017404556274414062,17.0,0,0.85,BENIGN,INFO,lightgbm,HIGH
e7ca7c925dc01a5e,20056,53,960,8,421.7911682128906,17.0,0,0.85,BENIGN,INFO,lightgbm,HIGH
1c9f36dda54b97e2,-12606,88,874,4,0.0003578662872314453,17.0,0,0.85,BENIGN,INFO,lightgbm,HIGH
40cd8308f669a6a1,-19001,53,494,4,0.00016498565673828125,17.0,0,0.85,BENIGN,INFO,lightgbm,HIGH
7fb4e00c4f9e3bad,17760,53,444,4,0.0001518726348876953,17.0,0,0.85,BENIGN,INFO,lightgbm,HIGH
7ec35b78161f56ef,-22125,53,444,4,0.00019812583923339844,17.0,0,0.85,BENIGN,INFO,lightgbm,HIGH
b1781f8bd8a6debf,-1881,53,328,4,0.0001659393310546875,17.0,0,0.85,BENIGN,INFO,lightgbm,HIGH
1e5a66c397223a41,-24078,53,390,4,0.00017714500427246094,17.0,0,0.85,BENIGN,INFO,lightgbm,HIGH
94177f4cb2215f5a,-30967,88,3484,4,0.0007112026214599609,17.0,0,0.85,BENIGN,INFO,lightgbm,HIGH
66353183669ac3cd,17732,53,494,4,0.0003008842468261719,17.0,0,0.85,BENIGN,INFO,lightgbm,HIGH
cb32b78eaf1a4d18,20776,53,444,4,0.00015497207641601562,17.0,0,0.85,BENIGN,INFO,lightgbm,HIGH
85941bfb181e4f51,3122,53,444,4,0.00015306472778320312,17.0,0,0.85,BENIGN,INFO,lightgbm,HIGH
41665651364198d0,-11029,53,328,4,0.0001690387725830078,17.0,0,0.85,BENIGN,INFO,lightgbm,HIGH
fe90ec8fb99745db,30206,53,390,4,0.00018095970153808594,17.0,0,0.85,BENIGN,INFO,lightgbm,HIGH
0962a3fbe1fd0bdc,-29103,88,3690,4,0.0009219646453857422,17.0,0,0.85,BENIGN,INFO,lightgbm,HIGH
cf8a1855bc9d92c6,-20364,53,494,4,0.00016307830810546875,17.0,0,0.85,BENIGN,INFO,lightgbm,HIGH
dd2d12832ec55315,-22352,53,444,4,0.0001518726348876953,17.0,0,0.85,BENIGN,INFO,lightgbm,HIGH
912893e20049d848,-8675,53,328,4,0.0001590251922607422,17.0,0,0.85,BENIGN,INFO,lightgbm,HIGH
646f6c0149d899be,-6806,53,390,4,0.0001709461212158203,17.0,0,0.85,BENIGN,INFO,lightgbm,HIGH
ab635ee3df038457,-19114,88,7558,20,0.0011811256408691406,6.0,0,0.85,BENIGN,INFO,lightgbm,HIGH
66a1939f967c7bdc,12513,53,494,4,0.00015282630920410156,17.0,0,0.85,BENIGN,INFO,lightgbm,HIGH
a44b3443326b75c6,11930,53,452,4,0.09067296981811523,17.0,0,0.85,BENIGN,INFO,lightgbm,HIGH
348fe41621930940,-3545,53,434,4,0.0002219676971435547,17.0,0,0.85,BENIGN,INFO,lightgbm,HIGH
60e1b05203d8650f,-4611,53,248,2,0.09027695655822754,17.0,0,0.85,BENIGN,INFO,lightgbm,HIGH
d7ccbe0f7c7b57e2,31556,53,276,4,0.00013113021850585938,17.0,0,0.85,BENIGN,INFO,lightgbm,HIGH
54bcaaaffcb0ffb0,123,123,4140,46,593.9942016601562,17.0,0,0.85,BENIGN,INFO,lightgbm,HIGH
86d3cf35b4719fae,123,123,3960,44,576.4295654296875,17.0,0,0.85,BENIGN,INFO,lightgbm,HIGH
2ad1a7563edbf384,123,123,3960,44,599.4517211914062,17.0,0,0.85,BENIGN,INFO,lightgbm,HIGH
b86bb181c6b04c3b,-25783,53,452,4,0.07921409606933594,17.0,0,0.85,BENIGN,INFO,lightgbm,HIGH
4f0ffc015cfa39f6,-31784,53,434,4,0.00021791458129882812,17.0,0,0.85,BENIGN,INFO,lightgbm,HIGH
6c2368de2fe27bd5,-5002,53,248,2,0.07879304885864258,17.0,0,0.85,BENIGN,INFO,lightgbm,HIGH
7bba40f7cd2de31d,123,123,4140,46,592.3934936523438,17.0,0,0.85,BENIGN,INFO,lightgbm,HIGH
451d2da566d7d209,123,123,3960,44,589.4630126953125,17.0,0,0.85,BENIGN,INFO,lightgbm,HIGH
411930f2292e9952,123,123,3960,44,587.5374145507812,17.0,0,0.85,BENIGN,INFO,lightgbm,HIGH
856f3d8e12778d18,7883,53,452,4,0.27605199813842773,17.0,0,0.85,BENIGN,INFO,lightgbm,HIGH
c69dba15e424ca94,-31389,53,548,4,0.2284228801727295,17.0,0,0.85,BENIGN,INFO,lightgbm,HIGH
dcffab5342e5b835,-4634,53,248,2,0.2756519317626953,17.0,0,0.85,BENIGN,INFO,lightgbm,HIGH
67aba344c353155e,-4007,53,557,4,605.3460083007812,17.0,0,0.85,BENIGN,INFO,lightgbm,HIGH
073d1e46509a673b,123,123,3960,44,588.1734008789062,17.0,0,0.85,BENIGN,INFO,lightgbm,HIGH
2887adce159c6f28,123,123,3960,44,593.5136108398438,17.0,0,0.85,BENIGN,INFO,lightgbm,HIGH
57e74e0a28e90c2c,123,123,3960,44,591.4414672851562,17.0,0,0.85,BENIGN,INFO,lightgbm,HIGH
ca89fe647f13d2c4,123,123,3960,44,595.4419555664062,17.0,0,0.85,BENIGN,INFO,lightgbm,HIGH
aba4b0a5242222c3,28266,53,452,4,0.06128406524658203,17.0,0,0.85,BENIGN,INFO,lightgbm,HIGH
6a09b587ab4716db,2088,53,434,4,0.00022721290588378906,17.0,0,0.85,BENIGN,INFO,lightgbm,HIGH
a1fe7623e87b3916,123,123,3960,44,597.3924560546875,17.0,0,0.85,BENIGN,INFO,lightgbm,HIGH
8a0362abbf2a332a,-2866,53,876,4,0.09556198120117188,17.0,0,0.85,BENIGN,INFO,lightgbm,HIGH
71bc2a8a07c600cb,1157,443,9551,29,60.60336685180664,6.0,0,0.85,BENIGN,INFO,lightgbm,HIGH
f3016a02a2d56a86,1158,443,10016,30,60.601932525634766,6.0,0,0.85,BENIGN,INFO,lightgbm,HIGH
332637da0a2f4877,-8554,53,736,4,0.00020813941955566406,17.0,0,0.85,BENIGN,INFO,lightgbm,HIGH
ba62ce6ba7b36f24,-1413,53,636,4,0.02353811264038086,17.0,0,0.85,BENIGN,INFO,lightgbm,HIGH
f62bc839fbff758d,-3078,53,340,2,0.023183822631835938,17.0,0,0.85,BENIGN,INFO,lightgbm,HIGH
a1b5cc845098c955,1159,443,4361,16,5.282881736755371,6.0,0,0.85,BENIGN,INFO,lightgbm,HIGH
78c8048535fe8b50,1160,80,372,6,5.127938270568848,6.0,4,0.85,DoS_Hulk,HIGH,lightgbm,HIGH
26191870a37502cf,-763,53,562,4,0.023964881896972656,17.0,0,0.85,BENIGN,INFO,lightgbm,HIGH
4998bbc28db78bf1,-3075,53,210,2,0.023563861846923828,17.0,0,0.85,BENIGN,INFO,lightgbm,HIGH
92247877928a85d7,123,123,3960,44,593.4422607421875,17.0,0,0.85,BENIGN,INFO,lightgbm,HIGH
63093de9a89f7aa4,123,123,3960,44,594.4515380859375,17.0,0,0.85,BENIGN,INFO,lightgbm,HIGH
ff8dab6c51989b54,-28582,53,392,4,0.00022482872009277344,17.0,0,0.85,BENIGN,INFO,lightgbm,HIGH
1dba8517929257ac,5286,53,408,4,0.00023818016052246094,17.0,0,0.85,BENIGN,INFO,lightgbm,HIGH
9de98170425d3338,123,123,2160,24,580.5192260742188,17.0,0,0.85,BENIGN,INFO,lightgbm,HIGH
5ba1f247edb00f04,-7156,53,452,4,0.00019288063049316406,17.0,0,0.85,BENIGN,INFO,lightgbm,HIGH
bef5c3f3de243ee0,-15151,53,434,4,0.0002009868621826172,17.0,0,0.85,BENIGN,INFO,lightgbm,HIGH
e0aa84229f8aa633,23129,53,452,4,0.0001938343048095703,17.0,0,0.85,BENIGN,INFO,lightgbm,HIGH
c85ff3f7fe22b9c9,30175,53,434,4,0.00020384788513183594,17.0,0,0.85,BENIGN,INFO,lightgbm,HIGH
fac47fcd265e47c6,-6182,53,376,4,0.00014901161193847656,17.0,0,0.85,BENIGN,INFO,lightgbm,HIGH
613f3d3b1b7efd6e,-5453,53,664,4,0.07105588912963867,17.0,0,0.85,BENIGN,INFO,lightgbm,HIGH
25e50d6c24b253db,1161,443,6526,27,60.711402893066406,6.0,0,0.85,BENIGN,INFO,lightgbm,HIGH
d493770fe2489002,-11742,53,648,4,0.0001919269561767578,17.0,0,0.85,BENIGN,INFO,lightgbm,HIGH
d98fd7c8c03da645,-3745,53,556,4,0.04778599739074707,17.0,0,0.85,BENIGN,INFO,lightgbm,HIGH
c3a7bb5e1ac5d7d2,-3669,53,300,2,0.047434091567993164,17.0,0,0.85,BENIGN,INFO,lightgbm,HIGH
2852c9dec9f3b49f,137,137,60238,554,420.39990234375,17.0,0,0.85,BENIGN,INFO,lightgbm,HIGH
0ebc164b7d274950,138,138,25025,91,480.3875427246094,17.0,0,0.85,BENIGN,INFO,lightgbm,HIGH
ee6f40cefe846750,137,137,624,6,420.32733154296875,17.0,0,0.85,BENIGN,INFO,lightgbm,HIGH
fd3ea2a98221c368,-16346,137,1196,13,1.9073486328125e-05,17.0,0,0.85,BENIGN,INFO,lightgbm,HIGH
524e1aabfbb55e6e,137,-16346,208,2,4.0531158447265625e-06,17.0,0,0.85,BENIGN,INFO,lightgbm,HIGH
ab124da4faaa6960,123,123,2160,24,579.4417724609375,17.0,0,0.85,BENIGN,INFO,lightgbm,HIGH
769157a24aaa7468,123,123,1440,16,70.98591613769531,17.0,0,0.85,BENIGN,INFO,lightgbm,HIGH
289665d1f0025be1,-16338,139,10956,84,0.07535791397094727,6.0,0,0.85,BENIGN,INFO,lightgbm,HIGH
118511298fa1194e,-27472,53,260,4,0.0001881122589111328,17.0,0,0.85,BENIGN,INFO,lightgbm,HIGH
580b380017aaba3d,23401,53,260,4,0.00018596649169921875,17.0,0,0.85,BENIGN,INFO,lightgbm,HIGH
94230112c16aca95,28406,53,260,4,0.00012993812561035156,17.0,0,0.85,BENIGN,INFO,lightgbm,HIGH
6ef00c58ef84fdee,19986,53,260,4,0.0001678466796875,17.0,0,0.85,BENIGN,INFO,lightgbm,HIGH
6428ce959ddcd4b1,-11246,53,260,4,0.00019788742065429688,17.0,0,0.85,BENIGN,INFO,lightgbm,HIGH
c86b7687ae6134fc,13729,53,260,4,0.00015091896057128906,17.0,0,0.85,BENIGN,INFO,lightgbm,HIGH
7e3cca6dab2e61d5,-16404,53,260,4,0.0002028942108154297,17.0,0,0.85,BENIGN,INFO,lightgbm,HIGH
f06301d0b8805ef2,17781,53,260,4,0.00015592575073242188,17.0,0,0.85,BENIGN,INFO,lightgbm,HIGH
eaccd545f1c5699d,-29506,53,260,4,0.00015401840209960938,17.0,0,0.85,BENIGN,INFO,lightgbm,HIGH
d50ecd8bc8c0fd5d,-20899,53,260,4,0.00015115737915039062,17.0,0,0.85,BENIGN,INFO,lightgbm,HIGH
19fb2e4640f723a4,-17481,53,260,4,0.00019693374633789062,17.0,0,0.85,BENIGN,INFO,lightgbm,HIGH
dc5b06fa7058ad58,-21994,53,260,4,0.00015115737915039062,17.0,0,0.85,BENIGN,INFO,lightgbm,HIGH
7fab24062123dc80,19519,53,260,4,0.00020003318786621094,17.0,0,0.85,BENIGN,INFO,lightgbm,HIGH
66007a034e3036a0,-2659,53,260,4,0.00015306472778320312,17.0,0,0.85,BENIGN,INFO,lightgbm,HIGH
0629ca156fb59916,-31572,53,260,4,0.0002009868621826172,17.0,0,0.85,BENIGN,INFO,lightgbm,HIGH
43af2e9998fd351e,-32693,53,260,4,0.00015306472778320312,17.0,0,0.85,BENIGN,INFO,lightgbm,HIGH
17654a7c5f16ae02,3448,53,592,4,0.0002460479736328125,17.0,0,0.85,BENIGN,INFO,lightgbm,HIGH
c9b6fecb4065d580,-5016,389,634,4,0.00011801719665527344,17.0,0,0.85,BENIGN,INFO,lightgbm,HIGH
4710b1a5a966ed6e,-23303,53,608,4,0.00016808509826660156,17.0,0,0.85,BENIGN,INFO,lightgbm,HIGH
c70e2a1b6c79ec90,29652,53,912,8,108.14600372314453,17.0,0,0.85,BENIGN,INFO,lightgbm,HIGH
bd54d2ebc414a329,-22579,389,628,4,9.107589721679688e-05,17.0,0,0.85,BENIGN,INFO,lightgbm,HIGH
18cb4d4236dc687d,-29304,389,9436,39,0.1879410743713379,6.0,0,0.85,BENIGN,INFO,lightgbm,HIGH
abf626bfe819a101,-7701,88,642,4,0.0003249645233154297,17.0,0,0.85,BENIGN,INFO,lightgbm,HIGH
aefa9c8c667a4508,-30531,88,874,4,0.0003650188446044922,17.0,0,0.85,BENIGN,INFO,lightgbm,HIGH
9984c12432efa9e2,-12770,88,3482,4,0.0006430149078369141,17.0,0,0.85,BENIGN,INFO,lightgbm,HIGH
5f1b43af58bbf6fc,-22491,88,5682,4,0.0007350444793701172,17.0,0,0.85,BENIGN,INFO,lightgbm,HIGH
49c1358c678cc705,-28185,88,5566,4,0.0003368854522705078,17.0,0,0.85,BENIGN,INFO,lightgbm,HIGH
cf77befea61333b3,1162,443,194,3,9.000962257385254,6.0,0,0.85,BENIGN,INFO,lightgbm,HIGH
03f42525ef0e8813,5353,5353,42575,377,512.0836791992188,17.0,0,0.85,BENIGN,INFO,lightgbm,HIGH
2a893e997da58a6f,0,0,60,1,0.0,2.0,0,0.85,BENIGN,INFO,lightgbm,HIGH
d3cd56729ab4cd33,30316,53,402,4,0.0002319812774658203,17.0,0,0.85,BENIGN,INFO,lightgbm,HIGH
aff2c9995cf4594f,19639,53,426,4,0.00029206275939941406,17.0,0,0.85,BENIGN,INFO,lightgbm,HIGH
9891fb2fc20b7e90,-25863,443,22223,48,116.0830078125,6.0,0,0.85,BENIGN,INFO,lightgbm,HIGH
8a669c70bffb9778,21407,53,396,4,0.00092315673828125,17.0,0,0.85,BENIGN,INFO,lightgbm,HIGH
fdc947a1439b555e,13958,53,420,4,0.00023508071899414062,17.0,0,0.85,BENIGN,INFO,lightgbm,HIGH
cc283c58ab0a93e5,-4460,53,198,2,0.0005331039428710938,17.0,0,0.85,BENIGN,INFO,lightgbm,HIGH
72d2bb5507b1ac00,4642,53,458,4,0.00018906593322753906,17.0,0,0.85,BENIGN,INFO,lightgbm,HIGH
6acba870c6c35d84,22026,53,482,4,0.0003609657287597656,17.0,0,0.85,BENIGN,INFO,lightgbm,HIGH
3c24b39e07adda85,-22357,443,138314,168,115.8721694946289,6.0,0,0.85,BENIGN,INFO,lightgbm,HIGH
213595316bcdaa26,-5161,53,458,4,0.00019502639770507812,17.0,0,0.85,BENIGN,INFO,lightgbm,HIGH
ba948bef7fb6dd1d,16833,53,482,4,0.0003058910369873047,17.0,0,0.85,BENIGN,INFO,lightgbm,HIGH
06e7a017543328ba,3159,53,458,4,0.00018596649169921875,17.0,0,0.85,BENIGN,INFO,lightgbm,HIGH
d53a5d607bc95483,-23372,53,482,4,0.0002079010009765625,17.0,0,0.85,BENIGN,INFO,lightgbm,HIGH
a7dda97a7d81a6c3,-27638,53,368,4,0.00021910667419433594,17.0,0,0.85,BENIGN,INFO,lightgbm,HIGH
9bc22633d953146b,-3700,53,426,4,0.00023102760314941406,17.0,0,0.85,BENIGN,INFO,lightgbm,HIGH
e11bf852dfa18c9e,-24740,53,410,4,0.00015401840209960938,17.0,0,0.85,BENIGN,INFO,lightgbm,HIGH
c9bac48baee32e89,-27591,53,368,4,0.0001800060272216797,17.0,0,0.85,BENIGN,INFO,lightgbm,HIGH
72ae2eb7ed85d255,-32124,53,426,4,0.00019097328186035156,17.0,0,0.85,BENIGN,INFO,lightgbm,HIGH
fcffc2fcb774abf7,31286,53,410,4,0.00015211105346679688,17.0,0,0.85,BENIGN,INFO,lightgbm,HIGH
0222eeea868feab7,21023,53,428,4,0.00018310546875,17.0,0,0.85,BENIGN,INFO,lightgbm,HIGH
51ee4950a5b1292f,-8286,389,1782,20,0.0004849433898925781,6.0,0,0.85,BENIGN,INFO,lightgbm,HIGH
592c118758d1694f,-19541,53,552,4,0.0001659393310546875,17.0,0,0.85,BENIGN,INFO,lightgbm,HIGH
af68b3a4064b1b9c,-20606,53,428,4,0.00020599365234375,17.0,0,0.85,BENIGN,INFO,lightgbm,HIGH
70c72eccf8a0c47c,-8284,389,91849,307,291.5566101074219,6.0,0,0.85,BENIGN,INFO,lightgbm,HIGH
d7a5b1b11f93aef9,-3017,53,444,4,0.0001590251922607422,17.0,0,0.85,BENIGN,INFO,lightgbm,HIGH
671609a8836ad36d,20709,53,444,4,0.0001881122589111328,17.0,0,0.85,BENIGN,INFO,lightgbm,HIGH
e2a8d23677f4ffd3,-10550,53,328,4,0.000164031982421875,17.0,0,0.85,BENIGN,INFO,lightgbm,HIGH
f59d428e80a7bbcf,26860,53,390,4,0.00017595291137695312,17.0,0,0.85,BENIGN,INFO,lightgbm,HIGH
c412f52f8eb72492,-22041,88,872,4,0.0004029273986816406,17.0,0,0.85,BENIGN,INFO,lightgbm,HIGH
b906eb8170a10142,-30466,53,494,4,0.00017213821411132812,17.0,0,0.85,BENIGN,INFO,lightgbm,HIGH
550f8f81c3bed88a,-18534,53,444,4,0.00016117095947265625,17.0,0,0.85,BENIGN,INFO,lightgbm,HIGH
16f4eae70e7d9d86,-7971,53,444,4,0.00020384788513183594,17.0,0,0.85,BENIGN,INFO,lightgbm,HIGH
eb238c21dccccb57,17845,53,328,4,0.0002110004425048828,17.0,0,0.85,BENIGN,INFO,lightgbm,HIGH
1eac7d1ce9a25b50,32716,53,390,4,0.00016498565673828125,17.0,0,0.85,BENIGN,INFO,lightgbm,HIGH
70855644ba4ddfc2,-14121,88,3482,4,0.002819061279296875,17.0,0,0.85,BENIGN,INFO,lightgbm,HIGH
42570f700198b239,-28970,53,494,4,0.0002970695495605469,17.0,0,0.85,BENIGN,INFO,lightgbm,HIGH
468b91035fc38343,-948,53,444,4,0.00015306472778320312,17.0,0,0.85,BENIGN,INFO,lightgbm,HIGH
6f14d6457debb267,2239,53,444,4,0.00019598007202148438,17.0,0,0.85,BENIGN,INFO,lightgbm,HIGH
b0b27f3829c74257,2985,53,328,4,0.0001590251922607422,17.0,0,0.85,BENIGN,INFO,lightgbm,HIGH
e8a24e158b58bd51,10821,53,390,4,0.0001690387725830078,17.0,0,0.85,BENIGN,INFO,lightgbm,HIGH
75ce34792213e62d,-10139,88,3684,4,0.0009801387786865234,17.0,0,0.85,BENIGN,INFO,lightgbm,HIGH
2b2034fdf55220aa,0,0,1190,10,199.59063720703125,17.0,0,0.85,BENIGN,INFO,lightgbm,HIGH
96500111eec95050,20686,53,494,4,0.00015997886657714844,17.0,0,0.85,BENIGN,INFO,lightgbm,HIGH
b29c2bf526ae9ab5,2588,53,444,4,0.00015592575073242188,17.0,0,0.85,BENIGN,INFO,lightgbm,HIGH
4bcd19cbc9f37bd1,-14758,53,328,4,0.0001690387725830078,17.0,0,0.85,BENIGN,INFO,lightgbm,HIGH
1c6830fa928a4f5d,-1696,53,390,4,0.0001621246337890625,17.0,0,0.85,BENIGN,INFO,lightgbm,HIGH
9955940cb0f94b36,-9150,88,7556,20,0.001138925552368164,6.0,0,0.85,BENIGN,INFO,lightgbm,HIGH
636fc93e41de7490,-24339,53,494,4,0.00017905235290527344,17.0,0,0.85,BENIGN,INFO,lightgbm,HIGH
53307e90c003273e,16305,53,428,4,0.00017499923706054688,17.0,0,0.85,BENIGN,INFO,lightgbm,HIGH
3a5ae318c215a018,-8280,389,1782,20,0.0003941059112548828,6.0,0,0.85,BENIGN,INFO,lightgbm,HIGH
0befcb42d20534fa,23069,53,544,4,0.00017905235290527344,17.0,0,0.85,BENIGN,INFO,lightgbm,HIGH
92990dfc567f080e,14650,53,420,4,0.0002028942108154297,17.0,0,0.85,BENIGN,INFO,lightgbm,HIGH
811069814bb5610f,-21084,3268,49693,167,291.01806640625,6.0,0,0.85,BENIGN,INFO,lightgbm,HIGH
a6de0bc0337afbae,2178,53,444,4,0.0001571178436279297,17.0,0,0.85,BENIGN,INFO,lightgbm,HIGH
c1a5d362d3265194,-2153,53,444,4,0.00019502639770507812,17.0,0,0.85,BENIGN,INFO,lightgbm,HIGH
2f2a26ae0328ebf7,-19138,53,328,4,0.00017690658569335938,17.0,0,0.85,BENIGN,INFO,lightgbm,HIGH
2baef2f9d9b9efbb,-15462,53,390,4,0.00023603439331054688,17.0,0,0.85,BENIGN,INFO,lightgbm,HIGH
b3ac289ae97fecec,-31213,88,874,4,0.0003590583801269531,17.0,0,0.85,BENIGN,INFO,lightgbm,HIGH
56a0e84ba08f5a78,-12571,53,494,4,0.00019502639770507812,17.0,0,0.85,BENIGN,INFO,lightgbm,HIGH
ac6cc3f8a8509a15,-9175,53,444,4,0.0001678466796875,17.0,0,0.85,BENIGN,INFO,lightgbm,HIGH
39b1ac181821f537,-19987,53,444,4,0.0002028942108154297,17.0,0,0.85,BENIGN,INFO,lightgbm,HIGH
d0eadc727d41f8dc,-10203,53,328,4,0.0001590251922607422,17.0,0,0.85,BENIGN,INFO,lightgbm,HIGH
61752b2f144a1ae6,15722,53,390,4,0.0001609325408935547,17.0,0,0.85,BENIGN,INFO,lightgbm,HIGH
9ff242101ef045a7,-30074,88,3484,4,0.0006711483001708984,17.0,0,0.85,BENIGN,INFO,lightgbm,HIGH
3327d47cf1016f21,-25123,53,494,4,0.0001270771026611328,17.0,0,0.85,BENIGN,INFO,lightgbm,HIGH
412e7d0488ff8165,-29386,53,444,4,0.00013303756713867188,17.0,0,0.85,BENIGN,INFO,lightgbm,HIGH
fbf318a10a9d378e,-19114,53,444,4,0.00019812583923339844,17.0,0,0.85,BENIGN,INFO,lightgbm,HIGH
33f4cb2eb1fe0f29,-26672,53,328,4,0.00017309188842773438,17.0,0,0.85,BENIGN,INFO,lightgbm,HIGH
ebd5edd2ca5f4306,24851,53,390,4,0.0001621246337890625,17.0,0,0.85,BENIGN,INFO,lightgbm,HIGH
9388a062f552a1cc,-14923,88,3690,4,0.0009329319000244141,17.0,0,0.85,BENIGN,INFO,lightgbm,HIGH
9fbe2bddc6fdac96,-16805,53,494,4,0.00019884109497070312,17.0,0,0.85,BENIGN,INFO,lightgbm,HIGH
d281f3e0c91af4c5,24353,53,444,4,0.00014591217041015625,17.0,0,0.85,BENIGN,INFO,lightgbm,HIGH
c95051b37e2248c6,12083,53,328,4,0.000186920166015625,17.0,0,0.85,BENIGN,INFO,lightgbm,HIGH
d502f41aff1e04e8,31663,53,390,4,0.00016808509826660156,17.0,0,0.85,BENIGN,INFO,lightgbm,HIGH
8002c1c6483af0f1,-9144,88,7624,21,0.0012028217315673828,6.0,0,0.85,BENIGN,INFO,lightgbm,HIGH
45f133ad64035972,19027,53,494,4,0.00012612342834472656,17.0,0,0.85,BENIGN,INFO,lightgbm,HIGH
caa5769425c9c6b1,19919,53,276,4,0.00012493133544921875,17.0,0,0.85,BENIGN,INFO,lightgbm,HIGH
16e6213070bfbb6d,19270,53,368,4,0.00024890899658203125,17.0,0,0.85,BENIGN,INFO,lightgbm,HIGH
bd84d75ec5658fbf,-17245,53,426,4,0.0003108978271484375,17.0,0,0.85,BENIGN,INFO,lightgbm,HIGH
ac9c6ffb4fb4af17,6725,53,452,4,0.000244140625,17.0,0,0.85,BENIGN,INFO,lightgbm,HIGH
44bba46ceb43f483,-17374,53,434,4,0.0003008842468261719,17.0,0,0.85,BENIGN,INFO,lightgbm,HIGH
9bd7c9fd25c2c427,123,123,3960,44,545.0482788085938,17.0,0,0.85,BENIGN,INFO,lightgbm,HIGH
eef292ad08d59250,8612,8612,4560,76,127.38194274902344,17.0,0,0.85,BENIGN,INFO,lightgbm,HIGH
d59719a5b861d97b,8612,8610,4560,76,127.38195037841797,17.0,0,0.85,BENIGN,INFO,lightgbm,HIGH
8f8b219961d26638,123,123,3600,40,525.9512329101562,17.0,0,0.85,BENIGN,INFO,lightgbm,HIGH
daeb8c004b54a270,123,123,3780,42,541.9712524414062,17.0,0,0.85,BENIGN,INFO,lightgbm,HIGH
c4d0ebadb6a96a6f,-16283,53,452,4,0.00021791458129882812,17.0,0,0.85,BENIGN,INFO,lightgbm,HIGH
49e311b94aeeacce,-14940,53,434,4,0.00021600723266601562,17.0,0,0.85,BENIGN,INFO,lightgbm,HIGH
37eb8a4d07c06b88,123,123,3780,42,544.969482421875,17.0,0,0.85,BENIGN,INFO,lightgbm,HIGH
2a5fcc6a91de961a,-30172,53,368,4,0.0001709461212158203,17.0,0,0.85,BENIGN,INFO,lightgbm,HIGH
a235360ad74c581c,123,123,3780,42,549.9708251953125,17.0,0,0.85,BENIGN,INFO,lightgbm,HIGH
dcc0fbd91a68f071,123,123,3780,42,542.0267333984375,17.0,0,0.85,BENIGN,INFO,lightgbm,HIGH
434a2047c160f464,22229,53,452,4,0.00020194053649902344,17.0,0,0.85,BENIGN,INFO,lightgbm,HIGH
0014ea3e7a357945,1380,53,548,4,0.00026106834411621094,17.0,0,0.85,BENIGN,INFO,lightgbm,HIGH
d602ee3925d7aa90,123,123,3780,42,552.046630859375,17.0,0,0.85,BENIGN,INFO,lightgbm,HIGH
ae644a0502ca3c25,1124,135,2632,24,10.743605613708496,6.0,0,0.85,BENIGN,INFO,lightgbm,HIGH
aecfcd6035393e4d,1125,-15870,4858,28,10.742695808410645,6.0,0,0.85,BENIGN,INFO,lightgbm,HIGH
662637acd6d46bdd,123,123,3780,42,548.913330078125,17.0,0,0.85,BENIGN,INFO,lightgbm,HIGH
01ee7d09734698fa,123,123,3780,42,548.9299926757812,17.0,0,0.85,BENIGN,INFO,lightgbm,HIGH
f76431341996c1ea,123,123,3780,42,547.9158325195312,17.0,0,0.85,BENIGN,INFO,lightgbm,HIGH
cfd7461a1804f6a9,-1965,53,452,4,0.0002541542053222656,17.0,0,0.85,BENIGN,INFO,lightgbm,HIGH
1ea88e2dbcf2f6c8,27280,53,434,4,0.0002079010009765625,17.0,0,0.85,BENIGN,INFO,lightgbm,HIGH
909f069371c7faef,123,123,1260,14,12.944588661193848,17.0,0,0.85,BENIGN,INFO,lightgbm,HIGH
eb546a92b95594ef,123,123,3780,42,548.939453125,17.0,0,0.85,BENIGN,INFO,lightgbm,HIGH
0db37c0c3707173c,123,123,3780,42,542.9468994140625,17.0,0,0.85,BENIGN,INFO,lightgbm,HIGH
0328460848fcc4f0,-13343,53,392,4,0.0002429485321044922,17.0,0,0.85,BENIGN,INFO,lightgbm,HIGH
556f221a06fa7fbb,-15836,53,408,4,0.0002579689025878906,17.0,0,0.85,BENIGN,INFO,lightgbm,HIGH
98d296293a1d3f10,-16668,53,452,4,0.00019311904907226562,17.0,0,0.85,BENIGN,INFO,lightgbm,HIGH
f536a07eb3551d51,25980,53,434,4,0.00020313262939453125,17.0,0,0.85,BENIGN,INFO,lightgbm,HIGH
d524c9544587d829,123,123,360,4,3.9971048831939697,17.0,0,0.85,BENIGN,INFO,lightgbm,HIGH
577019e0513a7c0b,-5032,3289,780,13,1.811981201171875e-05,17.0,0,0.85,BENIGN,INFO,lightgbm,HIGH
717440ef99177e7a,-7623,53,482,4,0.06090116500854492,17.0,0,0.85,BENIGN,INFO,lightgbm,HIGH
7a0e1aabe0d3cd2c,-7536,53,550,4,0.06161808967590332,17.0,0,0.85,BENIGN,INFO,lightgbm,HIGH
4514090028bf32b0,-3965,53,660,6,204.97915649414062,17.0,0,0.85,BENIGN,INFO,lightgbm,HIGH
57fc52e8cc941571,-21167,443,8092,43,115.63903045654297,6.0,0,0.85,BENIGN,INFO,lightgbm,HIGH
34b42f0ef573a8c9,6203,53,404,4,0.00018906593322753906,17.0,0,0.85,BENIGN,INFO,lightgbm,HIGH
cfccab66fae19bcb,-2741,53,502,4,0.00024890899658203125,17.0,0,0.85,BENIGN,INFO,lightgbm,HIGH
408f3887052b8602,-25176,53,468,4,0.06090188026428223,17.0,0,0.85,BENIGN,INFO,lightgbm,HIGH
c700936da1aab1da,-28828,53,600,4,0.06162881851196289,17.0,0,0.85,BENIGN,INFO,lightgbm,HIGH
3a35b7be20ad947a,-4097,53,256,2,0.060508012771606445,17.0,0,0.85,BENIGN,INFO,lightgbm,HIGH
9f4e6f2a90b90aa1,-22288,1124,1027,13,1.811981201171875e-05,17.0,10,0.85,PortScan,MEDIUM,lightgbm,HIGH
3577f0a5a9c79504,-21765,443,6886,31,61.0987548828125,6.0,0,0.85,BENIGN,INFO,lightgbm,HIGH
69f1b34c390083cd,8612,8612,4680,78,212.99533081054688,17.0,0,0.85,BENIGN,INFO,lightgbm,HIGH
0912f8c58bdcd95e,8612,8610,4680,78,212.99534606933594,17.0,0,0.85,BENIGN,INFO,lightgbm,HIGH
bb254493cb859d93,137,137,60788,559,379.9521789550781,17.0,0,0.85,BENIGN,INFO,lightgbm,HIGH
a16ecd1277f33182,138,138,21450,78,450.0180969238281,17.0,0,0.85,BENIGN,INFO,lightgbm,HIGH
0365aac9e4e74c1b,137,137,624,6,379.94744873046875,17.0,0,0.85,BENIGN,INFO,lightgbm,HIGH
74dd0d9fdac63ce7,-8500,53,594,4,0.00019788742065429688,17.0,0,0.85,BENIGN,INFO,lightgbm,HIGH
d66c341a2101b0f0,-6573,53,662,4,0.0002589225769042969,17.0,0,0.85,BENIGN,INFO,lightgbm,HIGH
20eb365424e26970,-8414,443,45133,72,115.86189270019531,6.0,0,0.85,BENIGN,INFO,lightgbm,HIGH
a6a1d153b911c39d,-5325,53,592,4,0.00019288063049316406,17.0,0,0.85,BENIGN,INFO,lightgbm,HIGH
e65f06659cceb356,-28567,389,628,4,0.00011897087097167969,17.0,0,0.85,BENIGN,INFO,lightgbm,HIGH
0e5a46f6b4c4c63d,-9735,53,608,4,0.00020194053649902344,17.0,0,0.85,BENIGN,INFO,lightgbm,HIGH
d563a374a082b022,-17152,53,484,4,0.0001938343048095703,17.0,0,0.85,BENIGN,INFO,lightgbm,HIGH
b9f3a7fb9efc9853,-27548,389,634,4,0.00012183189392089844,17.0,0,0.85,BENIGN,INFO,lightgbm,HIGH
f9b3cac41bb122a9,-8274,389,9436,39,0.16609597206115723,6.0,0,0.85,BENIGN,INFO,lightgbm,HIGH
92975da428da013e,-16832,88,642,4,0.0002779960632324219,17.0,0,0.85,BENIGN,INFO,lightgbm,HIGH
fa8cf88d9adf5df2,-8670,88,874,4,0.0003609657287597656,17.0,0,0.85,BENIGN,INFO,lightgbm,HIGH
4babef68ee2ccef1,-23594,88,3482,4,0.0006568431854248047,17.0,0,0.85,BENIGN,INFO,lightgbm,HIGH
2b633a97c1725e46,-8109,88,5682,4,0.0007390975952148438,17.0,0,0.85,BENIGN,INFO,lightgbm,HIGH
941bc375fdf28595,-18514,88,5566,4,0.00033593177795410156,17.0,0,0.85,BENIGN,INFO,lightgbm,HIGH
dc3cbc5593c4155f,-18812,3289,780,13,1.7881393432617188e-05,17.0,0,0.85,BENIGN,INFO,lightgbm,HIGH
77062c7a2442b5bc,-21287,1124,1027,13,1.6927719116210938e-05,17.0,10,0.85,PortScan,MEDIUM,lightgbm,HIGH
9a206f688fa3f90d,-11207,53,360,4,0.23785805702209473,17.0,0,0.85,BENIGN,INFO,lightgbm,HIGH
a1d48bfee7201c42,-4090,53,202,2,0.23748278617858887,17.0,0,0.85,BENIGN,INFO,lightgbm,HIGH
fd14bee78e166554,-7285,53,702,4,0.061563968658447266,17.0,0,0.85,BENIGN,INFO,lightgbm,HIGH
01b35390ea873b1b,-3406,53,373,2,0.061109066009521484,17.0,0,0.85,BENIGN,INFO,lightgbm,HIGH
74d250dcaa6b70ac,-1177,53,360,4,0.00015616416931152344,17.0,0,0.85,BENIGN,INFO,lightgbm,HIGH
a5539e13ad0f1451,-13747,53,386,4,0.22721600532531738,17.0,0,0.85,BENIGN,INFO,lightgbm,HIGH
4b0b1fac8421740f,-3193,53,543,4,192.96229553222656,17.0,0,0.85,BENIGN,INFO,lightgbm,HIGH
da7af51f8bc057e9,1126,443,194,3,8.999717712402344,6.0,0,0.85,BENIGN,INFO,lightgbm,HIGH
2d478fe26874a5d8,1127,443,5006,16,5.126607894897461,6.0,0,0.85,BENIGN,INFO,lightgbm,HIGH
dded284c99cf421b,1128,443,4952,15,5.12706184387207,6.0,0,0.85,BENIGN,INFO,lightgbm,HIGH
c0e9ebbf6e802100,-10572,53,702,4,0.00025200843811035156,17.0,0,0.85,BENIGN,INFO,lightgbm,HIGH
1e96f3147f9f250f,1129,443,4952,15,5.125617980957031,6.0,0,0.85,BENIGN,INFO,lightgbm,HIGH
7e80e18a1c56a68f,1130,443,5384,18,5.125079154968262,6.0,0,0.85,BENIGN,INFO,lightgbm,HIGH
436e31c4af730490,1131,443,5006,16,5.125846862792969,6.0,0,0.85,BENIGN,INFO,lightgbm,HIGH
52df0098c17b25ce,-589,53,608,4,0.00017595291137695312,17.0,0,0.85,BENIGN,INFO,lightgbm,HIGH
132cb489e43de3d6,1132,443,194,3,8.998857498168945,6.0,0,0.85,BENIGN,INFO,lightgbm,HIGH
f4e132862c27b9cb,1133,443,194,3,8.997936248779297,6.0,0,0.85,BENIGN,INFO,lightgbm,HIGH
1c6276a4d2ed07ab,-11107,53,594,4,0.1211690902709961,17.0,0,0.85,BENIGN,INFO,lightgbm,HIGH
55dac796fdaac441,-3963,53,319,2,0.12069487571716309,17.0,0,0.85,BENIGN,INFO,lightgbm,HIGH
0d5bae086c47ea80,-14874,53,656,6,1.0920770168304443,17.0,0,0.85,BENIGN,INFO,lightgbm,HIGH
ab662b7874760566,-5032,53,263,2,1.0917000770568848,17.0,0,0.85,BENIGN,INFO,lightgbm,HIGH
9623b33d03650e47,-16253,80,4888,10,1.3616211414337158,6.0,4,0.85,DoS_Hulk,HIGH,lightgbm,HIGH
f88959c101d37636,-16252,443,93912,105,16.92475128173828,6.0,0,0.85,BENIGN,INFO,lightgbm,HIGH
b1a163ebff673e46,-16251,443,12167,21,6.10264778137207,6.0,0,0.85,BENIGN,INFO,lightgbm,HIGH
9b115f13ba416d93,-8446,53,622,4,0.12180018424987793,17.0,0,0.85,BENIGN,INFO,lightgbm,HIGH
0d3e202ce2026f81,-16250,443,10708,18,59.35234069824219,6.0,0,0.85,BENIGN,INFO,lightgbm,HIGH
6d3c7875e691e0dc,-15745,53,692,4,0.06108498573303223,17.0,0,0.85,BENIGN,INFO,lightgbm,HIGH
ccefbef8573b6fe3,-3436,53,725,4,166.2227325439453,17.0,0,0.85,BENIGN,INFO,lightgbm,HIGH
731c37687e69f3df,-16249,80,3345,12,46.04988479614258,6.0,4,0.85,DoS_Hulk,HIGH,lightgbm,HIGH
1cfc46c8451305ca,-7301,53,660,4,0.12180209159851074,17.0,0,0.85,BENIGN,INFO,lightgbm,HIGH
e810d6d45d03ece9,-8251,53,660,4,0.12203407287597656,17.0,0,0.85,BENIGN,INFO,lightgbm,HIGH
3ae18be94d115085,-3111,53,352,2,0.1212611198425293,17.0,0,0.85,BENIGN,INFO,lightgbm,HIGH
900622f248ca6a27,-5131,53,352,2,0.12133121490478516,17.0,0,0.85,BENIGN,INFO,lightgbm,HIGH
eedc8ce49d74f452,-16247,80,7794,14,57.53062057495117,6.0,4,0.85,DoS_Hulk,HIGH,lightgbm,HIGH
1df7d45d76cc4e96,-16248,80,51627,49,57.53073501586914,6.0,4,0.85,DoS_Hulk,HIGH,lightgbm,HIGH
6943c621ee18b475,-16245,80,37391,34,57.53068161010742,6.0,4,0.85,DoS_Hulk,HIGH,lightgbm,HIGH
9e55e3b0a8bf4bb1,-16246,80,35421,38,57.530582427978516,6.0,4,0.85,DoS_Hulk,HIGH,lightgbm,HIGH
539014991b20dd12,-16244,80,8811,13,57.530609130859375,6.0,4,0.85,DoS_Hulk,HIGH,lightgbm,HIGH
16ed313915890361,-16243,80,8989,13,57.53057861328125,6.0,4,0.85,DoS_Hulk,HIGH,lightgbm,HIGH
edf804c7ca65900a,20474,53,490,4,0.03138589859008789,17.0,0,0.85,BENIGN,INFO,lightgbm,HIGH
e994c636f235c091,11365,53,452,4,0.0310361385345459,17.0,0,0.85,BENIGN,INFO,lightgbm,HIGH
aae2f6e4798cc2f2,3005,53,548,4,0.0345921516418457,17.0,0,0.85,BENIGN,INFO,lightgbm,HIGH
bde29f4f09b1bc7c,-4774,53,504,4,172.08914184570312,17.0,0,0.85,BENIGN,INFO,lightgbm,HIGH
b1490ed0448da2da,-3952,53,296,2,0.03414511680603027,17.0,0,0.85,BENIGN,INFO,lightgbm,HIGH
6a77a268b3adc338,-11972,80,1220356,1000,0.9709811210632324,6.0,4,0.85,DoS_Hulk,HIGH,lightgbm,HIGH
768c968786c18c95,-10987,53,490,4,0.00017118453979492188,17.0,0,0.85,BENIGN,INFO,lightgbm,HIGH
ee479288dedb2725,18897,53,452,4,0.00019216537475585938,17.0,0,0.85,BENIGN,INFO,lightgbm,HIGH
06506c85e27ed150,27001,53,548,4,0.00025200843811035156,17.0,0,0.85,BENIGN,INFO,lightgbm,HIGH
3e7e665b8ceec9ea,-17244,80,1199711,1000,0.9707248210906982,6.0,4,0.85,DoS_Hulk,HIGH,lightgbm,HIGH
3035c0eb86622343,-12883,53,636,4,0.06185412406921387,17.0,0,0.85,BENIGN,INFO,lightgbm,HIGH
9ad6665e2b963de7,-5187,53,309,2,0.061398983001708984,17.0,0,0.85,BENIGN,INFO,lightgbm,HIGH
8fa38fad8ff4cf53,-16242,80,56588,53,6.796969413757324,6.0,4,0.85,DoS_Hulk,HIGH,lightgbm,HIGH
5dd584a7c5e043ad,-575,53,512,4,0.09332513809204102,17.0,0,0.85,BENIGN,INFO,lightgbm,HIGH
d222ce524b1071c7,-4555,53,278,2,0.09288787841796875,17.0,0,0.85,BENIGN,INFO,lightgbm,HIGH
78c6797aabed0f48,-16241,80,5305,12,6.516797065734863,6.0,4,0.85,DoS_Hulk,HIGH,lightgbm,HIGH
1254f3c2899c9cee,-15989,443,5949,14,59.61015701293945,6.0,0,0.85,BENIGN,INFO,lightgbm,HIGH
ffdd3fcdc0e378eb,-15988,443,28504,29,0.48865795135498047,6.0,0,0.85,BENIGN,INFO,lightgbm,HIGH
d8ac444afbd92846,-148,53,592,4,0.09305119514465332,17.0,0,0.85,BENIGN,INFO,lightgbm,HIGH
95c2982a2b8ed8a1,-3546,53,282,2,0.09257221221923828,17.0,0,0.85,BENIGN,INFO,lightgbm,HIGH
9a37b8afa8ca742f,-15987,443,9814,23,61.47781753540039,6.0,0,0.85,BENIGN,INFO,lightgbm,HIGH
86b735d77063463e,-9597,53,368,4,0.00013494491577148438,17.0,0,0.85,BENIGN,INFO,lightgbm,HIGH
3fcfac930fded6cc,-16240,443,7481,16,1.155707836151123,6.0,0,0.85,BENIGN,INFO,lightgbm,HIGH
95cdce500a9a7cf9,-16239,80,3165,9,1.0184581279754639,6.0,4,0.85,DoS_Hulk,HIGH,lightgbm,HIGH
8b87a07e173bf2e4,0,0,422,7,41.347084045410156,2.0,0,0.85,BENIGN,INFO,lightgbm,HIGH
d18170f5d0e0c475,-16188,5355,1820,26,0.42047595977783203,17.0,0,0.85,BENIGN,INFO,lightgbm,HIGH
27a4eb3227852c0b,-5896,53,1278,12,5.372575759887695,17.0,0,0.85,BENIGN,INFO,lightgbm,HIGH
b0484fa53223f3ce,13231,53,444,4,0.0001971721649169922,17.0,0,0.85,BENIGN,INFO,lightgbm,HIGH
f3590854dbdf34c0,21791,53,444,4,0.00016188621520996094,17.0,0,0.85,BENIGN,INFO,lightgbm,HIGH
bac707dd68853c8e,-9823,53,328,4,0.00017690658569335938,17.0,0,0.85,BENIGN,INFO,lightgbm,HIGH
a0efd899757ca5e0,-2910,53,390,4,0.00023818016052246094,17.0,0,0.85,BENIGN,INFO,lightgbm,HIGH
8597e3eca6aa1562,-12143,88,886,4,0.00036406517028808594,17.0,0,0.85,BENIGN,INFO,lightgbm,HIGH
8e48578909f45dee,7857,53,494,4,0.0001571178436279297,17.0,0,0.85,BENIGN,INFO,lightgbm,HIGH
8b57037efa8fbc4a,-11520,53,444,4,0.00016379356384277344,17.0,0,0.85,BENIGN,INFO,lightgbm,HIGH
7813693e00f71253,-27103,53,444,4,0.00020599365234375,17.0,0,0.85,BENIGN,INFO,lightgbm,HIGH
ad19f1c58b221c9d,30407,53,328,4,0.0001621246337890625,17.0,0,0.85,BENIGN,INFO,lightgbm,HIGH
015b4d6d6550df50,-19543,53,390,4,0.00022101402282714844,17.0,0,0.85,BENIGN,INFO,lightgbm,HIGH
37908de9026f3903,-5294,88,3472,4,0.0006308555603027344,17.0,0,0.85,BENIGN,INFO,lightgbm,HIGH
92c3b38d8422732d,-18459,53,494,4,0.0003120899200439453,17.0,0,0.85,BENIGN,INFO,lightgbm,HIGH
b7503c387bb166e6,-17778,53,444,4,0.00016999244689941406,17.0,0,0.85,BENIGN,INFO,lightgbm,HIGH
de32d0ac9ca61f7f,-5619,53,444,4,0.00019598007202148438,17.0,0,0.85,BENIGN,INFO,lightgbm,HIGH
84009e92d77f1bc6,14554,53,328,4,0.0001709461212158203,17.0,0,0.85,BENIGN,INFO,lightgbm,HIGH
ce96ea3c18abcd5a,4647,53,390,4,0.0001571178436279297,17.0,0,0.85,BENIGN,INFO,lightgbm,HIGH
e62d2db8a01227f5,-12213,88,3770,4,0.0010020732879638672,17.0,0,0.85,BENIGN,INFO,lightgbm,HIGH
eaa8ea82508ef97b,3681,53,494,4,0.0001671314239501953,17.0,0,0.85,BENIGN,INFO,lightgbm,HIGH
d7941d9e5dbc16f7,25646,53,444,4,0.00015592575073242188,17.0,0,0.85,BENIGN,INFO,lightgbm,HIGH
90f9fea4017c041f,22988,53,328,4,0.00015997886657714844,17.0,0,0.85,BENIGN,INFO,lightgbm,HIGH
9b7609b080dcc65c,28036,53,390,4,0.000186920166015625,17.0,0,0.85,BENIGN,INFO,lightgbm,HIGH
f74189505c4e0ee0,-19108,88,7594,20,0.0013151168823242188,6.0,0,0.85,BENIGN,INFO,lightgbm,HIGH
38e1ee678168cf03,4545,53,494,4,0.0001838207244873047,17.0,0,0.85,BENIGN,INFO,lightgbm,HIGH
f846f81e71ef0033,-19574,3289,780,13,1.9073486328125e-05,17.0,0,0.85,BENIGN,INFO,lightgbm,HIGH
9d5115fa8687712d,1134,443,194,3,9.000041007995605,6.0,0,0.85,BENIGN,INFO,lightgbm,HIGH
e2e304a58580cf79,1135,443,194,3,8.99997329711914,6.0,0,0.85,BENIGN,INFO,lightgbm,HIGH
e2f6f9ff59f70434,1136,443,194,3,8.999913215637207,6.0,0,0.85,BENIGN,INFO,lightgbm,HIGH
ba1606a46886e3fe,-8514,1124,1027,13,1.8835067749023438e-05,17.0,10,0.85,PortScan,MEDIUM,lightgbm,HIGH
999d33fc28017722,-15986,443,11319,17,0.38582301139831543,6.0,0,0.85,BENIGN,INFO,lightgbm,HIGH
688dc3415808c0fc,-11273,53,468,4,0.0002319812774658203,17.0,0,0.85,BENIGN,INFO,lightgbm,HIGH
38980a7d1271bb24,-13568,53,328,4,0.0001659393310546875,17.0,0,0.85,BENIGN,INFO,lightgbm,HIGH
aa995333c5d2c429,137,137,2804,28,18.30268669128418,17.0,0,0.85,BENIGN,INFO,lightgbm,HIGH
3d23f39bf5c20f18,-13566,389,784,4,0.00017881393432617188,17.0,0,0.85,BENIGN,INFO,lightgbm,HIGH
c14635b6557d2fe4,-13564,389,878,4,0.00020194053649902344,17.0,0,0.85,BENIGN,INFO,lightgbm,HIGH
d65ae60de9362f10,-1640,53,592,4,0.00018405914306640625,17.0,0,0.85,BENIGN,INFO,lightgbm,HIGH
8d5c4e4a461e3711,-1639,389,786,4,0.00011801719665527344,17.0,0,0.85,BENIGN,INFO,lightgbm,HIGH
f765652243325f20,-1638,389,784,4,0.00015115737915039062,17.0,0,0.85,BENIGN,INFO,lightgbm,HIGH
2f6429d94262aa5d,-1637,389,786,4,0.00013399124145507812,17.0,0,0.85,BENIGN,INFO,lightgbm,HIGH
d1448d4273cec66f,-16124,135,7784,52,53.277549743652344,6.0,0,0.85,BENIGN,INFO,lightgbm,HIGH
71be1ebc3dd29b4d,-16123,-15870,41034,130,83.2709732055664,6.0,11,0.85,SSH-Patator,MEDIUM,lightgbm,HIGH
4ac15aeb1266db9a,-16122,445,129078,498,536.8340454101562,6.0,0,0.85,BENIGN,INFO,lightgbm,HIGH
80aa299c6520dc8a,-16121,88,1840,16,0.0006849765777587891,6.0,0,0.85,BENIGN,INFO,lightgbm,HIGH
49101dfef00daf0a,-16120,88,1840,16,0.0007030963897705078,6.0,0,0.85,BENIGN,INFO,lightgbm,HIGH
bf43b593ff0c2988,-16119,389,11284,27,0.030354022979736328,6.0,0,0.85,BENIGN,INFO,lightgbm,HIGH
dd067704d3e3bc46,-16118,88,4818,18,0.012243032455444336,6.0,0,0.85,BENIGN,INFO,lightgbm,HIGH
f0f108d90cfceeaa,-16117,88,4818,18,0.011967897415161133,6.0,0,0.85,BENIGN,INFO,lightgbm,HIGH
eb647075170049d4,-16116,88,1840,16,0.0005710124969482422,6.0,0,0.85,BENIGN,INFO,lightgbm,HIGH
ea17295e0280d99f,-16115,88,4816,18,0.0008771419525146484,6.0,0,0.85,BENIGN,INFO,lightgbm,HIGH
cc5aa8be437e1dfc,-16114,88,7578,20,0.0011229515075683594,6.0,0,0.85,BENIGN,INFO,lightgbm,HIGH
5b050ee01efc009f,-16113,88,7532,20,0.001194000244140625,6.0,0,0.85,BENIGN,INFO,lightgbm,HIGH
1ae2ea02b461f7ea,-16112,88,7578,20,0.0010879039764404297,6.0,0,0.85,BENIGN,INFO,lightgbm,HIGH
03f31b8e3d12c00e,-16111,88,6638,16,0.0006530284881591797,6.0,0,0.85,BENIGN,INFO,lightgbm,HIGH
0e1e2c175f4911f0,-16110,-15865,8718,42,23.12584114074707,6.0,0,0.85,BENIGN,INFO,lightgbm,HIGH
ad99eab53b54e8c4,0,0,660,4,0.9151010513305664,1.0,0,0.85,BENIGN,INFO,lightgbm,HIGH
a1cc3e06de1ea69d,-4452,53,636,4,0.031048059463500977,17.0,0,0.85,BENIGN,INFO,lightgbm,HIGH
8cf46d073b9ebfa7,-4955,53,210,2,0.030519962310791016,17.0,0,0.85,BENIGN,INFO,lightgbm,HIGH
2e24e215aa348002,-10438,53,636,4,0.00021195411682128906,17.0,0,0.85,BENIGN,INFO,lightgbm,HIGH
a64e294d68549d86,1137,80,1007,8,2.615692138671875,6.0,4,0.85,DoS_Hulk,HIGH,lightgbm,HIGH
434c6cd6942d9cee,1138,80,4982,15,2.4841060638427734,6.0,4,0.85,DoS_Hulk,HIGH,lightgbm,HIGH
4ed93e53cb836d96,-8598,53,492,4,0.09091711044311523,17.0,0,0.85,BENIGN,INFO,lightgbm,HIGH
75b636e17f56c1fb,-3167,53,477,4,169.82923889160156,17.0,0,0.85,BENIGN,INFO,lightgbm,HIGH
410282c4d72a6a8d,1139,80,2830,8,2.182302951812744,6.0,4,0.85,DoS_Hulk,HIGH,lightgbm,HIGH
fb7e3f4d35f9822f,-9877,53,492,4,0.031009197235107422,17.0,0,0.85,BENIGN,INFO,lightgbm,HIGH
158ace393fd7dcc8,1140,80,2680,8,2.06583309173584,6.0,4,0.85,DoS_Hulk,HIGH,lightgbm,HIGH
fa9ef1486d81f0cd,-7586,53,460,4,0.00021982192993164062,17.0,0,0.85,BENIGN,INFO,lightgbm,HIGH
37475dd100a6009e,-12701,53,580,4,0.0006477832794189453,17.0,0,0.85,BENIGN,INFO,lightgbm,HIGH
792a224f6147b0da,-10233,53,498,4,0.00019288063049316406,17.0,0,0.85,BENIGN,INFO,lightgbm,HIGH
9e7d1db3eaa39b89,-9653,53,676,4,0.0005970001220703125,17.0,0,0.85,BENIGN,INFO,lightgbm,HIGH
d3b7d6ed668a7436,-1460,53,328,4,0.00015592575073242188,17.0,0,0.85,BENIGN,INFO,lightgbm,HIGH
4a2a940b7a8041bf,-15985,443,8054,40,180.96102905273438,6.0,0,0.85,BENIGN,INFO,lightgbm,HIGH
d134ced12309efb1,-5387,53,328,4,0.00014209747314453125,17.0,0,0.85,BENIGN,INFO,lightgbm,HIGH
fe6d6722a72015ce,-7021,53,352,4,0.00014495849609375,17.0,0,0.85,BENIGN,INFO,lightgbm,HIGH
c1cf6399bca86aec,-11378,53,396,4,0.031098127365112305,17.0,0,0.85,BENIGN,INFO,lightgbm,HIGH
b4aef3096ac49098,-3363,53,220,2,0.030749082565307617,17.0,0,0.85,BENIGN,INFO,lightgbm,HIGH
8517fa0243eec47e,-15984,80,7242,42,117.55306243896484,6.0,4,0.85,DoS_Hulk,HIGH,lightgbm,HIGH
b66ffba9f0f69a2b,-12316,53,352,4,0.00014209747314453125,17.0,0,0.85,BENIGN,INFO,lightgbm,HIGH
8ef0e5c60b874ad6,-6972,53,376,4,0.03066086769104004,17.0,0,0.85,BENIGN,INFO,lightgbm,HIGH
6cec648f76647e44,-9457,53,702,4,0.061097145080566406,17.0,0,0.85,BENIGN,INFO,lightgbm,HIGH
1282a4c8ac739699,-11824,53,324,4,0.030582904815673828,17.0,0,0.85,BENIGN,INFO,lightgbm,HIGH
69f89d1ec1389f32,-583,53,608,4,0.0001800060272216797,17.0,0,0.85,BENIGN,INFO,lightgbm,HIGH
b452a18d8354dace,-15983,443,5006,16,5.123538970947266,6.0,0,0.85,BENIGN,INFO,lightgbm,HIGH
d2550888a33beb0d,-15982,443,20291,52,115.34281921386719,6.0,0,0.85,BENIGN,INFO,lightgbm,HIGH
3b012365989c07c7,-15981,443,4952,15,5.123553276062012,6.0,0,0.85,BENIGN,INFO,lightgbm,HIGH
4068c282ac7cb8ed,-15980,443,5006,16,5.124917984008789,6.0,0,0.85,BENIGN,INFO,lightgbm,HIGH
6d86c0746ba3c676,-15979,443,5006,16,5.123395919799805,6.0,0,0.85,BENIGN,INFO,lightgbm,HIGH
5cdef96de9006886,-15978,443,13926,47,115.3409652709961,6.0,0,0.85,BENIGN,INFO,lightgbm,HIGH
d13235bab5c15294,-14763,53,324,4,0.00013399124145507812,17.0,0,0.85,BENIGN,INFO,lightgbm,HIGH
47afd7052e0af719,-14065,53,348,4,0.0001380443572998047,17.0,0,0.85,BENIGN,INFO,lightgbm,HIGH
f718ce937faa3329,-15977,443,255709,300,181.64491271972656,6.0,0,0.85,BENIGN,INFO,lightgbm,HIGH
d51d44ec477b43b9,-3291,53,470,4,0.06119894981384277,17.0,0,0.85,BENIGN,INFO,lightgbm,HIGH
09b7a27f4c004490,-16238,80,23667,23,108.37860870361328,6.0,4,0.85,DoS_Hulk,HIGH,lightgbm,HIGH
50c0c93e78080eed,-206,53,332,4,0.000843048095703125,17.0,0,0.85,BENIGN,INFO,lightgbm,HIGH
7341e49f860aee4d,-4863,53,448,4,546.5667114257812,17.0,0,0.85,BENIGN,INFO,lightgbm,HIGH
e2868c1e55c60fae,-2737,53,332,4,0.00014400482177734375,17.0,0,0.85,BENIGN,INFO,lightgbm,HIGH
bba2c7b1f801d99d,-15976,443,7319,34,181.03903198242188,6.0,0,0.85,BENIGN,INFO,lightgbm,HIGH
09fd6ac6589e90dd,-731,53,356,4,0.030704021453857422,17.0,0,0.85,BENIGN,INFO,lightgbm,HIGH
1a510cb2a7cca9f6,-3148,53,200,2,0.030436038970947266,17.0,0,0.85,BENIGN,INFO,lightgbm,HIGH
724788c62b56c879,-3759,53,332,4,0.0009489059448242188,17.0,0,0.85,BENIGN,INFO,lightgbm,HIGH
d20965ef7298db47,-15975,443,59511,88,180.62503051757812,6.0,0,0.85,BENIGN,INFO,lightgbm,HIGH
0d6c43a179d4a7c3,-435,53,332,4,0.0001499652862548828,17.0,0,0.85,BENIGN,INFO,lightgbm,HIGH
f018162c4fa9a414,-9541,53,356,4,0.030575990676879883,17.0,0,0.85,BENIGN,INFO,lightgbm,HIGH
a08b1464a9a6f2dd,-3055,53,200,2,0.03027510643005371,17.0,0,0.85,BENIGN,INFO,lightgbm,HIGH
f6efe96f23b1b563,-14144,53,374,4,0.0009000301361083984,17.0,0,0.85,BENIGN,INFO,lightgbm,HIGH
95b3b88b51e2f695,-3486,53,463,4,83.62781524658203,17.0,0,0.85,BENIGN,INFO,lightgbm,HIGH
f7d3493184f9c7bf,-15974,443,6749,34,180.40576171875,6.0,0,0.85,BENIGN,INFO,lightgbm,HIGH
56aa9c2b9f173ee9,-9815,53,340,4,0.0001499652862548828,17.0,0,0.85,BENIGN,INFO,lightgbm,HIGH
13c6cacfee3c2a8f,-5060,53,364,4,0.0007169246673583984,17.0,0,0.85,BENIGN,INFO,lightgbm,HIGH
626fec88f301f543,-4451,53,204,2,0.00042700767517089844,17.0,0,0.85,BENIGN,INFO,lightgbm,HIGH
5265eac986a6a55d,-10954,53,336,4,0.030823945999145508,17.0,0,0.85,BENIGN,INFO,lightgbm,HIGH
b8c3b0b3636e6339,-3967,53,190,2,0.03049778938293457,17.0,0,0.85,BENIGN,INFO,lightgbm,HIGH
99f4f09debfc7ab4,-2434,53,494,4,0.030992984771728516,17.0,0,0.85,BENIGN,INFO,lightgbm,HIGH
26d4f5c3ed30ce0a,-16237,80,936,8,40.994163513183594,6.0,4,0.85,DoS_Hulk,HIGH,lightgbm,HIGH
260f4d18c89b5013,-15921,53,438,4,0.030733108520507812,17.0,0,0.85,BENIGN,INFO,lightgbm,HIGH
8258bc83a051c3cd,-5183,53,527,4,161.06906127929688,17.0,0,0.85,BENIGN,INFO,lightgbm,HIGH
571c5bca7f39a68a,123,123,3600,40,514.108154296875,17.0,0,0.85,BENIGN,INFO,lightgbm,HIGH
000740723f232a38,-1294,53,558,4,0.09111714363098145,17.0,0,0.85,BENIGN,INFO,lightgbm,HIGH
a402f6bf73a8ec0f,-5407,53,525,4,471.08599853515625,17.0,0,0.85,BENIGN,INFO,lightgbm,HIGH
88e3d40edc767841,-16106,389,16836,35,9.25582504272461,6.0,0,0.85,BENIGN,INFO,lightgbm,HIGH
68d0b0f168f1e18d,-15973,443,11366,25,109.93797302246094,6.0,0,0.85,BENIGN,INFO,lightgbm,HIGH
7471d16ef586f5f3,-5563,53,492,4,0.09052610397338867,17.0,0,0.85,BENIGN,INFO,lightgbm,HIGH
3e16409cd1f91923,-15972,80,2677,12,109.94132995605469,6.0,4,0.85,DoS_Hulk,HIGH,lightgbm,HIGH
e8d78d0e1a8dbf2f,-6817,53,492,4,0.00016999244689941406,17.0,0,0.85,BENIGN,INFO,lightgbm,HIGH
7c22416d6ce13f40,-15971,80,2603,10,109.86199951171875,6.0,4,0.85,DoS_Hulk,HIGH,lightgbm,HIGH
9bb5821e2ee721d9,-11584,53,506,4,0.09105896949768066,17.0,0,0.85,BENIGN,INFO,lightgbm,HIGH
8c29182e27661fc6,-4343,53,275,2,0.09061288833618164,17.0,0,0.85,BENIGN,INFO,lightgbm,HIGH
ccfcf34eb15e8106,-2790,53,506,4,0.00019288063049316406,17.0,0,0.85,BENIGN,INFO,lightgbm,HIGH
fa668dac53fe24ed,1141,80,1677,8,119.91523742675781,6.0,4,0.85,DoS_Hulk,HIGH,lightgbm,HIGH
c288aa92cf0958c3,-6782,53,626,4,0.15121221542358398,17.0,0,0.85,BENIGN,INFO,lightgbm,HIGH
3062902f19f77642,-3998,53,335,2,0.1507868766784668,17.0,0,0.85,BENIGN,INFO,lightgbm,HIGH
091e5944d05dfd02,1142,80,4112,19,66.58505249023438,6.0,4,0.85,DoS_Hulk,HIGH,lightgbm,HIGH
7ec909e73788ccca,-15478,53,528,4,0.00017905235290527344,17.0,0,0.85,BENIGN,INFO,lightgbm,HIGH
b34f6fc9f4a42c17,1143,443,164008,122,62.94965744018555,6.0,0,0.85,BENIGN,INFO,lightgbm,HIGH
523cfe6654fca50c,-14527,53,552,4,0.0001780986785888672,17.0,0,0.85,BENIGN,INFO,lightgbm,HIGH
c86af001951c2656,-14526,389,704,4,0.00013184547424316406,17.0,0,0.85,BENIGN,INFO,lightgbm,HIGH
cc7b13f99d6e8abf,-16105,88,7470,20,0.002128124237060547,6.0,0,0.85,BENIGN,INFO,lightgbm,HIGH
d636ad3c4ea124b6,-2582,53,552,4,0.0002079010009765625,17.0,0,0.85,BENIGN,INFO,lightgbm,HIGH
c8f564c1d10c5493,-2581,389,784,4,0.0001430511474609375,17.0,0,0.85,BENIGN,INFO,lightgbm,HIGH
5af8cc82de94d284,-16104,389,6646,26,0.3587679862976074,6.0,0,0.85,BENIGN,INFO,lightgbm,HIGH
1e29c6e019bb7f04,-16103,389,15246,45,0.14017105102539062,6.0,0,0.85,BENIGN,INFO,lightgbm,HIGH
9ae507dfa3053cc6,-16102,389,8096,24,0.010297060012817383,6.0,0,0.85,BENIGN,INFO,lightgbm,HIGH
79a259cdf4963f99,-16101,88,1876,16,0.0006129741668701172,6.0,0,0.85,BENIGN,INFO,lightgbm,HIGH
0cf0fca380473d5f,-16100,88,4822,18,0.0009279251098632812,6.0,0,0.85,BENIGN,INFO,lightgbm,HIGH
23b14e77f63dcca0,-16099,88,7350,20,0.001081228256225586,6.0,0,0.85,BENIGN,INFO,lightgbm,HIGH
ebbd487a32896ff0,-16098,88,7578,20,0.0012350082397460938,6.0,0,0.85,BENIGN,INFO,lightgbm,HIGH
5542a90902f3d658,-16097,88,6638,16,0.000720977783203125,6.0,0,0.85,BENIGN,INFO,lightgbm,HIGH
62eb51012b0f0f9f,-6516,53,1302,12,4.931330680847168,17.0,0,0.85,BENIGN,INFO,lightgbm,HIGH
7ca06ddb3dc4a421,-3355,53,466,4,0.06077218055725098,17.0,0,0.85,BENIGN,INFO,lightgbm,HIGH
a82273df9ef9d941,-4962,53,459,4,272.04278564453125,17.0,0,0.85,BENIGN,INFO,lightgbm,HIGH
4e4f8c78f8c4699b,-16236,80,194,3,9.031841278076172,6.0,4,0.85,DoS_Hulk,HIGH,lightgbm,HIGH
3acbe4c6e99b539e,-1390,53,552,4,0.00020694732666015625,17.0,0,0.85,BENIGN,INFO,lightgbm,HIGH
4b7b2526c39f913f,-1389,389,704,4,0.0001251697540283203,17.0,0,0.85,BENIGN,INFO,lightgbm,HIGH
15b83b9ba0e68a39,137,137,14352,156,1.5001001358032227,17.0,0,0.85,BENIGN,INFO,lightgbm,HIGH
f44d2501476afc47,1144,443,194,3,9.001853942871094,6.0,0,0.85,BENIGN,INFO,lightgbm,HIGH
fdafd603f8efd20e,-14348,53,444,4,0.06119084358215332,17.0,0,0.85,BENIGN,INFO,lightgbm,HIGH
53b311491f81ae76,-6823,53,408,4,0.00015282630920410156,17.0,0,0.85,BENIGN,INFO,lightgbm,HIGH
3cd8e0aee3c1c3aa,-9700,53,622,4,0.031039953231811523,17.0,0,0.85,BENIGN,INFO,lightgbm,HIGH
dbdb010625614c24,-3150,53,333,2,0.030571937561035156,17.0,0,0.85,BENIGN,INFO,lightgbm,HIGH
1afc7b70409e3349,-16095,80,1300,8,2.150726079940796,6.0,4,0.85,DoS_Hulk,HIGH,lightgbm,HIGH
a1baec307cb7be75,-16096,80,1300,8,2.14867901802063,6.0,4,0.85,DoS_Hulk,HIGH,lightgbm,HIGH
f2dfb482082510cc,-3383,53,292,2,0.09065699577331543,17.0,0,0.85,BENIGN,INFO,lightgbm,HIGH
a537686ec32e0822,-8363,443,7144,18,60.315956115722656,6.0,0,0.85,BENIGN,INFO,lightgbm,HIGH
c15527a5c25a927c,-11805,53,464,4,0.00023889541625976562,17.0,0,0.85,BENIGN,INFO,lightgbm,HIGH
daa3cf85d7579f57,-16094,443,7023,17,61.1052131652832,6.0,0,0.85,BENIGN,INFO,lightgbm,HIGH
221b6e4352cda3ca,-16093,443,24310,29,1.174180030822754,6.0,0,0.85,BENIGN,INFO,lightgbm,HIGH
d60d8f3b3c265625,-16092,443,23650,30,0.9524540901184082,6.0,0,0.85,BENIGN,INFO,lightgbm,HIGH
aa8efeedb0588dbe,-9599,53,636,4,0.030900001525878906,17.0,0,0.85,BENIGN,INFO,lightgbm,HIGH
1db08f790319c681,-3607,53,210,2,0.030434131622314453,17.0,0,0.85,BENIGN,INFO,lightgbm,HIGH
912e09b94abad556,-16090,80,1128,10,104.05936431884766,6.0,4,0.85,DoS_Hulk,HIGH,lightgbm,HIGH
521bd0ccccea4572,-16091,80,1128,10,104.0595932006836,6.0,4,0.85,DoS_Hulk,HIGH,lightgbm,HIGH
000f2c00df6ce21a,-16089,80,1128,10,104.05934143066406,6.0,4,0.85,DoS_Hulk,HIGH,lightgbm,HIGH
80cd48444308d998,-14637,53,492,4,0.06157493591308594,17.0,0,0.85,BENIGN,INFO,lightgbm,HIGH
c5f0a0438dd201ce,-4571,53,265,2,0.06113600730895996,17.0,0,0.85,BENIGN,INFO,lightgbm,HIGH
93ce91959f5c454c,-16088,80,3013,11,39.97636413574219,6.0,4,0.85,DoS_Hulk,HIGH,lightgbm,HIGH
2f405730070ae44b,-16087,443,25106,30,0.3990631103515625,6.0,0,0.85,BENIGN,INFO,lightgbm,HIGH
fa2600b786e8ad60,-6502,53,594,4,0.00023603439331054688,17.0,0,0.85,BENIGN,INFO,lightgbm,HIGH
2802b994b804ad2b,-16086,443,13264,29,97.96728515625,6.0,0,0.85,BENIGN,INFO,lightgbm,HIGH
08596a315f931806,-8296,53,506,4,0.0001850128173828125,17.0,0,0.85,BENIGN,INFO,lightgbm,HIGH
cfec5f719de383f1,-16085,443,16114,23,1.6167199611663818,6.0,0,0.85,BENIGN,INFO,lightgbm,HIGH
619a7e519532fa87,-2190,53,582,4,0.09107017517089844,17.0,0,0.85,BENIGN,INFO,lightgbm,HIGH
bbbee6fbd5260f7e,-3613,53,287,2,0.09060096740722656,17.0,0,0.85,BENIGN,INFO,lightgbm,HIGH
44a43dc1f0fe48e5,-16084,443,10540,19,0.3278641700744629,6.0,0,0.85,BENIGN,INFO,lightgbm,HIGH
0ce0240f43096d52,-10302,53,368,4,0.00021696090698242188,17.0,0,0.85,BENIGN,INFO,lightgbm,HIGH
a8b1b5c8eeaf6bed,-5430,53,506,4,0.03171491622924805,17.0,0,0.85,BENIGN,INFO,lightgbm,HIGH
6e51b95fa76abbd5,-5380,53,240,2,0.03132295608520508,17.0,0,0.85,BENIGN,INFO,lightgbm,HIGH
200593270e0b342e,-16083,443,24783,25,0.8649230003356934,6.0,0,0.85,BENIGN,INFO,lightgbm,HIGH
c369fbbd4939af14,32717,53,368,4,0.0001819133758544922,17.0,0,0.85,BENIGN,INFO,lightgbm,HIGH
7ce27d40c7bb9bdc,-16082,88,1758,16,0.0006539821624755859,6.0,0,0.85,BENIGN,INFO,lightgbm,HIGH
f1b643a4436ab2f0,-16081,88,4624,18,0.0008149147033691406,6.0,0,0.85,BENIGN,INFO,lightgbm,HIGH
54217413b16a0708,-16080,88,6566,16,0.0012080669403076172,6.0,0,0.85,BENIGN,INFO,lightgbm,HIGH
b581db81bfef3773,-16079,88,1782,16,0.0006129741668701172,6.0,0,0.85,BENIGN,INFO,lightgbm,HIGH
3225912e3b474e62,-16078,88,4636,18,0.0009779930114746094,6.0,0,0.85,BENIGN,INFO,lightgbm,HIGH
d2b98021e57b2efb,-16077,88,7330,20,0.0010759830474853516,6.0,0,0.85,BENIGN,INFO,lightgbm,HIGH
8912ae7fb2df6523,-16076,389,8070,26,0.3848080635070801,6.0,0,0.85,BENIGN,INFO,lightgbm,HIGH
e93af73b47c6b856,-16075,389,6570,26,0.37316203117370605,6.0,0,0.85,BENIGN,INFO,lightgbm,HIGH
c7244d73487d8da5,-16074,443,10600,20,0.3517301082611084,6.0,0,0.85,BENIGN,INFO,lightgbm,HIGH
02e4d78f675d4a46,-16073,443,24837,26,1.201430082321167,6.0,0,0.85,BENIGN,INFO,lightgbm,HIGH
9438120d27755b5d,-16723,389,628,4,0.0001308917999267578,17.0,0,0.85,BENIGN,INFO,lightgbm,HIGH
fb244634930c6962,20092,53,608,4,0.00021791458129882812,17.0,0,0.85,BENIGN,INFO,lightgbm,HIGH
bfea108251985df2,17586,53,484,4,0.0001761913299560547,17.0,0,0.85,BENIGN,INFO,lightgbm,HIGH
2031b259e97aab89,-17707,389,628,4,0.00013113021850585938,17.0,0,0.85,BENIGN,INFO,lightgbm,HIGH
8da4bd19824e583f,-8270,389,9172,35,0.04175090789794922,6.0,0,0.85,BENIGN,INFO,lightgbm,HIGH
fc4c9e7d85b920c2,-24357,88,642,4,0.0002880096435546875,17.0,0,0.85,BENIGN,INFO,lightgbm,HIGH
86538e656f1a5005,-19178,88,874,4,0.0003647804260253906,17.0,0,0.85,BENIGN,INFO,lightgbm,HIGH
1f7c68fe550d9a70,-22656,88,3482,4,0.0006420612335205078,17.0,0,0.85,BENIGN,INFO,lightgbm,HIGH
332400454263da43,-4942,88,5682,4,0.0007510185241699219,17.0,0,0.85,BENIGN,INFO,lightgbm,HIGH
74276ed32d813111,-14742,88,5566,4,0.0003371238708496094,17.0,0,0.85,BENIGN,INFO,lightgbm,HIGH
8fda864d54f6e71c,25313,53,444,4,0.0002090930938720703,17.0,0,0.85,BENIGN,INFO,lightgbm,HIGH
41d1e263e56930f5,2318,53,444,4,0.0001671314239501953,17.0,0,0.85,BENIGN,INFO,lightgbm,HIGH
d3a8cf1054164004,3884,53,328,4,0.00014519691467285156,17.0,0,0.85,BENIGN,INFO,lightgbm,HIGH
880c4309f5af83d8,-12133,53,390,4,0.00028204917907714844,17.0,0,0.85,BENIGN,INFO,lightgbm,HIGH
986dab079672f6e9,-25343,88,886,4,0.00037789344787597656,17.0,0,0.85,BENIGN,INFO,lightgbm,HIGH
b15642c5d592e2ed,-3548,53,494,4,0.00016999244689941406,17.0,0,0.85,BENIGN,INFO,lightgbm,HIGH
d0c7ed738af51c58,-18964,53,444,4,0.00016689300537109375,17.0,0,0.85,BENIGN,INFO,lightgbm,HIGH
b5370ff09a058c1d,8613,53,444,4,0.0001289844512939453,17.0,0,0.85,BENIGN,INFO,lightgbm,HIGH
fe66e7b45986bdb8,-6386,53,328,4,0.00017189979553222656,17.0,0,0.85,BENIGN,INFO,lightgbm,HIGH
539adcd5d235b277,10067,53,390,4,0.00018310546875,17.0,0,0.85,BENIGN,INFO,lightgbm,HIGH
a113e9ed26e2987f,-5730,88,3472,4,0.0006611347198486328,17.0,0,0.85,BENIGN,INFO,lightgbm,HIGH
c3f4816c6ce0d1b5,-19946,53,494,4,0.00016188621520996094,17.0,0,0.85,BENIGN,INFO,lightgbm,HIGH
5e88b564c30ea8cc,-19464,53,444,4,0.00024199485778808594,17.0,0,0.85,BENIGN,INFO,lightgbm,HIGH
7aeed540df59e760,6644,53,444,4,0.0001380443572998047,17.0,0,0.85,BENIGN,INFO,lightgbm,HIGH
f246c8e043d7387e,14646,53,328,4,0.00016498565673828125,17.0,0,0.85,BENIGN,INFO,lightgbm,HIGH
ce883dcc52ef633f,8855,53,390,4,0.00017404556274414062,17.0,0,0.85,BENIGN,INFO,lightgbm,HIGH
125a9b9fdc113dfb,-25688,88,3770,4,0.0009598731994628906,17.0,0,0.85,BENIGN,INFO,lightgbm,HIGH
ad74da33a1a6f499,-8696,53,494,4,0.0001659393310546875,17.0,0,0.85,BENIGN,INFO,lightgbm,HIGH
0e7d8bd3f203fe6e,16946,53,444,4,0.0001430511474609375,17.0,0,0.85,BENIGN,INFO,lightgbm,HIGH
0b248232a1fe3f3b,18242,53,328,4,0.00016117095947265625,17.0,0,0.85,BENIGN,INFO,lightgbm,HIGH
bd8c92f741718a26,-29675,53,390,4,0.00017309188842773438,17.0,0,0.85,BENIGN,INFO,lightgbm,HIGH
a71798d127bd82d0,-19102,88,7594,20,0.001230001449584961,6.0,0,0.85,BENIGN,INFO,lightgbm,HIGH
6eaaffcc36ceb82e,-27861,53,976,8,49.19410705566406,17.0,0,0.85,BENIGN,INFO,lightgbm,HIGH
54752341bcd2614a,-14471,53,452,4,0.0002110004425048828,17.0,0,0.85,BENIGN,INFO,lightgbm,HIGH
032b76f6097ea4ea,-31971,53,434,4,0.0002200603485107422,17.0,0,0.85,BENIGN,INFO,lightgbm,HIGH
4fed51e814c523be,-5427,1900,18616,104,5.9998860359191895,17.0,0,0.85,BENIGN,INFO,lightgbm,HIGH
1a041c26e6465a67,-24518,53,452,4,0.00021409988403320312,17.0,0,0.85,BENIGN,INFO,lightgbm,HIGH
d0bd4f0b89e2816e,14166,53,434,4,0.000270843505859375,17.0,0,0.85,BENIGN,INFO,lightgbm,HIGH
97d1d906af010eb5,7725,7725,1378,13,1.7881393432617188e-05,17.0,0,0.85,BENIGN,INFO,lightgbm,HIGH
521ae33bda4142e3,8207,53,452,4,0.0002129077911376953,17.0,0,0.85,BENIGN,INFO,lightgbm,HIGH
32493adc7272e9e5,31119,53,548,4,0.0002701282501220703,17.0,0,0.85,BENIGN,INFO,lightgbm,HIGH
1e60b278955f49eb,-1115,53,560,4,0.031023025512695312,17.0,0,0.85,BENIGN,INFO,lightgbm,HIGH
ed1d6731ba1976f2,-4229,53,390,4,245.79840087890625,17.0,0,0.85,BENIGN,INFO,lightgbm,HIGH
2476bcd1a15d4593,-16072,80,6328,16,60.27985763549805,6.0,4,0.85,DoS_Hulk,HIGH,lightgbm,HIGH
f29a9913828b9cc8,-14986,53,586,4,0.061139822006225586,17.0,0,0.85,BENIGN,INFO,lightgbm,HIGH
3d93f34bb5f8f761,-4187,53,579,4,443.9118347167969,17.0,0,0.85,BENIGN,INFO,lightgbm,HIGH
4af5dd65668da62c,-16071,80,5507,12,60.11185073852539,6.0,4,0.85,DoS_Hulk,HIGH,lightgbm,HIGH
9416571ffafc264f,27459,53,452,4,0.0002319812774658203,17.0,0,0.85,BENIGN,INFO,lightgbm,HIGH
d0336fccdcd82c0a,-16487,53,434,4,0.00026702880859375,17.0,0,0.85,BENIGN,INFO,lightgbm,HIGH
d911102eeebb06e6,-12931,53,518,4,0.06122303009033203,17.0,0,0.85,BENIGN,INFO,lightgbm,HIGH
d601dddab969eec6,-13396,53,518,4,0.06107902526855469,17.0,0,0.85,BENIGN,INFO,lightgbm,HIGH
0415ce10389f3752,-5017,53,512,4,63.621559143066406,17.0,0,0.85,BENIGN,INFO,lightgbm,HIGH
6790e0eb3faa9653,1177,443,9310,44,115.90203094482422,6.0,0,0.85,BENIGN,INFO,lightgbm,HIGH
96ff57170266939c,-1084,53,518,4,0.00017786026000976562,17.0,0,0.85,BENIGN,INFO,lightgbm,HIGH
914934ff42d195ff,-10481,53,428,4,0.00019884109497070312,17.0,0,0.85,BENIGN,INFO,lightgbm,HIGH
1c2104825ae6c5fa,-13757,53,428,4,0.00020194053649902344,17.0,0,0.85,BENIGN,INFO,lightgbm,HIGH
a82c120372cfdc3d,1145,443,194,3,8.997017860412598,6.0,0,0.85,BENIGN,INFO,lightgbm,HIGH
56f331e04af8e472,-14081,53,492,4,0.06100797653198242,17.0,0,0.85,BENIGN,INFO,lightgbm,HIGH
2638dd62e9b54b45,-3895,53,268,2,0.060630083084106445,17.0,0,0.85,BENIGN,INFO,lightgbm,HIGH
e0834dbd3b1a8ee8,1178,443,10653,34,61.30638885498047,6.0,0,0.85,BENIGN,INFO,lightgbm,HIGH
4d437764acabef61,1179,443,6909,29,61.308128356933594,6.0,0,0.85,BENIGN,INFO,lightgbm,HIGH
5164e570d8f9e812,-3944,53,384,4,0.00014901161193847656,17.0,0,0.85,BENIGN,INFO,lightgbm,HIGH
4b80441e30356b0c,1180,443,6908,29,61.308319091796875,6.0,0,0.85,BENIGN,INFO,lightgbm,HIGH
1a951304dc8dd5f2,1181,443,6906,29,61.30931091308594,6.0,0,0.85,BENIGN,INFO,lightgbm,HIGH
e4bd59c977a626bf,1182,443,6928,29,61.30925750732422,6.0,0,0.85,BENIGN,INFO,lightgbm,HIGH
1ac53967f2142750,-9696,53,522,4,0.03060293197631836,17.0,0,0.85,BENIGN,INFO,lightgbm,HIGH
6abcda26b06d9bf8,-4614,53,519,4,119.80084228515625,17.0,0,0.85,BENIGN,INFO,lightgbm,HIGH
0ed135bb621a9312,-16070,443,23542,28,0.2844250202178955,6.0,0,0.85,BENIGN,INFO,lightgbm,HIGH
0fdcf60d6dc297ba,1183,443,4453,16,5.3014421463012695,6.0,0,0.85,BENIGN,INFO,lightgbm,HIGH
3e077c6138ebbd8c,1184,80,3217,32,115.2103500366211,6.0,4,0.85,DoS_Hulk,HIGH,lightgbm,HIGH
467b8ff6253aa001,1185,80,3217,32,115.2103042602539,6.0,4,0.85,DoS_Hulk,HIGH,lightgbm,HIGH
20ce4e11d1f0854f,1186,80,372,6,5.13216495513916,6.0,4,0.85,DoS_Hulk,HIGH,lightgbm,HIGH
bb0ae045877dc355,1187,80,3217,32,115.21023559570312,6.0,4,0.85,DoS_Hulk,HIGH,lightgbm,HIGH
fee23032e084f355,1188,80,372,6,5.132026672363281,6.0,4,0.85,DoS_Hulk,HIGH,lightgbm,HIGH
a09dd27332a2c7fc,-14164,53,666,4,0.09199905395507812,17.0,0,0.85,BENIGN,INFO,lightgbm,HIGH
fe552572bfd8510f,-4155,53,600,4,442.0411071777344,17.0,0,0.85,BENIGN,INFO,lightgbm,HIGH
9c9d17e52b032d01,-1028,53,592,4,0.03101205825805664,17.0,0,0.85,BENIGN,INFO,lightgbm,HIGH
d96dbf24c577c56f,-4140,53,282,2,0.03058004379272461,17.0,0,0.85,BENIGN,INFO,lightgbm,HIGH
3901f6a91f408e60,123,123,2520,28,472.0868835449219,17.0,0,0.85,BENIGN,INFO,lightgbm,HIGH
f03defee5d01d9b3,-5795,53,392,4,0.031069040298461914,17.0,0,0.85,BENIGN,INFO,lightgbm,HIGH
36f1e7ec04c36f59,13079,53,408,4,0.0316319465637207,17.0,0,0.85,BENIGN,INFO,lightgbm,HIGH
d5dbba5564db71e6,-4014,53,390,4,130.15130615234375,17.0,0,0.85,BENIGN,INFO,lightgbm,HIGH
53b26d8efb930445,-4120,53,226,2,0.03122997283935547,17.0,0,0.85,BENIGN,INFO,lightgbm,HIGH
b6090449ce756759,-16069,443,19705,35,83.96435546875,6.0,0,0.85,BENIGN,INFO,lightgbm,HIGH
c91049738fd46786,123,123,1620,18,466.06005859375,17.0,0,0.85,BENIGN,INFO,lightgbm,HIGH
3747a307e468e811,29563,53,452,4,0.00019693374633789062,17.0,0,0.85,BENIGN,INFO,lightgbm,HIGH
41a1764cbe0d653a,22179,53,434,4,0.00020694732666015625,17.0,0,0.85,BENIGN,INFO,lightgbm,HIGH
0d5059eeaee97dd7,30722,53,452,4,0.0001900196075439453,17.0,0,0.85,BENIGN,INFO,lightgbm,HIGH
f617342d025c4934,8410,53,434,4,0.00020194053649902344,17.0,0,0.85,BENIGN,INFO,lightgbm,HIGH
25c90c859facfee2,-293,53,666,4,0.00021195411682128906,17.0,0,0.85,BENIGN,INFO,lightgbm,HIGH
85993df12e71eb3a,-15970,443,14119,37,60.65536880493164,6.0,0,0.85,BENIGN,INFO,lightgbm,HIGH
2b5e8d2740f5aea6,-10997,53,572,4,0.00015401840209960938,17.0,0,0.85,BENIGN,INFO,lightgbm,HIGH
543cf55f609003a5,-5311,53,632,4,0.031175851821899414,17.0,0,0.85,BENIGN,INFO,lightgbm,HIGH
0ea9baf71786d92a,-4359,53,338,2,0.030848979949951172,17.0,0,0.85,BENIGN,INFO,lightgbm,HIGH
6818d7256b704da9,-82,53,664,4,0.0913999080657959,17.0,0,0.85,BENIGN,INFO,lightgbm,HIGH
df229494977faa29,-81,53,664,4,0.09121084213256836,17.0,0,0.85,BENIGN,INFO,lightgbm,HIGH
d92f33ab8f254b2f,1189,443,6053,27,60.6878776550293,6.0,0,0.85,BENIGN,INFO,lightgbm,HIGH
3a2dcb0b4f8f6396,-3204,53,664,4,0.00021600723266601562,17.0,0,0.85,BENIGN,INFO,lightgbm,HIGH
8fff4d273d6707bf,-2135,53,648,4,0.00023508071899414062,17.0,0,0.85,BENIGN,INFO,lightgbm,HIGH
f033f9dc9cb36e4b,-8464,53,648,4,0.00023698806762695312,17.0,0,0.85,BENIGN,INFO,lightgbm,HIGH
6602bad120db44ae,-5259,53,666,4,0.0002300739288330078,17.0,0,0.85,BENIGN,INFO,lightgbm,HIGH
c32e6d7186b307e3,-4990,53,666,4,0.00021600723266601562,17.0,0,0.85,BENIGN,INFO,lightgbm,HIGH
7392f8bcf2bf8c33,-15632,53,572,4,0.000186920166015625,17.0,0,0.85,BENIGN,INFO,lightgbm,HIGH
59e8359aaed30feb,-1963,53,666,4,0.00020503997802734375,17.0,0,0.85,BENIGN,INFO,lightgbm,HIGH
7d0739a5f27d58ef,-7242,53,666,4,0.00019621849060058594,17.0,0,0.85,BENIGN,INFO,lightgbm,HIGH
5ba060f6d3471833,-12190,53,572,4,0.00015306472778320312,17.0,0,0.85,BENIGN,INFO,lightgbm,HIGH
13ad5821e3751b35,-5873,53,666,4,0.00018787384033203125,17.0,0,0.85,BENIGN,INFO,lightgbm,HIGH
3c62760bbf890b0c,-1862,53,666,4,0.00018095970153808594,17.0,0,0.85,BENIGN,INFO,lightgbm,HIGH
906e7d1f9e7ff441,-9418,53,572,4,0.00015997886657714844,17.0,0,0.85,BENIGN,INFO,lightgbm,HIGH
4be0f45fb1d9114a,-15894,53,708,4,0.061990976333618164,17.0,0,0.85,BENIGN,INFO,lightgbm,HIGH
c5a1ea3f75a1a283,-15969,443,14839,47,115.81948852539062,6.0,0,0.85,BENIGN,INFO,lightgbm,HIGH
6859464dac4b8d0c,-121,53,612,4,0.0001811981201171875,17.0,0,0.85,BENIGN,INFO,lightgbm,HIGH
11f8e061027efca1,-11342,53,530,4,0.030657052993774414,17.0,0,0.85,BENIGN,INFO,lightgbm,HIGH
ae32da5d8d2206aa,123,123,1620,18,470.0856628417969,17.0,0,0.85,BENIGN,INFO,lightgbm,HIGH
7f1a03ffb0cda01a,123,123,2520,28,474.00567626953125,17.0,0,0.85,BENIGN,INFO,lightgbm,HIGH
67b0c3682783df65,-15812,53,640,4,0.03115701675415039,17.0,0,0.85,BENIGN,INFO,lightgbm,HIGH
152cded65425b6e5,-3663,53,208,2,0.030745983123779297,17.0,0,0.85,BENIGN,INFO,lightgbm,HIGH
e2ec0d0769b86da8,1146,80,2262,12,119.97859191894531,6.0,4,0.85,DoS_Hulk,HIGH,lightgbm,HIGH
5f843767123e3e01,-9356,53,506,4,0.030949115753173828,17.0,0,0.85,BENIGN,INFO,lightgbm,HIGH
1f083b1c58348dbb,1147,80,2954,10,119.87648010253906,6.0,4,0.85,DoS_Hulk,HIGH,lightgbm,HIGH
584b04568469aacd,-21128,53,444,4,0.00019979476928710938,17.0,0,0.85,BENIGN,INFO,lightgbm,HIGH
b17e1de541593846,-15496,53,444,4,0.00016689300537109375,17.0,0,0.85,BENIGN,INFO,lightgbm,HIGH
08969be4b6ed93d5,6582,53,328,4,0.00018215179443359375,17.0,0,0.85,BENIGN,INFO,lightgbm,HIGH
ad795c25a2919dac,6538,53,390,4,0.0002410411834716797,17.0,0,0.85,BENIGN,INFO,lightgbm,HIGH
287af1cd96fb36a1,-17568,88,886,4,0.00037097930908203125,17.0,0,0.85,BENIGN,INFO,lightgbm,HIGH
7a612c8468012008,15478,53,494,4,0.0001380443572998047,17.0,0,0.85,BENIGN,INFO,lightgbm,HIGH
320081045fb039be,27312,53,444,4,0.00017499923706054688,17.0,0,0.85,BENIGN,INFO,lightgbm,HIGH
47830842590eb09a,-5858,53,444,4,0.0001621246337890625,17.0,0,0.85,BENIGN,INFO,lightgbm,HIGH
3713b3c3d3fb5009,12529,53,328,4,0.0001659393310546875,17.0,0,0.85,BENIGN,INFO,lightgbm,HIGH
78d31060151ea737,-24858,53,390,4,0.00017714500427246094,17.0,0,0.85,BENIGN,INFO,lightgbm,HIGH
b44f28d550bcc7dc,-18558,88,3472,4,0.0006709098815917969,17.0,0,0.85,BENIGN,INFO,lightgbm,HIGH
0ea1e860246be21d,1810,53,494,4,0.0002999305725097656,17.0,0,0.85,BENIGN,INFO,lightgbm,HIGH
0ed1e9d827700fde,5305,53,444,4,0.00016307830810546875,17.0,0,0.85,BENIGN,INFO,lightgbm,HIGH
5c39e461050678e5,25861,53,444,4,0.0001621246337890625,17.0,0,0.85,BENIGN,INFO,lightgbm,HIGH
f5f2bb48e8252f4c,-27464,53,328,4,0.00017213821411132812,17.0,0,0.85,BENIGN,INFO,lightgbm,HIGH
1fc4aaf6ddeb1dc6,-21732,53,390,4,0.00023293495178222656,17.0,0,0.85,BENIGN,INFO,lightgbm,HIGH
10c26a001f6e73bf,-22481,88,3770,4,0.0009729862213134766,17.0,0,0.85,BENIGN,INFO,lightgbm,HIGH
37861bd811cbb386,17161,53,494,4,0.00013685226440429688,17.0,0,0.85,BENIGN,INFO,lightgbm,HIGH
4be79eb8519fae2a,-16901,53,444,4,0.0001628398895263672,17.0,0,0.85,BENIGN,INFO,lightgbm,HIGH
d1051a837c5797d6,21835,53,328,4,0.0001621246337890625,17.0,0,0.85,BENIGN,INFO,lightgbm,HIGH
809266144bd0dc2a,-22117,53,390,4,0.0001728534698486328,17.0,0,0.85,BENIGN,INFO,lightgbm,HIGH
f3f1222b7d2588a7,-19100,88,7594,20,0.0012791156768798828,6.0,0,0.85,BENIGN,INFO,lightgbm,HIGH
7ba82031a28f5bb2,23597,53,494,4,0.00014591217041015625,17.0,0,0.85,BENIGN,INFO,lightgbm,HIGH
ec135ced88543a22,-8573,53,502,4,0.06112217903137207,17.0,0,0.85,BENIGN,INFO,lightgbm,HIGH
c3fa2df0d5bfbdb9,-3856,53,262,2,0.06057906150817871,17.0,0,0.85,BENIGN,INFO,lightgbm,HIGH
e9aecc639e222d42,-16068,443,9984,22,64.8811264038086,6.0,0,0.85,BENIGN,INFO,lightgbm,HIGH
716ade0745408678,-16337,3268,11444,35,93.2147445678711,6.0,0,0.85,BENIGN,INFO,lightgbm,HIGH
94c050201c5177ca,-16336,389,11444,35,93.19596862792969,6.0,0,0.85,BENIGN,INFO,lightgbm,HIGH
540e74af744f0fa4,-1032,53,376,4,0.03737902641296387,17.0,0,0.85,BENIGN,INFO,lightgbm,HIGH
d7210ed7548f2fe9,-4227,53,210,2,0.0369870662689209,17.0,0,0.85,BENIGN,INFO,lightgbm,HIGH
88b6d03c78de3cdd,-16335,443,794,11,0.048918962478637695,6.0,0,0.85,BENIGN,INFO,lightgbm,HIGH
9411dd98887aebf8,-16334,443,765,11,0.04714703559875488,6.0,0,0.85,BENIGN,INFO,lightgbm,HIGH
fb3e825e353ca146,123,123,360,4,0.00013494491577148438,17.0,0,0.85,BENIGN,INFO,lightgbm,HIGH
d2856ae00fbfbdbb,-5355,53,472,4,0.09149003028869629,17.0,0,0.85,BENIGN,INFO,lightgbm,HIGH
335004201ea7949e,-4231,53,523,4,419.55902099609375,17.0,0,0.85,BENIGN,INFO,lightgbm,HIGH
1af9345b26bd2eeb,-16067,443,566981,635,71.412353515625,6.0,0,0.85,BENIGN,INFO,lightgbm,HIGH
06fe8089c713d3a2,-16066,443,20367,40,69.67469787597656,6.0,0,0.85,BENIGN,INFO,lightgbm,HIGH
6c9373df5f24f860,-1220,53,478,4,0.06094217300415039,17.0,0,0.85,BENIGN,INFO,lightgbm,HIGH
eb94f86361368b08,-3652,53,633,4,430.6849060058594,17.0,0,0.85,BENIGN,INFO,lightgbm,HIGH
b52817e34b86c05f,-30516,21,4210,54,0.42931294441223145,6.0,7,0.85,FTP-Patator,MEDIUM,lightgbm,HIGH
8da7d2b1f744e0cb,-28076,12714,22394,28,0.0805809497833252,6.0,0,0.85,BENIGN,INFO,lightgbm,HIGH
da0cdb6a0ec1a52d,-30365,53,368,4,0.0001900196075439453,17.0,0,0.85,BENIGN,INFO,lightgbm,HIGH
bcac4f5d09d5b494,-19105,389,628,4,0.0001289844512939453,17.0,0,0.85,BENIGN,INFO,lightgbm,HIGH
36824328615a3150,-26965,53,608,4,0.00018787384033203125,17.0,0,0.85,BENIGN,INFO,lightgbm,HIGH
8bd369a8507e569a,19691,53,484,4,0.000164031982421875,17.0,0,0.85,BENIGN,INFO,lightgbm,HIGH
28e6f89148d54eb2,-13664,389,634,4,0.00012087821960449219,17.0,0,0.85,BENIGN,INFO,lightgbm,HIGH
e7ca6fafbe8c286b,-29286,389,9436,39,0.05699610710144043,6.0,0,0.85,BENIGN,INFO,lightgbm,HIGH
bc4d8960d954ff95,-28453,88,642,4,0.0002701282501220703,17.0,0,0.85,BENIGN,INFO,lightgbm,HIGH
c48ef0afa6e7b00b,-29815,88,874,4,0.0003788471221923828,17.0,0,0.85,BENIGN,INFO,lightgbm,HIGH
c111ddd4c3cc45ee,-9553,88,3482,4,0.0006461143493652344,17.0,0,0.85,BENIGN,INFO,lightgbm,HIGH
a8528dc05688fe4e,-5567,88,5682,4,0.0007507801055908203,17.0,0,0.85,BENIGN,INFO,lightgbm,HIGH
0615d01b42b140b3,-17821,88,5566,4,0.000331878662109375,17.0,0,0.85,BENIGN,INFO,lightgbm,HIGH
5299566d7b8b583a,-12090,22,15590,90,2.7741520404815674,6.0,11,0.85,SSH-Patator,MEDIUM,lightgbm,HIGH
8c52a6c2f48051ca,-22515,53,368,4,0.00019407272338867188,17.0,0,0.85,BENIGN,INFO,lightgbm,HIGH
b9bc747082cdd3fa,5353,5353,11427,130,487.46051025390625,17.0,0,0.85,BENIGN,INFO,lightgbm,HIGH
0cd9e397ff3b673d,-21117,53,368,4,0.00016880035400390625,17.0,0,0.85,BENIGN,INFO,lightgbm,HIGH
87c1ac92c10fac83,-12088,22,15334,90,1.325559139251709,6.0,11,0.85,SSH-Patator,MEDIUM,lightgbm,HIGH
015a7f0f2bac5e5b,-13169,53,478,4,0.031004905700683594,17.0,0,0.85,BENIGN,INFO,lightgbm,HIGH
e205ee81bd81b30f,-4271,53,218,2,0.030585050582885742,17.0,0,0.85,BENIGN,INFO,lightgbm,HIGH
d2ae8185a514d061,-16065,80,13335,21,68.66200256347656,6.0,4,0.85,DoS_Hulk,HIGH,lightgbm,HIGH
793ec1aca933d460,-14247,53,436,4,0.061419010162353516,17.0,0,0.85,BENIGN,INFO,lightgbm,HIGH
e7a4543e294d028f,-10602,465,9013,47,7.670269012451172,6.0,0,0.85,BENIGN,INFO,lightgbm,HIGH
afa534dccc48aebb,9672,53,452,4,0.0002319812774658203,17.0,0,0.85,BENIGN,INFO,lightgbm,HIGH
6cc68aa21341f9c1,7814,53,434,4,0.00023984909057617188,17.0,0,0.85,BENIGN,INFO,lightgbm,HIGH
d71a05c20c97e79e,24223,53,452,4,0.00021600723266601562,17.0,0,0.85,BENIGN,INFO,lightgbm,HIGH
0bb7181285b66113,-15150,53,434,4,0.0002269744873046875,17.0,0,0.85,BENIGN,INFO,lightgbm,HIGH
07b9129adff014ca,-21279,53,452,4,0.00021004676818847656,17.0,0,0.85,BENIGN,INFO,lightgbm,HIGH
f71634fa1d55911f,-9935,53,548,4,0.0002701282501220703,17.0,0,0.85,BENIGN,INFO,lightgbm,HIGH
d43e4dcf8108f48c,-7463,53,452,4,0.0002448558807373047,17.0,0,0.85,BENIGN,INFO,lightgbm,HIGH
06d6ce6d3dd43f52,-2503,53,434,4,0.0002579689025878906,17.0,0,0.85,BENIGN,INFO,lightgbm,HIGH
d3d827b0b3621c63,123,123,2520,28,475.0822448730469,17.0,0,0.85,BENIGN,INFO,lightgbm,HIGH
246e47e1736b5b01,-27376,53,374,4,0.061116933822631836,17.0,0,0.85,BENIGN,INFO,lightgbm,HIGH
421af36f2f3f5635,-20114,53,342,4,0.06223702430725098,17.0,0,0.85,BENIGN,INFO,lightgbm,HIGH
3d08dfe453613851,-5117,53,209,2,0.060727834701538086,17.0,0,0.85,BENIGN,INFO,lightgbm,HIGH
50126b470abe2283,-11288,443,6577,33,60.347782135009766,6.0,0,0.85,BENIGN,INFO,lightgbm,HIGH
0c59074f9e2ab818,-26596,53,392,4,0.0001900196075439453,17.0,0,0.85,BENIGN,INFO,lightgbm,HIGH
ea9a9121e7e9a1b6,-6337,53,408,4,0.00024890899658203125,17.0,0,0.85,BENIGN,INFO,lightgbm,HIGH
c8b288d36c66499e,-26961,53,452,4,0.0002429485321044922,17.0,0,0.85,BENIGN,INFO,lightgbm,HIGH
c85117fc20c50bd7,-13390,53,434,4,0.0002560615539550781,17.0,0,0.85,BENIGN,INFO,lightgbm,HIGH
be82ef46de508faf,8410,53,562,4,0.061141014099121094,17.0,0,0.85,BENIGN,INFO,lightgbm,HIGH
dd001e50c3ed5161,-17103,53,614,4,0.031584978103637695,17.0,0,0.85,BENIGN,INFO,lightgbm,HIGH
9e99d9c637865b5c,-3440,53,329,2,0.03102588653564453,17.0,0,0.85,BENIGN,INFO,lightgbm,HIGH
6c051da4935220dd,-15196,80,3682,35,119.78157806396484,6.0,4,0.85,DoS_Hulk,HIGH,lightgbm,HIGH
b782d1cf37e482dc,15309,53,480,4,0.031291961669921875,17.0,0,0.85,BENIGN,INFO,lightgbm,HIGH
dcbce1bdbace24d2,-3514,53,262,2,0.03092503547668457,17.0,0,0.85,BENIGN,INFO,lightgbm,HIGH
19d16547edda817f,-19347,53,482,4,1.0930569171905518,17.0,0,0.85,BENIGN,INFO,lightgbm,HIGH
59f325854852aee1,-3568,53,263,2,1.0927128791809082,17.0,0,0.85,BENIGN,INFO,lightgbm,HIGH
fc60e36fd00bafb2,14476,53,490,4,0.00016689300537109375,17.0,0,0.85,BENIGN,INFO,lightgbm,HIGH
e1836d35f8ae9d77,28823,53,452,4,0.033859968185424805,17.0,0,0.85,BENIGN,INFO,lightgbm,HIGH
290d6cfe6f686a00,-3044,53,248,2,0.033516883850097656,17.0,0,0.85,BENIGN,INFO,lightgbm,HIGH
97a93ba5d1e1d463,5769,53,548,4,0.0338129997253418,17.0,0,0.85,BENIGN,INFO,lightgbm,HIGH
af5ef49b4a6f18d7,-28884,53,340,4,0.03118300437927246,17.0,0,0.85,BENIGN,INFO,lightgbm,HIGH
c746a2546fe2c447,18563,53,436,4,0.03150010108947754,17.0,0,0.85,BENIGN,INFO,lightgbm,HIGH
6c8402dcd35d61fe,-4793,53,192,2,0.030871868133544922,17.0,0,0.85,BENIGN,INFO,lightgbm,HIGH
7dd9e7d5c98c10a2,-4751,53,566,4,408.4029846191406,17.0,0,0.85,BENIGN,INFO,lightgbm,HIGH
f5387a85defe7083,-11944,80,1255701,1000,1.7983009815216064,6.0,4,0.85,DoS_Hulk,HIGH,lightgbm,HIGH
8c733201a8e35189,-30388,80,1113,10,3.1395609378814697,6.0,4,0.85,DoS_Hulk,HIGH,lightgbm,HIGH
a2fc8530a8fd37d9,-16064,443,23558,29,0.2916851043701172,6.0,0,0.85,BENIGN,INFO,lightgbm,HIGH
8278238c3df14007,11151,53,508,4,0.03061699867248535,17.0,0,0.85,BENIGN,INFO,lightgbm,HIGH
637948101dc7a394,-14411,53,652,4,0.030959129333496094,17.0,0,0.85,BENIGN,INFO,lightgbm,HIGH
2255a925777572ad,-4062,53,348,2,0.030558109283447266,17.0,0,0.85,BENIGN,INFO,lightgbm,HIGH
f4fa9722d86c8618,-31518,80,313472,239,2.077522039413452,6.0,4,0.85,DoS_Hulk,HIGH,lightgbm,HIGH
60f07849e875c737,-1076,53,562,4,0.06199502944946289,17.0,0,0.85,BENIGN,INFO,lightgbm,HIGH
87aa9c49602b9d1f,-24443,53,614,4,0.03241086006164551,17.0,0,0.85,BENIGN,INFO,lightgbm,HIGH
8408f4184d29265f,-5225,53,303,2,0.06157803535461426,17.0,0,0.85,BENIGN,INFO,lightgbm,HIGH
7de7065508271c10,29656,53,416,4,0.08065295219421387,17.0,0,0.85,BENIGN,INFO,lightgbm,HIGH
5ccdb5f193426d02,31468,53,440,4,0.08105921745300293,17.0,0,0.85,BENIGN,INFO,lightgbm,HIGH
49ec04fa96f77600,-4813,53,230,2,0.08026313781738281,17.0,0,0.85,BENIGN,INFO,lightgbm,HIGH
62b094790b7a9f3c,-11404,443,12628,57,182.6942138671875,6.0,0,0.85,BENIGN,INFO,lightgbm,HIGH
41346537f87b871a,18423,53,352,4,0.13400602340698242,17.0,0,0.85,BENIGN,INFO,lightgbm,HIGH
ce4a8b438b6d2153,-8678,53,476,4,0.03151988983154297,17.0,0,0.85,BENIGN,INFO,lightgbm,HIGH
6773315b09dbdb07,-9293,443,518,7,63.142066955566406,6.0,0,0.85,BENIGN,INFO,lightgbm,HIGH
7c7c0139d0a54271,-9292,443,518,7,63.14745330810547,6.0,0,0.85,BENIGN,INFO,lightgbm,HIGH
5e0c01db7c31575b,-17197,53,352,4,0.00014519691467285156,17.0,0,0.85,BENIGN,INFO,lightgbm,HIGH
c39943c3c1600a77,-9358,53,528,4,0.00021004676818847656,17.0,0,0.85,BENIGN,INFO,lightgbm,HIGH
e2a6aba0850cfd4c,-16063,443,297070,195,52.714176177978516,6.0,0,0.85,BENIGN,INFO,lightgbm,HIGH
75aeb6d19dfe1477,-31697,53,396,4,0.03106689453125,17.0,0,0.85,BENIGN,INFO,lightgbm,HIGH
0d74f9342d58edaa,-30013,53,420,4,0.0314631462097168,17.0,0,0.85,BENIGN,INFO,lightgbm,HIGH
cc9b8b397b04e6c7,-3035,53,460,4,90.16268920898438,17.0,0,0.85,BENIGN,INFO,lightgbm,HIGH
8aee7210f2e05e95,-3327,53,844,6,403.38409423828125,17.0,0,0.85,BENIGN,INFO,lightgbm,HIGH
bc4549f2ffd5ec2a,-15752,80,10204,47,123.39734649658203,6.0,4,0.85,DoS_Hulk,HIGH,lightgbm,HIGH
a63d465a4c7bc452,-8029,53,400,4,0.04546189308166504,17.0,0,0.85,BENIGN,INFO,lightgbm,HIGH
92425602285f9a8c,-5152,53,424,4,0.06065678596496582,17.0,0,0.85,BENIGN,INFO,lightgbm,HIGH
528aa63233b9c11c,-3026,53,234,2,0.060259103775024414,17.0,0,0.85,BENIGN,INFO,lightgbm,HIGH
607cfd100e629849,-11400,443,8847,28,0.23833394050598145,6.0,0,0.85,BENIGN,INFO,lightgbm,HIGH
59e4e7ff771213ed,18732,53,394,4,0.031177043914794922,17.0,0,0.85,BENIGN,INFO,lightgbm,HIGH
9129d089eb419925,-4110,53,418,4,0.03136801719665527,17.0,0,0.85,BENIGN,INFO,lightgbm,HIGH
c4c18810f5ecae84,-3799,53,219,2,0.030823945999145508,17.0,0,0.85,BENIGN,INFO,lightgbm,HIGH
5fcaa70929eb3a6e,-5132,53,374,4,0.0001780986785888672,17.0,0,0.85,BENIGN,INFO,lightgbm,HIGH
680bb7cddee7d5c0,-17187,53,398,4,0.0002949237823486328,17.0,0,0.85,BENIGN,INFO,lightgbm,HIGH
bda1d01ff6f43915,9923,53,422,4,0.031071901321411133,17.0,0,0.85,BENIGN,INFO,lightgbm,HIGH
e46c0d141af9c732,-3863,53,446,4,0.031417131423950195,17.0,0,0.85,BENIGN,INFO,lightgbm,HIGH
665387811758797c,-6424,443,347893,408,185.84388732910156,6.0,0,0.85,BENIGN,INFO,lightgbm,HIGH
280ae670d6e1023b,-3718,53,233,2,0.030733823776245117,17.0,0,0.85,BENIGN,INFO,lightgbm,HIGH
81bb6997a91ff3ad,-5482,53,245,2,0.03102898597717285,17.0,0,0.85,BENIGN,INFO,lightgbm,HIGH
3cd2768775d74ce9,-11396,443,6495,27,1.6339380741119385,6.0,0,0.85,BENIGN,INFO,lightgbm,HIGH
20555c1b31a12498,-11394,443,6561,28,1.6040329933166504,6.0,0,0.85,BENIGN,INFO,lightgbm,HIGH
dd81ec2ad7211c46,-11392,443,6491,26,1.4772160053253174,6.0,0,0.85,BENIGN,INFO,lightgbm,HIGH
40b4ebfb2cbdceda,-11390,443,7442,36,181.81105041503906,6.0,0,0.85,BENIGN,INFO,lightgbm,HIGH
4d292c26b37d4dd9,-15738,80,7578,43,120.65071868896484,6.0,4,0.85,DoS_Hulk,HIGH,lightgbm,HIGH
4908ea19c7a84d26,-15736,80,6067,38,120.6373519897461,6.0,4,0.85,DoS_Hulk,HIGH,lightgbm,HIGH
fd09f93b6216f6cc,-15734,80,6067,38,120.63653564453125,6.0,4,0.85,DoS_Hulk,HIGH,lightgbm,HIGH
107cb892da814e82,-11382,443,23551,81,184.58816528320312,6.0,0,0.85,BENIGN,INFO,lightgbm,HIGH
a6a39a0ca9865d22,9548,53,442,4,0.0318150520324707,17.0,0,0.85,BENIGN,INFO,lightgbm,HIGH
fe09d39c40d259c2,-17422,53,466,4,0.06144905090332031,17.0,0,0.85,BENIGN,INFO,lightgbm,HIGH
983416e0ed2295f0,-5340,53,528,4,386.9742126464844,17.0,0,0.85,BENIGN,INFO,lightgbm,HIGH
e7ce9e8e6a39cbd1,-4871,53,255,2,0.06098294258117676,17.0,0,0.85,BENIGN,INFO,lightgbm,HIGH
111379c7201ea301,24879,53,402,4,0.031049013137817383,17.0,0,0.85,BENIGN,INFO,lightgbm,HIGH
0a0f120acd2bd438,-5661,53,426,4,0.0014188289642333984,17.0,0,0.85,BENIGN,INFO,lightgbm,HIGH
c3a20759e08ca293,-3513,53,410,4,73.53121948242188,17.0,0,0.85,BENIGN,INFO,lightgbm,HIGH
e9d5e64353f4c41f,-22754,443,34725,58,181.45716857910156,6.0,0,0.85,BENIGN,INFO,lightgbm,HIGH
32e26af8fc7afb28,-6950,443,7837,37,181.43405151367188,6.0,0,0.85,BENIGN,INFO,lightgbm,HIGH
15e0ae258bfee533,-17991,53,468,4,0.06124091148376465,17.0,0,0.85,BENIGN,INFO,lightgbm,HIGH
9dc601c1906abbef,-5680,53,492,4,0.06161999702453613,17.0,0,0.85,BENIGN,INFO,lightgbm,HIGH
04aec5da3203750a,-4081,53,484,4,392.544189453125,17.0,0,0.85,BENIGN,INFO,lightgbm,HIGH
39395f6d8987ea1d,-5120,53,268,2,0.06119704246520996,17.0,0,0.85,BENIGN,INFO,lightgbm,HIGH
3e5ad02e1642bce4,-6700,443,7839,37,181.2828826904297,6.0,0,0.85,BENIGN,INFO,lightgbm,HIGH
d45b62c77f35a9b5,-15724,80,4688,35,116.1694564819336,6.0,4,0.85,DoS_Hulk,HIGH,lightgbm,HIGH
2e494c59fa429d75,-6696,443,7431,28,0.5363678932189941,6.0,0,0.85,BENIGN,INFO,lightgbm,HIGH
dc29272bffa116f4,14040,53,402,4,0.00019407272338867188,17.0,0,0.85,BENIGN,INFO,lightgbm,HIGH
4f39adc576d3a47b,-29429,53,426,4,0.00025391578674316406,17.0,0,0.85,BENIGN,INFO,lightgbm,HIGH
e4c221a337385cde,5154,53,328,4,0.031217098236083984,17.0,0,0.85,BENIGN,INFO,lightgbm,HIGH
672b69b551ed2c65,13613,53,352,4,0.0004241466522216797,17.0,0,0.85,BENIGN,INFO,lightgbm,HIGH
2e3bc5c29f8cf89d,-3053,53,186,2,0.030632972717285156,17.0,0,0.85,BENIGN,INFO,lightgbm,HIGH
6fb554c9b3da7c75,-28080,53,458,4,0.030813217163085938,17.0,0,0.85,BENIGN,INFO,lightgbm,HIGH
78cc24c19197ecb3,25393,53,482,4,0.031238079071044922,17.0,0,0.85,BENIGN,INFO,lightgbm,HIGH
a4e55a0da1d2c331,-3855,53,220,2,0.030426025390625,17.0,0,0.85,BENIGN,INFO,lightgbm,HIGH
b3857c3b8e8b9a9e,-3373,53,476,4,204.38063049316406,17.0,0,0.85,BENIGN,INFO,lightgbm,HIGH
33e201ec019ccac1,-10008,443,141618,193,181.58367919921875,6.0,0,0.85,BENIGN,INFO,lightgbm,HIGH
52a4766d602b0429,-1165,53,332,4,0.03098583221435547,17.0,0,0.85,BENIGN,INFO,lightgbm,HIGH
b7de7b0b0273f151,17792,53,356,4,0.03114914894104004,17.0,0,0.85,BENIGN,INFO,lightgbm,HIGH
cdd9ed59c4448f14,-3770,53,188,2,0.030662059783935547,17.0,0,0.85,BENIGN,INFO,lightgbm,HIGH
6dcdeb74bbe14038,-4752,443,7848,36,180.53955078125,6.0,0,0.85,BENIGN,INFO,lightgbm,HIGH
4393b920904b45e4,-11366,443,6128,21,0.24019598960876465,6.0,0,0.85,BENIGN,INFO,lightgbm,HIGH
b793b7225cb60f52,-11364,443,8675,39,180.41688537597656,6.0,0,0.85,BENIGN,INFO,lightgbm,HIGH
3c1ed264595c4072,2729,53,348,4,0.000885009765625,17.0,0,0.85,BENIGN,INFO,lightgbm,HIGH
4e4469238f1db38e,-16122,53,372,4,0.030952930450439453,17.0,0,0.85,BENIGN,INFO,lightgbm,HIGH
87fa6b95a4056628,-3010,53,196,2,0.0005578994750976562,17.0,0,0.85,BENIGN,INFO,lightgbm,HIGH
e9ea634216806e8a,-4816,53,208,2,0.030555009841918945,17.0,0,0.85,BENIGN,INFO,lightgbm,HIGH
54bfc11bf039b780,-22446,443,12575,53,181.37167358398438,6.0,0,0.85,BENIGN,INFO,lightgbm,HIGH
e2d8a09b59930113,-22444,443,6173,24,0.43724584579467773,6.0,0,0.85,BENIGN,INFO,lightgbm,HIGH
8cea18b327dcb6ff,30484,53,458,4,0.00018787384033203125,17.0,0,0.85,BENIGN,INFO,lightgbm,HIGH
2fabcc277cd60d54,-22442,443,6049,24,0.15732789039611816,6.0,0,0.85,BENIGN,INFO,lightgbm,HIGH
dbf7e37bc6d37a57,15668,53,412,4,0.061003923416137695,17.0,0,0.85,BENIGN,INFO,lightgbm,HIGH
7623461956fb7080,17252,53,436,4,0.06168103218078613,17.0,0,0.85,BENIGN,INFO,lightgbm,HIGH
d6aa1f6488b83247,1903,53,458,4,0.00021910667419433594,17.0,0,0.85,BENIGN,INFO,lightgbm,HIGH
bbd54cc03e04381b,22993,53,482,4,0.00023508071899414062,17.0,0,0.85,BENIGN,INFO,lightgbm,HIGH
63d2341858db9636,22378,53,332,4,0.030913114547729492,17.0,0,0.85,BENIGN,INFO,lightgbm,HIGH
53f4622a0edc938f,-3413,53,356,4,0.03126096725463867,17.0,0,0.85,BENIGN,INFO,lightgbm,HIGH
03675b73b8f738a7,-3104,53,431,4,395.304931640625,17.0,0,0.85,BENIGN,INFO,lightgbm,HIGH
420fc3067f7a1c88,-29276,443,7705,35,180.92636108398438,6.0,0,0.85,BENIGN,INFO,lightgbm,HIGH
ff73c894baafc138,-11844,443,6434,21,0.2513771057128906,6.0,0,0.85,BENIGN,INFO,lightgbm,HIGH
bc2f3aebd5d236b3,-15862,53,458,4,0.0001888275146484375,17.0,0,0.85,BENIGN,INFO,lightgbm,HIGH
84a38e52cada7b10,10752,53,482,4,0.00024509429931640625,17.0,0,0.85,BENIGN,INFO,lightgbm,HIGH
d529060b1a85fabb,-30022,443,7106,35,181.32723999023438,6.0,0,0.85,BENIGN,INFO,lightgbm,HIGH
fa336c3303920b45,-30020,443,6000,23,0.5522239208221436,6.0,0,0.85,BENIGN,INFO,lightgbm,HIGH
9b7de5e8478ed091,-30018,443,6066,24,0.6108260154724121,6.0,0,0.85,BENIGN,INFO,lightgbm,HIGH
eb593c27c9f13614,-30016,443,6066,24,0.6097121238708496,6.0,0,0.85,BENIGN,INFO,lightgbm,HIGH
9d39fe27b1ca1e49,-30014,443,6306,28,0.7124719619750977,6.0,0,0.85,BENIGN,INFO,lightgbm,HIGH
a5a5a042685c7476,-30012,443,6132,25,0.6030468940734863,6.0,0,0.85,BENIGN,INFO,lightgbm,HIGH
4b3152425c4e0c05,-15690,80,3309,32,116.05364990234375,6.0,4,0.85,DoS_Hulk,HIGH,lightgbm,HIGH
17ae96088b26f02b,-2495,53,620,4,0.12120699882507324,17.0,0,0.85,BENIGN,INFO,lightgbm,HIGH
0338b44333dc0a19,-16062,80,67547,83,66.6668472290039,6.0,4,0.85,DoS_Hulk,HIGH,lightgbm,HIGH
b38520855ac2fe31,3278,53,612,4,0.0611569881439209,17.0,0,0.85,BENIGN,INFO,lightgbm,HIGH
541bf389edc79517,15198,53,420,4,0.06239819526672363,17.0,0,0.85,BENIGN,INFO,lightgbm,HIGH
71f6bd924a1ea8b8,-4839,53,328,2,0.06071615219116211,17.0,0,0.85,BENIGN,INFO,lightgbm,HIGH
b277ea106fb9e44c,-4331,53,314,2,0.0611422061920166,17.0,0,0.85,BENIGN,INFO,lightgbm,HIGH
e7351fd8875ee334,-20684,443,6320,30,61.06760025024414,6.0,0,0.85,BENIGN,INFO,lightgbm,HIGH
456ffd078b74600e,-4279,53,404,4,0.00020694732666015625,17.0,0,0.85,BENIGN,INFO,lightgbm,HIGH
7bfac455691ca6e1,-14632,53,502,4,0.00026607513427734375,17.0,0,0.85,BENIGN,INFO,lightgbm,HIGH
2b7cb3cb82d8d1c0,-16346,80,3361,32,115.22956848144531,6.0,4,0.85,DoS_Hulk,HIGH,lightgbm,HIGH
1d2ea47499eb524b,138,138,3159,13,2.09808349609375e-05,17.0,0,0.85,BENIGN,INFO,lightgbm,HIGH
0bbf208823d297d2,9022,53,368,4,0.00020384788513183594,17.0,0,0.85,BENIGN,INFO,lightgbm,HIGH
5e18c88c05fe9360,-4912,53,378,4,0.030831098556518555,17.0,0,0.85,BENIGN,INFO,lightgbm,HIGH
734d589beffd3ade,-3204,53,498,4,83.06421661376953,17.0,0,0.85,BENIGN,INFO,lightgbm,HIGH
3e6101c524ed86fa,-16061,443,7171,20,34.7230224609375,6.0,0,0.85,BENIGN,INFO,lightgbm,HIGH
5eed3fde5cc7f34c,-31810,3289,780,13,1.811981201171875e-05,17.0,0,0.85,BENIGN,INFO,lightgbm,HIGH
d7d66b8d79a56fca,-4832,1124,1027,13,1.9073486328125e-05,17.0,10,0.85,PortScan,MEDIUM,lightgbm,HIGH
7fb5b7ad97efdb12,-14245,53,692,4,0.00025916099548339844,17.0,0,0.85,BENIGN,INFO,lightgbm,HIGH
03fe4a12c6542b23,-16060,80,6146,15,47.546695709228516,6.0,4,0.85,DoS_Hulk,HIGH,lightgbm,HIGH
fa3504fc2391d9bf,-15195,53,548,4,0.03082585334777832,17.0,0,0.85,BENIGN,INFO,lightgbm,HIGH
4085c13478a1a9d9,-4541,53,228,2,0.03043198585510254,17.0,0,0.85,BENIGN,INFO,lightgbm,HIGH
a2e75f244f9069a5,-16059,443,9071,19,120.27688598632812,6.0,0,0.85,BENIGN,INFO,lightgbm,HIGH
c7008e6343db6960,-9039,53,548,4,0.00028204917907714844,17.0,0,0.85,BENIGN,INFO,lightgbm,HIGH
6251f526f759d611,-15271,53,492,4,0.031027793884277344,17.0,0,0.85,BENIGN,INFO,lightgbm,HIGH
de083947de6629bd,-3916,53,208,2,0.03066110610961914,17.0,0,0.85,BENIGN,INFO,lightgbm,HIGH
e0a876a6a50596c8,-16058,443,8979,26,104.15505981445312,6.0,0,0.85,BENIGN,INFO,lightgbm,HIGH
767964f236b95cc2,-8749,3289,780,13,1.811981201171875e-05,17.0,0,0.85,BENIGN,INFO,lightgbm,HIGH
dbd4f6381b2f3dd6,-5835,1124,1027,13,1.7881393432617188e-05,17.0,10,0.85,PortScan,MEDIUM,lightgbm,HIGH
15fd207bea6a7f09,-805,53,636,4,0.03153800964355469,17.0,0,0.85,BENIGN,INFO,lightgbm,HIGH
bd423d768f195b71,-3556,53,210,2,0.031104087829589844,17.0,0,0.85,BENIGN,INFO,lightgbm,HIGH
8392025df3a39d62,-16057,80,1132,10,109.99220275878906,6.0,4,0.85,DoS_Hulk,HIGH,lightgbm,HIGH
88396f7aebe17826,-13757,53,518,4,0.06168699264526367,17.0,0,0.85,BENIGN,INFO,lightgbm,HIGH
57aff48af5cbbfe9,-16235,443,19242,56,117.8890151977539,6.0,0,0.85,BENIGN,INFO,lightgbm,HIGH
a65c4341ed7d5499,-4639,53,428,4,0.00018906593322753906,17.0,0,0.85,BENIGN,INFO,lightgbm,HIGH
5860b5bdd2e9289e,-4563,53,502,4,0.00096893310546875,17.0,0,0.85,BENIGN,INFO,lightgbm,HIGH
2ef2f48881f69885,-3224,53,273,2,0.0006229877471923828,17.0,0,0.85,BENIGN,INFO,lightgbm,HIGH
e09428f439e0d96b,-16234,80,5955,37,115.65190124511719,6.0,4,0.85,DoS_Hulk,HIGH,lightgbm,HIGH
7dbc3c674cce505a,-8562,53,492,4,0.06110405921936035,17.0,0,0.85,BENIGN,INFO,lightgbm,HIGH
d2d5c263ddeb1796,-4875,53,468,4,245.4490203857422,17.0,0,0.85,BENIGN,INFO,lightgbm,HIGH
f1fd952fe6b77092,-16233,443,7050,28,60.78717803955078,6.0,0,0.85,BENIGN,INFO,lightgbm,HIGH
a39c8d5c4f0275b3,-16232,443,7030,28,60.78849792480469,6.0,0,0.85,BENIGN,INFO,lightgbm,HIGH
a4f615a5829bb66a,-12196,53,384,4,0.00014901161193847656,17.0,0,0.85,BENIGN,INFO,lightgbm,HIGH
21c7ba9a181bb492,-16231,443,7029,28,60.78827667236328,6.0,0,0.85,BENIGN,INFO,lightgbm,HIGH
f2303c46cc263a4e,-16230,443,7027,28,60.78816223144531,6.0,0,0.85,BENIGN,INFO,lightgbm,HIGH
43f74782ffc16c89,-16229,443,9671,30,60.78802490234375,6.0,0,0.85,BENIGN,INFO,lightgbm,HIGH
3451e433a16ec71b,-10941,53,522,4,0.0001461505889892578,17.0,0,0.85,BENIGN,INFO,lightgbm,HIGH
37ec94ca6c030261,-16228,443,6985,27,60.78762435913086,6.0,0,0.85,BENIGN,INFO,lightgbm,HIGH
1c2d409686cf91ef,-16227,80,3217,32,115.12593078613281,6.0,4,0.85,DoS_Hulk,HIGH,lightgbm,HIGH
44fc24b6c748c4c7,-16226,80,372,6,5.540672302246094,6.0,4,0.85,DoS_Hulk,HIGH,lightgbm,HIGH
a4bbf87c46fe895a,-16225,80,3217,32,115.12610626220703,6.0,4,0.85,DoS_Hulk,HIGH,lightgbm,HIGH
bb86d7c1ef7b5803,-16224,80,3217,32,115.12580871582031,6.0,4,0.85,DoS_Hulk,HIGH,lightgbm,HIGH
c9c3acfe3f53b4e2,-16223,80,372,6,5.5394721031188965,6.0,4,0.85,DoS_Hulk,HIGH,lightgbm,HIGH
2c0e381b818cd629,-3327,53,522,4,0.06807494163513184,17.0,0,0.85,BENIGN,INFO,lightgbm,HIGH
c3ebba9b00c86985,-4461,53,283,2,0.06767392158508301,17.0,0,0.85,BENIGN,INFO,lightgbm,HIGH
e9d3b8529e2a7b02,-6565,53,664,4,0.06131720542907715,17.0,0,0.85,BENIGN,INFO,lightgbm,HIGH
828d8d59baec5c64,-3412,53,540,4,189.38348388671875,17.0,0,0.85,BENIGN,INFO,lightgbm,HIGH
d9d3df0d53aebe84,-16222,443,6477,27,60.663963317871094,6.0,0,0.85,BENIGN,INFO,lightgbm,HIGH
a8bd3ca90f657f9e,-16249,53,648,4,0.0001900196075439453,17.0,0,0.85,BENIGN,INFO,lightgbm,HIGH
787d6a2ff7891ba1,-16221,443,13225,47,115.77420806884766,6.0,0,0.85,BENIGN,INFO,lightgbm,HIGH
c665b7b07376d7ec,-13442,53,522,4,0.0001690387725830078,17.0,0,0.85,BENIGN,INFO,lightgbm,HIGH
1fa959b78b386488,-8663,53,388,4,0.00014495849609375,17.0,0,0.85,BENIGN,INFO,lightgbm,HIGH
bf98ed20490e6020,-7984,53,518,4,0.06068706512451172,17.0,0,0.85,BENIGN,INFO,lightgbm,HIGH
993a5b5dd143ad31,-5193,53,617,4,377.9130859375,17.0,0,0.85,BENIGN,INFO,lightgbm,HIGH
1fc5ad0a29a3a875,-16220,443,4299,16,5.214038848876953,6.0,0,0.85,BENIGN,INFO,lightgbm,HIGH
cab2c887d04d095a,-2207,53,418,4,0.060888051986694336,17.0,0,0.85,BENIGN,INFO,lightgbm,HIGH
4314c77875af83f0,-9434,53,662,6,0.22043895721435547,17.0,0,0.85,BENIGN,INFO,lightgbm,HIGH
cb5f606b6b002605,-4998,53,262,2,0.22008490562438965,17.0,0,0.85,BENIGN,INFO,lightgbm,HIGH
a0215d88cd1c62fb,-16219,443,18462,49,115.43566131591797,6.0,0,0.85,BENIGN,INFO,lightgbm,HIGH
8f5a225a240f6c70,-16218,443,55589,86,115.4366455078125,6.0,0,0.85,BENIGN,INFO,lightgbm,HIGH
b7ea4da2f865a145,-5670,53,388,4,0.0001437664031982422,17.0,0,0.85,BENIGN,INFO,lightgbm,HIGH
aa7aaa72e9e833ea,-4489,53,530,4,0.0305020809173584,17.0,0,0.85,BENIGN,INFO,lightgbm,HIGH
1c75448b7964d95a,-3461,53,544,4,76.90231323242188,17.0,0,0.85,BENIGN,INFO,lightgbm,HIGH
6a812f7b05442909,-16217,443,5302,16,5.8360700607299805,6.0,0,0.85,BENIGN,INFO,lightgbm,HIGH
f3011789a47ba81a,-2619,53,480,4,0.0009200572967529297,17.0,0,0.85,BENIGN,INFO,lightgbm,HIGH
02c333f83999723a,-16216,443,4446,16,5.636213302612305,6.0,0,0.85,BENIGN,INFO,lightgbm,HIGH
e4db66654e26b0d2,-3103,53,214,2,0.0005078315734863281,17.0,0,0.85,BENIGN,INFO,lightgbm,HIGH
679d47cbebc69c07,-16215,443,7480,28,60.60613250732422,6.0,0,0.85,BENIGN,INFO,lightgbm,HIGH
028640e25679060f,-11757,53,1152,8,382.1149597167969,17.0,0,0.85,BENIGN,INFO,lightgbm,HIGH
ddb405fc91a84e16,-669,53,890,8,377.5195007324219,17.0,0,0.85,BENIGN,INFO,lightgbm,HIGH
0406f54986d70792,-3455,53,202,2,0.030447959899902344,17.0,0,0.85,BENIGN,INFO,lightgbm,HIGH
a0a56b42090d0481,-16377,53,518,4,0.00017595291137695312,17.0,0,0.85,BENIGN,INFO,lightgbm,HIGH
cbede043d3dc98ba,-3419,53,518,4,0.0001671314239501953,17.0,0,0.85,BENIGN,INFO,lightgbm,HIGH
e074ff70cbdbc565,-3459,53,428,4,0.0001480579376220703,17.0,0,0.85,BENIGN,INFO,lightgbm,HIGH
2392f51ed03956e1,-16214,443,11612,25,110.13134765625,6.0,0,0.85,BENIGN,INFO,lightgbm,HIGH
3693aaf6f6fd4c96,-4146,53,492,4,0.060942888259887695,17.0,0,0.85,BENIGN,INFO,lightgbm,HIGH
3b4fc517615dbd8e,-16213,80,2604,11,27.46778678894043,6.0,4,0.85,DoS_Hulk,HIGH,lightgbm,HIGH
8de3ab7aad6a74be,-9424,53,492,4,0.0001690387725830078,17.0,0,0.85,BENIGN,INFO,lightgbm,HIGH
72dd18cf4be7a3e0,-16212,80,2662,11,48.166263580322266,6.0,4,0.85,DoS_Hulk,HIGH,lightgbm,HIGH
22dfc825299f1dff,-10365,53,558,4,0.00019121170043945312,17.0,0,0.85,BENIGN,INFO,lightgbm,HIGH
edcf86a6ba4da950,-16211,443,11612,25,109.99868774414062,6.0,0,0.85,BENIGN,INFO,lightgbm,HIGH
73debae3bac87a30,-14145,53,1050,8,367.3851318359375,17.0,0,0.85,BENIGN,INFO,lightgbm,HIGH
3d10387e9b09a058,-3675,53,475,4,265.7015686035156,17.0,0,0.85,BENIGN,INFO,lightgbm,HIGH
56dfa1fcafbcdd1b,-16210,443,14892,26,0.8064851760864258,6.0,0,0.85,BENIGN,INFO,lightgbm,HIGH
c978cfb49889deed,-10739,53,492,4,0.061601877212524414,17.0,0,0.85,BENIGN,INFO,lightgbm,HIGH
268491a36ae99f73,-3308,53,265,2,0.061218976974487305,17.0,0,0.85,BENIGN,INFO,lightgbm,HIGH
71f20010da49ce19,-16209,80,2609,10,0.5442070960998535,6.0,4,0.85,DoS_Hulk,HIGH,lightgbm,HIGH
6fe0136942fb7b91,-8320,53,492,4,0.00017309188842773438,17.0,0,0.85,BENIGN,INFO,lightgbm,HIGH
34c861c2a53b7a0b,-16208,80,2664,10,0.48256993293762207,6.0,4,0.85,DoS_Hulk,HIGH,lightgbm,HIGH
1352b7f96a4c7003,-14547,53,492,4,0.0001499652862548828,17.0,0,0.85,BENIGN,INFO,lightgbm,HIGH
1767a84c55c4297b,-16207,80,3008,10,0.22875094413757324,6.0,4,0.85,DoS_Hulk,HIGH,lightgbm,HIGH
10dd71fd9ab790ce,-9954,53,492,4,0.00016307830810546875,17.0,0,0.85,BENIGN,INFO,lightgbm,HIGH
951846a8c1c43bb0,-16206,80,2856,10,0.17584991455078125,6.0,4,0.85,DoS_Hulk,HIGH,lightgbm,HIGH
318563e939539152,-12311,53,636,4,0.03133583068847656,17.0,0,0.85,BENIGN,INFO,lightgbm,HIGH
108528f97bd64c43,-4608,53,210,2,0.030910015106201172,17.0,0,0.85,BENIGN,INFO,lightgbm,HIGH
64d8a3d77e4c0c96,-16056,80,1132,10,100.39311981201172,6.0,4,0.85,DoS_Hulk,HIGH,lightgbm,HIGH
cdce1fd15f520787,30758,53,444,4,0.00020313262939453125,17.0,0,0.85,BENIGN,INFO,lightgbm,HIGH
7d6147771c67b51c,-3639,53,444,4,0.0001399517059326172,17.0,0,0.85,BENIGN,INFO,lightgbm,HIGH
495f64fff871c78b,-28658,53,328,4,0.0001850128173828125,17.0,0,0.85,BENIGN,INFO,lightgbm,HIGH
9fa96da63aeae1ef,-470,53,390,4,0.00024509429931640625,17.0,0,0.85,BENIGN,INFO,lightgbm,HIGH
53ad729da7595c46,-24218,88,886,4,0.0004000663757324219,17.0,0,0.85,BENIGN,INFO,lightgbm,HIGH
9b0a5b8997325470,23581,53,494,4,0.00017118453979492188,17.0,0,0.85,BENIGN,INFO,lightgbm,HIGH
89c5982563889ab0,-7965,53,444,4,0.00016808509826660156,17.0,0,0.85,BENIGN,INFO,lightgbm,HIGH
44a48c086d196245,18895,53,444,4,0.0001671314239501953,17.0,0,0.85,BENIGN,INFO,lightgbm,HIGH
51b20580a80f929b,1642,53,328,4,0.00016999244689941406,17.0,0,0.85,BENIGN,INFO,lightgbm,HIGH
bdb170c9184510e1,-28488,53,390,4,0.00018095970153808594,17.0,0,0.85,BENIGN,INFO,lightgbm,HIGH
82137adf40510900,-29871,88,3472,4,0.0007030963897705078,17.0,0,0.85,BENIGN,INFO,lightgbm,HIGH
a80c0519e441efc6,22977,53,494,4,0.0002968311309814453,17.0,0,0.85,BENIGN,INFO,lightgbm,HIGH
857bc946517e7028,7128,53,444,4,0.00015497207641601562,17.0,0,0.85,BENIGN,INFO,lightgbm,HIGH
cf4e0f3b4221e0a3,15458,53,444,4,0.0001990795135498047,17.0,0,0.85,BENIGN,INFO,lightgbm,HIGH
0870be925c673b87,23495,53,328,4,0.00016498565673828125,17.0,0,0.85,BENIGN,INFO,lightgbm,HIGH
3ec28f3141b7ccbc,-15323,53,390,4,0.00017714500427246094,17.0,0,0.85,BENIGN,INFO,lightgbm,HIGH
7f965f8aecac01fc,-23992,88,3770,4,0.001024007797241211,17.0,0,0.85,BENIGN,INFO,lightgbm,HIGH
81ed0b3c0d1a8476,-18302,53,494,4,0.00018906593322753906,17.0,0,0.85,BENIGN,INFO,lightgbm,HIGH
ea838b4a26a4146b,-29469,53,444,4,0.00016689300537109375,17.0,0,0.85,BENIGN,INFO,lightgbm,HIGH
ccf570ae1f7b6d1e,-19970,53,328,4,0.00017404556274414062,17.0,0,0.85,BENIGN,INFO,lightgbm,HIGH
3e7ffd8e0008f258,-121,53,390,4,0.00018405914306640625,17.0,0,0.85,BENIGN,INFO,lightgbm,HIGH
5c074dc552268a29,-9136,88,7594,20,0.0012149810791015625,6.0,0,0.85,BENIGN,INFO,lightgbm,HIGH
4cb00d8128a86907,28956,53,494,4,0.0001430511474609375,17.0,0,0.85,BENIGN,INFO,lightgbm,HIGH
cc55d63925ae1848,-4803,53,464,4,0.0002090930938720703,17.0,0,0.85,BENIGN,INFO,lightgbm,HIGH
bb77ea2c8169f6ce,-16055,443,66519,135,110.03077697753906,6.0,0,0.85,BENIGN,INFO,lightgbm,HIGH
284ffc7e6aef4542,-16054,21,3472,50,0.22806906700134277,6.0,7,0.85,FTP-Patator,MEDIUM,lightgbm,HIGH
c286e0616e9648c2,-16053,-22143,22212,29,0.04120588302612305,6.0,0,0.85,BENIGN,INFO,lightgbm,HIGH
a64ba024091bc412,14938,53,876,4,0.09172987937927246,17.0,0,0.85,BENIGN,INFO,lightgbm,HIGH
2bd917beea38790d,-2112,53,620,4,0.09278297424316406,17.0,0,0.85,BENIGN,INFO,lightgbm,HIGH
adad0d323bf02677,-3057,53,410,2,0.09156203269958496,17.0,0,0.85,BENIGN,INFO,lightgbm,HIGH
060b39c27a40f22c,-3843,53,340,2,0.0004899501800537109,17.0,0,0.85,BENIGN,INFO,lightgbm,HIGH
4d50529f3b0c1b13,-15386,443,14975,46,120.6258544921875,6.0,0,0.85,BENIGN,INFO,lightgbm,HIGH
276e6d4e03a0ef6c,-16342,80,3361,32,115.93737030029297,6.0,4,0.85,DoS_Hulk,HIGH,lightgbm,HIGH
f94e87946d783ca0,-16052,443,12903,25,1.0180888175964355,6.0,0,0.85,BENIGN,INFO,lightgbm,HIGH
d09570aa69e888b3,-16345,137,1196,13,1.9073486328125e-05,17.0,0,0.85,BENIGN,INFO,lightgbm,HIGH
01055fb85d8ad746,137,-16345,208,2,3.0994415283203125e-06,17.0,0,0.85,BENIGN,INFO,lightgbm,HIGH
31f597215d0b4cef,-16051,443,76564,144,270.01885986328125,6.0,0,0.85,BENIGN,INFO,lightgbm,HIGH
eae0bc461c3a9728,-16333,139,11192,84,0.07642507553100586,6.0,0,0.85,BENIGN,INFO,lightgbm,HIGH
3fd7fc9e4a385727,30002,53,260,4,0.00021004676818847656,17.0,0,0.85,BENIGN,INFO,lightgbm,HIGH
5f935734cab273b1,-1033,53,260,4,0.00020694732666015625,17.0,0,0.85,BENIGN,INFO,lightgbm,HIGH
a54965a20967fc82,-26562,53,260,4,0.00016880035400390625,17.0,0,0.85,BENIGN,INFO,lightgbm,HIGH
ee77207fc010e778,25745,53,260,4,0.0001671314239501953,17.0,0,0.85,BENIGN,INFO,lightgbm,HIGH
7d6b8f900176e662,-26120,53,260,4,0.00020599365234375,17.0,0,0.85,BENIGN,INFO,lightgbm,HIGH
87c754868d4cbf9f,-3277,53,260,4,0.00015997886657714844,17.0,0,0.85,BENIGN,INFO,lightgbm,HIGH
d5c4354ce4958587,-1930,53,260,4,0.00017023086547851562,17.0,0,0.85,BENIGN,INFO,lightgbm,HIGH
e6623f021306d8be,-29008,53,260,4,0.0001709461212158203,17.0,0,0.85,BENIGN,INFO,lightgbm,HIGH
7acb50138a8ccc1e,24510,53,260,4,0.00019097328186035156,17.0,0,0.85,BENIGN,INFO,lightgbm,HIGH
cbc5d775efcc45cb,-2061,53,260,4,0.00014400482177734375,17.0,0,0.85,BENIGN,INFO,lightgbm,HIGH
911d6a58ca67ca97,27039,53,260,4,0.00019598007202148438,17.0,0,0.85,BENIGN,INFO,lightgbm,HIGH
33f10c5a768f8f9b,17402,53,260,4,0.0001499652862548828,17.0,0,0.85,BENIGN,INFO,lightgbm,HIGH
2cbf890174988c7c,3828,53,260,4,0.00019502639770507812,17.0,0,0.85,BENIGN,INFO,lightgbm,HIGH
f1d6967c311635f7,10597,53,260,4,0.00014901161193847656,17.0,0,0.85,BENIGN,INFO,lightgbm,HIGH
d3d47aea7d1e52ad,10004,53,260,4,0.00019598007202148438,17.0,0,0.85,BENIGN,INFO,lightgbm,HIGH
3b284fd853f9964e,13274,53,260,4,0.00014901161193847656,17.0,0,0.85,BENIGN,INFO,lightgbm,HIGH
d9cd46be88a68b31,-11420,53,696,4,0.5423569679260254,17.0,0,0.85,BENIGN,INFO,lightgbm,HIGH
86264574ddb955cd,-4402,53,570,4,1.2773189544677734,17.0,0,0.85,BENIGN,INFO,lightgbm,HIGH
b7279e198c7ce14a,-13683,53,664,4,0.061569929122924805,17.0,0,0.85,BENIGN,INFO,lightgbm,HIGH
0e7e864964a023b4,-15968,443,6749,30,61.23512649536133,6.0,0,0.85,BENIGN,INFO,lightgbm,HIGH
bee83bd7e20eae16,-10435,53,648,4,0.0002429485321044922,17.0,0,0.85,BENIGN,INFO,lightgbm,HIGH
3f21ed52df5acd0a,-16050,443,164429,108,6.086630821228027,6.0,0,0.85,BENIGN,INFO,lightgbm,HIGH
6a5d1c0d63925dcb,-16049,443,7122,20,105.86489868164062,6.0,0,0.85,BENIGN,INFO,lightgbm,HIGH
2f01a7f24a30b9b6,-2257,53,510,4,0.031065940856933594,17.0,0,0.85,BENIGN,INFO,lightgbm,HIGH
fc8609ba0ea38fa7,-5445,53,240,2,0.03071904182434082,17.0,0,0.85,BENIGN,INFO,lightgbm,HIGH
9c6f6dd501a05d4e,-16048,443,8010,18,0.4989938735961914,6.0,0,0.85,BENIGN,INFO,lightgbm,HIGH
d0592363b16e6bce,-3505,53,578,4,0.06123709678649902,17.0,0,0.85,BENIGN,INFO,lightgbm,HIGH
b75751fcb7556e39,-3202,53,562,4,40.87186050415039,17.0,0,0.85,BENIGN,INFO,lightgbm,HIGH
4d857f255b537b7b,-15967,80,2299,21,60.217742919921875,6.0,4,0.85,DoS_Hulk,HIGH,lightgbm,HIGH
f9b4bd0f644286ef,-3563,53,540,4,0.0002040863037109375,17.0,0,0.85,BENIGN,INFO,lightgbm,HIGH
c2e59c681bc063af,-6617,53,550,4,0.03762102127075195,17.0,0,0.85,BENIGN,INFO,lightgbm,HIGH
7f2def60150832fe,-3677,53,297,2,0.03730487823486328,17.0,0,0.85,BENIGN,INFO,lightgbm,HIGH
f13a7e059871823c,-15170,53,644,4,0.09117794036865234,17.0,0,0.85,BENIGN,INFO,lightgbm,HIGH
7fcde9a2037188b6,-4088,53,344,2,0.09077000617980957,17.0,0,0.85,BENIGN,INFO,lightgbm,HIGH
a5fa128906e9a241,-15966,80,1302278,1000,0.32868123054504395,6.0,4,0.85,DoS_Hulk,HIGH,lightgbm,HIGH
38d773bd6085352b,-16209,53,644,4,0.0002040863037109375,17.0,0,0.85,BENIGN,INFO,lightgbm,HIGH
02d26673d62f2de6,-3881,53,388,4,0.00015401840209960938,17.0,0,0.85,BENIGN,INFO,lightgbm,HIGH
04737012c30acdba,-8099,53,436,4,0.030997037887573242,17.0,0,0.85,BENIGN,INFO,lightgbm,HIGH
988fd2780cf77c75,-499,53,710,4,0.06391286849975586,17.0,0,0.85,BENIGN,INFO,lightgbm,HIGH
51845b931eb1b074,-4032,53,338,2,0.06348896026611328,17.0,0,0.85,BENIGN,INFO,lightgbm,HIGH
794496a4005d550c,-16047,443,8032,21,105.04351043701172,6.0,0,0.85,BENIGN,INFO,lightgbm,HIGH
e493811984536022,-4247,53,632,4,0.09143209457397461,17.0,0,0.85,BENIGN,INFO,lightgbm,HIGH
610c50a39decec3c,-3761,53,759,6,414.8417053222656,17.0,0,0.85,BENIGN,INFO,lightgbm,HIGH
a75597549cde3b70,-16046,80,1257952,1000,27.085485458374023,6.0,4,0.85,DoS_Hulk,HIGH,lightgbm,HIGH
87d8fccea64f74a7,-9288,53,632,4,0.00021505355834960938,17.0,0,0.85,BENIGN,INFO,lightgbm,HIGH
81045092f23f5704,-15965,80,2650,10,8.763975143432617,6.0,4,0.85,DoS_Hulk,HIGH,lightgbm,HIGH
30a29af1aded6f6b,-16043,22,14538,88,10.183140754699707,6.0,11,0.85,SSH-Patator,MEDIUM,lightgbm,HIGH
fee9ae0515c2fbaa,-3805,53,494,4,0.031022071838378906,17.0,0,0.85,BENIGN,INFO,lightgbm,HIGH
088fd7bf503a14a2,-4102,53,210,2,0.030518054962158203,17.0,0,0.85,BENIGN,INFO,lightgbm,HIGH
8119c367aaa27d59,-16042,80,2498,12,0.07034993171691895,6.0,4,0.85,DoS_Hulk,HIGH,lightgbm,HIGH
855b3fbaa72fe19d,-11671,53,598,4,0.031121015548706055,17.0,0,0.85,BENIGN,INFO,lightgbm,HIGH
925a4196d5a44c7a,-3537,53,488,4,20.879480361938477,17.0,0,0.85,BENIGN,INFO,lightgbm,HIGH
26a034e8b7f497a9,-16041,80,17346,26,99.72389221191406,6.0,4,0.85,DoS_Hulk,HIGH,lightgbm,HIGH
468e0a4066c076bd,-16040,80,3270,14,0.09064006805419922,6.0,4,0.85,DoS_Hulk,HIGH,lightgbm,HIGH
e5d7b6d921d48c1b,-5561,53,774,4,0.061676025390625,17.0,0,0.85,BENIGN,INFO,lightgbm,HIGH
d2c1f1e6b525f642,-4109,53,367,2,0.06121516227722168,17.0,0,0.85,BENIGN,INFO,lightgbm,HIGH
ec46da14dc5181ec,-16039,80,54620,45,98.94401550292969,6.0,4,0.85,DoS_Hulk,HIGH,lightgbm,HIGH
ef3c96547ad53c4a,-16038,80,2632,14,0.07007312774658203,6.0,4,0.85,DoS_Hulk,HIGH,lightgbm,HIGH
ce3b2ccd3223d3a0,-16037,80,3410,16,0.06999492645263672,6.0,4,0.85,DoS_Hulk,HIGH,lightgbm,HIGH
ee1d4497bd52d2ed,-14601,53,436,4,0.06129789352416992,17.0,0,0.85,BENIGN,INFO,lightgbm,HIGH
e6a5cf3e78d7740f,-3953,53,571,4,338.13006591796875,17.0,0,0.85,BENIGN,INFO,lightgbm,HIGH
a0f6b8bc05d0c198,-16036,465,8611,48,10.877411842346191,6.0,0,0.85,BENIGN,INFO,lightgbm,HIGH
5927f2d4646eb87e,-21,53,854,6,0.5645279884338379,17.0,0,0.85,BENIGN,INFO,lightgbm,HIGH
4f7f373b5fbdfcf5,-3665,53,374,2,0.5639231204986572,17.0,0,0.85,BENIGN,INFO,lightgbm,HIGH
3aafe62f81ce823a,-14180,53,702,4,0.06128287315368652,17.0,0,0.85,BENIGN,INFO,lightgbm,HIGH
dd95805878afd9f1,-16205,443,5006,16,5.125885963439941,6.0,0,0.85,BENIGN,INFO,lightgbm,HIGH
a8a60df3233bf5f9,-16204,443,18927,49,115.27510070800781,6.0,0,0.85,BENIGN,INFO,lightgbm,HIGH
597030aad6b94b78,-3402,53,608,4,0.00019216537475585938,17.0,0,0.85,BENIGN,INFO,lightgbm,HIGH
5ae052c6872b43f2,-16203,443,18872,49,115.27497863769531,6.0,0,0.85,BENIGN,INFO,lightgbm,HIGH
001e3598999cbbf1,-16202,443,5006,16,5.125132083892822,6.0,0,0.85,BENIGN,INFO,lightgbm,HIGH
c50fbbed9f1fe8cb,-16201,443,5006,16,5.125168800354004,6.0,0,0.85,BENIGN,INFO,lightgbm,HIGH
c5702324abf72b5a,-16200,443,175872,283,401.17535400390625,6.0,0,0.85,BENIGN,INFO,lightgbm,HIGH
160dc228a75102ac,-16199,443,94578,126,79.61070251464844,6.0,0,0.85,BENIGN,INFO,lightgbm,HIGH
b12701dbed9a2971,-14984,53,528,4,0.0001728534698486328,17.0,0,0.85,BENIGN,INFO,lightgbm,HIGH
31011e81f1d642bf,-15468,53,828,8,1.0753538608551025,17.0,0,0.85,BENIGN,INFO,lightgbm,HIGH
84cf729940a454f6,-3488,53,746,6,323.7837829589844,17.0,0,0.85,BENIGN,INFO,lightgbm,HIGH
360d2cb9cdc10276,-16198,443,142081,171,79.80970001220703,6.0,0,0.85,BENIGN,INFO,lightgbm,HIGH
8a26aec5f63cf74d,-11398,53,720,6,0.13526391983032227,17.0,0,0.85,BENIGN,INFO,lightgbm,HIGH
2f8f240502cec03b,-5153,53,281,2,0.13486790657043457,17.0,0,0.85,BENIGN,INFO,lightgbm,HIGH
d2c919b24749897b,-18013,53,368,4,0.0001690387725830078,17.0,0,0.85,BENIGN,INFO,lightgbm,HIGH
07d781ef7cab317c,-16197,80,3859,24,65.26083374023438,6.0,4,0.85,DoS_Hulk,HIGH,lightgbm,HIGH
a5451823a9759e78,-16196,80,3859,24,65.26034545898438,6.0,4,0.85,DoS_Hulk,HIGH,lightgbm,HIGH
57d76c52a1f22681,-12743,53,392,4,0.00014090538024902344,17.0,0,0.85,BENIGN,INFO,lightgbm,HIGH
4090c7f55195c323,-14045,53,540,6,0.09867405891418457,17.0,0,0.85,BENIGN,INFO,lightgbm,HIGH
2fb1eee6a277bfd7,-4035,53,422,4,128.52029418945312,17.0,0,0.85,BENIGN,INFO,lightgbm,HIGH
a80bf58c94bbc13d,-16195,80,3859,24,65.25967407226562,6.0,4,0.85,DoS_Hulk,HIGH,lightgbm,HIGH
40386a2c095e75fb,-16194,80,428,7,5.899252891540527,6.0,4,0.85,DoS_Hulk,HIGH,lightgbm,HIGH
deefd2d66d5b932d,17152,53,368,4,0.00018286705017089844,17.0,0,0.85,BENIGN,INFO,lightgbm,HIGH
235e16e906b6e32e,-16035,22,13710,80,1.4781219959259033,6.0,11,0.85,SSH-Patator,MEDIUM,lightgbm,HIGH
46cf81a186536221,-10303,53,356,4,0.0307772159576416,17.0,0,0.85,BENIGN,INFO,lightgbm,HIGH
e71dc9f88b77c286,-7534,53,380,4,0.0312650203704834,17.0,0,0.85,BENIGN,INFO,lightgbm,HIGH
ab6a231b588e104b,-4147,53,751,6,30.21723175048828,17.0,0,0.85,BENIGN,INFO,lightgbm,HIGH
1d452dc4de6aa268,-3827,53,549,4,28.063987731933594,17.0,0,0.85,BENIGN,INFO,lightgbm,HIGH
c2e4be75e97b0801,-12802,80,1032,10,0.2847099304199219,6.0,4,0.85,DoS_Hulk,HIGH,lightgbm,HIGH
e67d71922fe3c702,-16193,443,53379,98,78.05060577392578,6.0,0,0.85,BENIGN,INFO,lightgbm,HIGH
ca41829eb713afa1,-16192,443,50403,91,77.73110961914062,6.0,0,0.85,BENIGN,INFO,lightgbm,HIGH
ca84fe937b6835f9,-16191,443,162948,184,77.1908950805664,6.0,0,0.85,BENIGN,INFO,lightgbm,HIGH
a39103b316877c3d,-7389,53,868,6,0.5301098823547363,17.0,0,0.85,BENIGN,INFO,lightgbm,HIGH
b50cba4e39e92023,-16190,443,723540,607,72.81114196777344,6.0,0,0.85,BENIGN,INFO,lightgbm,HIGH
2e0ab3be9a7716a5,-16189,443,100948,114,72.7389907836914,6.0,0,0.85,BENIGN,INFO,lightgbm,HIGH
9156bad5b61a85bd,-16188,443,833495,703,73.21357727050781,6.0,0,0.85,BENIGN,INFO,lightgbm,HIGH
0a18cf764e67682b,-16187,443,1246448,1000,8.247696876525879,6.0,0,0.85,BENIGN,INFO,lightgbm,HIGH
894158e2971ef4ca,-16186,443,302995,276,72.634033203125,6.0,0,0.85,BENIGN,INFO,lightgbm,HIGH
18528bc96ab7feea,-16185,443,345763,301,73.3057861328125,6.0,0,0.85,BENIGN,INFO,lightgbm,HIGH
ec3b3acba30316fb,-11475,53,444,4,0.00020503997802734375,17.0,0,0.85,BENIGN,INFO,lightgbm,HIGH
88d23d615bc91168,-20394,53,444,4,0.00016689300537109375,17.0,0,0.85,BENIGN,INFO,lightgbm,HIGH
e23054368c9cb506,-1529,53,328,4,0.00016999244689941406,17.0,0,0.85,BENIGN,INFO,lightgbm,HIGH
bfc274bce40347a1,-2928,53,390,4,0.00023102760314941406,17.0,0,0.85,BENIGN,INFO,lightgbm,HIGH
a71f3f53fe8ebf18,-30999,88,886,4,0.0005040168762207031,17.0,0,0.85,BENIGN,INFO,lightgbm,HIGH
33bf3f920915f495,21114,53,494,4,0.0001399517059326172,17.0,0,0.85,BENIGN,INFO,lightgbm,HIGH
211d71298c69ba37,18307,53,444,4,0.00016188621520996094,17.0,0,0.85,BENIGN,INFO,lightgbm,HIGH
4af06baf5f3d2468,29042,53,444,4,0.0001900196075439453,17.0,0,0.85,BENIGN,INFO,lightgbm,HIGH
48b82b473938cd74,12396,53,328,4,0.00017213821411132812,17.0,0,0.85,BENIGN,INFO,lightgbm,HIGH
6d2f62cebd51caf8,17714,53,390,4,0.0002300739288330078,17.0,0,0.85,BENIGN,INFO,lightgbm,HIGH
a802b99d31b2f0f8,-7492,88,3472,4,0.000659942626953125,17.0,0,0.85,BENIGN,INFO,lightgbm,HIGH
6c47209ebae49ca6,-5987,53,494,4,0.0003020763397216797,17.0,0,0.85,BENIGN,INFO,lightgbm,HIGH
7a8494c490202d2c,-19879,53,444,4,0.00015783309936523438,17.0,0,0.85,BENIGN,INFO,lightgbm,HIGH
352dd2e2bc0e6bdb,-25675,53,444,4,0.0001971721649169922,17.0,0,0.85,BENIGN,INFO,lightgbm,HIGH
13fa422696277cd7,7749,53,328,4,0.0001709461212158203,17.0,0,0.85,BENIGN,INFO,lightgbm,HIGH
2d80b7fcbb83e674,-3248,53,390,4,0.0001819133758544922,17.0,0,0.85,BENIGN,INFO,lightgbm,HIGH
6df20aa2eb2255af,-12177,88,3770,4,0.0009717941284179688,17.0,0,0.85,BENIGN,INFO,lightgbm,HIGH
25f2e0a2b54df447,-14624,53,494,4,0.00016689300537109375,17.0,0,0.85,BENIGN,INFO,lightgbm,HIGH
7f7b48b928df2193,21647,53,444,4,0.00017595291137695312,17.0,0,0.85,BENIGN,INFO,lightgbm,HIGH
7cfa8c7708ec55c0,8893,53,328,4,0.0001728534698486328,17.0,0,0.85,BENIGN,INFO,lightgbm,HIGH
1fee5257cb3e4bd3,-12911,53,390,4,0.00023317337036132812,17.0,0,0.85,BENIGN,INFO,lightgbm,HIGH
efd3e9ec0fa6bc4d,-9130,88,7594,20,0.0012080669403076172,6.0,0,0.85,BENIGN,INFO,lightgbm,HIGH
994300708cb07663,4252,53,494,4,0.00016307830810546875,17.0,0,0.85,BENIGN,INFO,lightgbm,HIGH
3327003c23088b4c,-4731,53,562,4,0.06120705604553223,17.0,0,0.85,BENIGN,INFO,lightgbm,HIGH
d1f2560238070bd3,-16032,80,4198,46,174.74179077148438,6.0,4,0.85,DoS_Hulk,HIGH,lightgbm,HIGH
26b17a4577ee1f72,-7728,53,562,4,0.00020313262939453125,17.0,0,0.85,BENIGN,INFO,lightgbm,HIGH
f958a075f40349e4,-5312,53,376,4,0.00016808509826660156,17.0,0,0.85,BENIGN,INFO,lightgbm,HIGH
2290e3c21e5a43a0,-3943,53,434,4,0.00016498565673828125,17.0,0,0.85,BENIGN,INFO,lightgbm,HIGH
e0f0267a4d863161,-3638,53,372,4,0.06143617630004883,17.0,0,0.85,BENIGN,INFO,lightgbm,HIGH
d5136aa2c9823e83,-3592,53,208,2,0.06097292900085449,17.0,0,0.85,BENIGN,INFO,lightgbm,HIGH
22c48fbc4ad61dc7,-16184,443,9527,38,5.848542213439941,6.0,0,0.85,BENIGN,INFO,lightgbm,HIGH
20ddc9f7b0c37f5d,-16183,443,22413,56,21.652833938598633,6.0,0,0.85,BENIGN,INFO,lightgbm,HIGH
25bce210b76af299,-6533,53,332,4,0.00017213821411132812,17.0,0,0.85,BENIGN,INFO,lightgbm,HIGH
c342d2c13abdb139,-8042,53,426,4,0.030874013900756836,17.0,0,0.85,BENIGN,INFO,lightgbm,HIGH
602b612b1f63f96b,-5780,53,704,6,0.8996460437774658,17.0,0,0.85,BENIGN,INFO,lightgbm,HIGH
4df63ecb4411e5ca,-3268,53,294,2,0.8992199897766113,17.0,0,0.85,BENIGN,INFO,lightgbm,HIGH
ccacea25b2910f72,-45,53,420,4,0.031929969787597656,17.0,0,0.85,BENIGN,INFO,lightgbm,HIGH
07d9e0c1a402018e,-3237,53,232,2,0.03151416778564453,17.0,0,0.85,BENIGN,INFO,lightgbm,HIGH
0f661a3b5d79f3e1,-16182,80,6838,27,58.51428985595703,6.0,4,0.85,DoS_Hulk,HIGH,lightgbm,HIGH
9bddfa9c419e4277,-16181,80,9666,31,59.150794982910156,6.0,4,0.85,DoS_Hulk,HIGH,lightgbm,HIGH
b0ded51dccfbcf53,-16180,80,372,6,5.236536026000977,6.0,4,0.85,DoS_Hulk,HIGH,lightgbm,HIGH
ffaf100282c699ce,-16031,443,7443,20,2.204714059829712,6.0,0,0.85,BENIGN,INFO,lightgbm,HIGH
fcdf34f0a4e41ec7,-16179,80,372,6,5.236441135406494,6.0,4,0.85,DoS_Hulk,HIGH,lightgbm,HIGH
3da37089ae39b5e3,-4858,53,484,4,0.00017189979553222656,17.0,0,0.85,BENIGN,INFO,lightgbm,HIGH
61368b92c597c753,-12200,53,420,4,0.00020694732666015625,17.0,0,0.85,BENIGN,INFO,lightgbm,HIGH
84f931bced0ff2c1,-4881,53,604,4,0.03104686737060547,17.0,0,0.85,BENIGN,INFO,lightgbm,HIGH
eff704ddcaa6479f,-3593,53,324,2,0.03065800666809082,17.0,0,0.85,BENIGN,INFO,lightgbm,HIGH
f0e8a05d236bbeff,-1366,53,396,4,0.03096294403076172,17.0,0,0.85,BENIGN,INFO,lightgbm,HIGH
0fd5f73665c9e0cb,-4672,53,498,4,0.06072497367858887,17.0,0,0.85,BENIGN,INFO,lightgbm,HIGH
514252e8a3e9cf35,-3360,53,271,2,0.060307979583740234,17.0,0,0.85,BENIGN,INFO,lightgbm,HIGH
4be25c7313c472eb,-16330,53,492,4,0.06065988540649414,17.0,0,0.85,BENIGN,INFO,lightgbm,HIGH
d57c8d51d18ae4d5,-3121,53,564,4,90.1103286743164,17.0,0,0.85,BENIGN,INFO,lightgbm,HIGH
752b5aa209422448,-7672,53,512,4,0.3618791103363037,17.0,0,0.85,BENIGN,INFO,lightgbm,HIGH
6c80496645566009,-3572,53,278,2,0.36150097846984863,17.0,0,0.85,BENIGN,INFO,lightgbm,HIGH
6d9ec20eea6312f3,-16030,443,5753,30,61.06119918823242,6.0,0,0.85,BENIGN,INFO,lightgbm,HIGH
e5e75acbdc4d2d75,-12631,53,468,4,0.00016808509826660156,17.0,0,0.85,BENIGN,INFO,lightgbm,HIGH
d7b340cc80e5d6b8,-5935,53,536,4,0.030521154403686523,17.0,0,0.85,BENIGN,INFO,lightgbm,HIGH
96f77fa9a840a9a7,-3706,53,290,2,0.030140161514282227,17.0,0,0.85,BENIGN,INFO,lightgbm,HIGH
1b8414dac16cf143,-16029,443,5666,28,60.44436264038086,6.0,0,0.85,BENIGN,INFO,lightgbm,HIGH
d66056c5e4008cad,-7121,53,464,4,0.0001709461212158203,17.0,0,0.85,BENIGN,INFO,lightgbm,HIGH
63b843c184cd6bd3,-9041,53,532,4,0.03082895278930664,17.0,0,0.85,BENIGN,INFO,lightgbm,HIGH
ce3dabc06c88051b,-3736,53,288,2,0.030485868453979492,17.0,0,0.85,BENIGN,INFO,lightgbm,HIGH
9e11a42c996b52d7,-15815,53,404,4,0.00013303756713867188,17.0,0,0.85,BENIGN,INFO,lightgbm,HIGH
51cfe62bd9bae729,-3707,53,344,4,0.000148773193359375,17.0,0,0.85,BENIGN,INFO,lightgbm,HIGH
1cf4da5e59e14109,-11493,53,448,4,0.0001919269561767578,17.0,0,0.85,BENIGN,INFO,lightgbm,HIGH
cfb96f8a5ba828bf,-16028,80,9442,54,164.66456604003906,6.0,4,0.85,DoS_Hulk,HIGH,lightgbm,HIGH
0363b098a0ba39a1,-16027,80,9568,56,172.64886474609375,6.0,4,0.85,DoS_Hulk,HIGH,lightgbm,HIGH
504cd2c0f9094cf2,-16026,80,372,6,5.944573879241943,6.0,4,0.85,DoS_Hulk,HIGH,lightgbm,HIGH
324c95a68304684e,-16025,443,1310,14,5.979290008544922,6.0,0,0.85,BENIGN,INFO,lightgbm,HIGH
1a9849979a0e6f0f,-16024,443,1309,14,5.982237815856934,6.0,0,0.85,BENIGN,INFO,lightgbm,HIGH
d7253b93376c6a17,-16023,80,3032,12,4.555790901184082,6.0,4,0.85,DoS_Hulk,HIGH,lightgbm,HIGH
5e22c5e78bb75fa3,-5462,53,512,4,0.00017499923706054688,17.0,0,0.85,BENIGN,INFO,lightgbm,HIGH
b5715bcc65bf7d69,-16022,80,372,6,5.821567058563232,6.0,4,0.85,DoS_Hulk,HIGH,lightgbm,HIGH
06920870a297f4c7,-11855,53,404,4,0.00018596649169921875,17.0,0,0.85,BENIGN,INFO,lightgbm,HIGH
990826aa2726da43,-8410,53,502,4,0.03091597557067871,17.0,0,0.85,BENIGN,INFO,lightgbm,HIGH
a2384d60afc0f8a0,-4526,53,273,2,0.03054499626159668,17.0,0,0.85,BENIGN,INFO,lightgbm,HIGH
6b8cdcee15408411,-13081,53,402,4,0.00020003318786621094,17.0,0,0.85,BENIGN,INFO,lightgbm,HIGH
95cc803555cc3dff,-8312,53,702,4,0.00022101402282714844,17.0,0,0.85,BENIGN,INFO,lightgbm,HIGH
27f3f1c1ecae2e00,-16021,443,102101,120,180.61441040039062,6.0,0,0.85,BENIGN,INFO,lightgbm,HIGH
9c1177159b978a37,-16020,80,33664,41,0.44791412353515625,6.0,4,0.85,DoS_Hulk,HIGH,lightgbm,HIGH
86dfdc80d83361b3,-16019,443,9897,43,115.26449584960938,6.0,0,0.85,BENIGN,INFO,lightgbm,HIGH
b6a8aa6886455c55,-1578,53,332,4,0.00015497207641601562,17.0,0,0.85,BENIGN,INFO,lightgbm,HIGH
7c9a3e80f0992fd1,-8661,53,608,4,0.0002129077911376953,17.0,0,0.85,BENIGN,INFO,lightgbm,HIGH
41a98f2eaf97bb71,-3511,53,356,4,0.00019097328186035156,17.0,0,0.85,BENIGN,INFO,lightgbm,HIGH
42c8b8064e689ed3,-3009,53,522,4,0.030792951583862305,17.0,0,0.85,BENIGN,INFO,lightgbm,HIGH
6d6a49f51d6e7db8,-5059,53,283,2,0.03041386604309082,17.0,0,0.85,BENIGN,INFO,lightgbm,HIGH
b6e654bef6afad23,-16018,443,6284,21,0.30310702323913574,6.0,0,0.85,BENIGN,INFO,lightgbm,HIGH
9a6e8bd4f1e6f513,-11633,53,396,4,0.03104710578918457,17.0,0,0.85,BENIGN,INFO,lightgbm,HIGH
ce150abdacac3a71,-4296,53,220,2,0.030689001083374023,17.0,0,0.85,BENIGN,INFO,lightgbm,HIGH
d3bcca3028d1aa9b,-16017,80,3166,32,116.09825897216797,6.0,4,0.85,DoS_Hulk,HIGH,lightgbm,HIGH
d6b64114b7355efe,-16016,80,4514,35,116.0976333618164,6.0,4,0.85,DoS_Hulk,HIGH,lightgbm,HIGH
02ec8219561e54cd,-14426,53,352,4,0.00016188621520996094,17.0,0,0.85,BENIGN,INFO,lightgbm,HIGH
708af7c5ce52770c,-5481,53,376,4,0.030562162399291992,17.0,0,0.85,BENIGN,INFO,lightgbm,HIGH
805c9d2b35e609d7,-16015,80,372,6,5.712909698486328,6.0,4,0.85,DoS_Hulk,HIGH,lightgbm,HIGH
273f32ff9f94dae1,-16014,80,4606,12,0.39359593391418457,6.0,4,0.85,DoS_Hulk,HIGH,lightgbm,HIGH
da6e38b8fc833ee1,-16013,80,9895,18,0.388718843460083,6.0,4,0.85,DoS_Hulk,HIGH,lightgbm,HIGH
bad3057281077299,-14933,53,420,4,0.13523197174072266,17.0,0,0.85,BENIGN,INFO,lightgbm,HIGH
e1e0b507d751a2a6,-3617,53,232,2,0.13484907150268555,17.0,0,0.85,BENIGN,INFO,lightgbm,HIGH
2d1f683ad679ef76,-16012,80,2953,13,0.39290690422058105,6.0,4,0.85,DoS_Hulk,HIGH,lightgbm,HIGH
d86d7d98cfd24e16,-16011,80,1790,10,0.40212082862854004,6.0,4,0.85,DoS_Hulk,HIGH,lightgbm,HIGH
631be2db7d2b03f5,-1607,53,458,4,0.03077101707458496,17.0,0,0.85,BENIGN,INFO,lightgbm,HIGH
9f731f795f51a1ad,-4892,53,220,2,0.03035902976989746,17.0,0,0.85,BENIGN,INFO,lightgbm,HIGH
5e5af23bde743281,-16010,443,1062325,1000,1.01804518699646,6.0,0,0.85,BENIGN,INFO,lightgbm,HIGH
12f74ec7fcd6fae1,-13762,53,396,4,0.00015091896057128906,17.0,0,0.85,BENIGN,INFO,lightgbm,HIGH
9c137faa129dc770,-13047,53,420,4,0.00015807151794433594,17.0,0,0.85,BENIGN,INFO,lightgbm,HIGH
4eb0c384ebd309fd,-16009,80,5954,14,0.3906369209289551,6.0,4,0.85,DoS_Hulk,HIGH,lightgbm,HIGH
74a2ca492839d15f,-16008,80,3006,13,0.6924281120300293,6.0,4,0.85,DoS_Hulk,HIGH,lightgbm,HIGH
e2450add5ce7d5e9,-16007,80,121711,132,22.718826293945312,6.0,4,0.85,DoS_Hulk,HIGH,lightgbm,HIGH
26ba78d02c029b13,-16006,80,141955,152,22.74051284790039,6.0,4,0.85,DoS_Hulk,HIGH,lightgbm,HIGH
059b0693c5781b80,-16005,80,241575,240,23.719343185424805,6.0,4,0.85,DoS_Hulk,HIGH,lightgbm,HIGH
dcc8ef29fe72ae0d,-16004,80,136166,146,22.718242645263672,6.0,4,0.85,DoS_Hulk,HIGH,lightgbm,HIGH
70b9457184e89d62,-2530,53,420,4,0.00020503997802734375,17.0,0,0.85,BENIGN,INFO,lightgbm,HIGH
36c25c0aa934822b,-8082,53,396,4,0.1117100715637207,17.0,0,0.85,BENIGN,INFO,lightgbm,HIGH
e429fded80a0c955,-4317,53,220,2,0.11134600639343262,17.0,0,0.85,BENIGN,INFO,lightgbm,HIGH
683c755c8a41592b,-16003,80,122899,134,22.597652435302734,6.0,4,0.85,DoS_Hulk,HIGH,lightgbm,HIGH
814ecb5fbe67b387,-16002,80,158672,169,22.59659194946289,6.0,4,0.85,DoS_Hulk,HIGH,lightgbm,HIGH
9ef052f8545c1ea1,-15908,53,520,4,0.12263989448547363,17.0,0,0.85,BENIGN,INFO,lightgbm,HIGH
3917a992dcb5142d,-10719,53,416,4,0.03078484535217285,17.0,0,0.85,BENIGN,INFO,lightgbm,HIGH
258a2c76e298ae54,-5107,53,200,2,0.030447006225585938,17.0,0,0.85,BENIGN,INFO,lightgbm,HIGH
5e5f1c69ad4c9aaa,-2081,53,612,4,0.03075385093688965,17.0,0,0.85,BENIGN,INFO,lightgbm,HIGH
13bec645eb64f93b,-482,53,356,4,0.00015211105346679688,17.0,0,0.85,BENIGN,INFO,lightgbm,HIGH
2624fe5fc3fdcfb8,-14595,53,380,4,0.03078913688659668,17.0,0,0.85,BENIGN,INFO,lightgbm,HIGH
12026fea30d41b3f,-16001,443,6492,16,5.155633926391602,6.0,0,0.85,BENIGN,INFO,lightgbm,HIGH
ea979ceb5c2eb848,-16000,443,12787,44,115.50150299072266,6.0,0,0.85,BENIGN,INFO,lightgbm,HIGH
ddec9c2f33b0f4df,-3217,53,612,4,0.00019788742065429688,17.0,0,0.85,BENIGN,INFO,lightgbm,HIGH
02edc2f75558d0f1,-7878,53,518,4,0.030663013458251953,17.0,0,0.85,BENIGN,INFO,lightgbm,HIGH
c28c82245f306fef,-4986,53,531,4,9.69881534576416,17.0,0,0.85,BENIGN,INFO,lightgbm,HIGH
c222289dcf4cb8b9,-16022,53,520,4,0.0001850128173828125,17.0,0,0.85,BENIGN,INFO,lightgbm,HIGH
da5e3a11089dc55e,-15999,80,19331,34,19.457517623901367,6.0,4,0.85,DoS_Hulk,HIGH,lightgbm,HIGH
0552151459cd72be,-6223,53,418,4,0.1258089542388916,17.0,0,0.85,BENIGN,INFO,lightgbm,HIGH
b6ad52355006f5e7,-5371,53,231,2,0.1254739761352539,17.0,0,0.85,BENIGN,INFO,lightgbm,HIGH
e23c9e01c7ce861e,-15998,80,2947,12,0.3905198574066162,6.0,4,0.85,DoS_Hulk,HIGH,lightgbm,HIGH
7d8270e31a21bfb1,-15997,443,110963,141,182.4531707763672,6.0,0,0.85,BENIGN,INFO,lightgbm,HIGH
2aaadfbcafdc1575,-14420,53,636,4,0.06105399131774902,17.0,0,0.85,BENIGN,INFO,lightgbm,HIGH
749a4c013c5cf10b,-3569,53,309,2,0.060626983642578125,17.0,0,0.85,BENIGN,INFO,lightgbm,HIGH
596db0ec09f4a8b0,-15996,80,1132,10,60.12215805053711,6.0,4,0.85,DoS_Hulk,HIGH,lightgbm,HIGH
a52a51e4bc271372,-8717,53,324,4,0.0001671314239501953,17.0,0,0.85,BENIGN,INFO,lightgbm,HIGH
b8d2833e13e4f2af,-15995,80,86822,89,21.4091854095459,6.0,4,0.85,DoS_Hulk,HIGH,lightgbm,HIGH
416b3ec16f9aaae8,-11124,53,324,4,0.00015401840209960938,17.0,0,0.85,BENIGN,INFO,lightgbm,HIGH
2e2a24b0fecdbdc8,-7013,53,396,4,0.22941899299621582,17.0,0,0.85,BENIGN,INFO,lightgbm,HIGH
37cbc1bd7e78e2e2,-4652,53,220,2,0.2290477752685547,17.0,0,0.85,BENIGN,INFO,lightgbm,HIGH
40a339086cc00124,-15994,80,169599,166,22.268775939941406,6.0,4,0.85,DoS_Hulk,HIGH,lightgbm,HIGH
27bc445129f6558b,-941,53,300,4,0.0001621246337890625,17.0,0,0.85,BENIGN,INFO,lightgbm,HIGH
433c659adb190b2e,-15993,80,2208,23,65.40193176269531,6.0,4,0.85,DoS_Hulk,HIGH,lightgbm,HIGH
90fdafe465685d38,-10475,53,300,4,0.0001499652862548828,17.0,0,0.85,BENIGN,INFO,lightgbm,HIGH
911e1d94f468619e,-14523,53,402,4,0.13665103912353516,17.0,0,0.85,BENIGN,INFO,lightgbm,HIGH
4ad4fa3350c1ab6e,-3651,53,223,2,0.13626503944396973,17.0,0,0.85,BENIGN,INFO,lightgbm,HIGH
8c8144a86a972fe7,-15992,80,27890,36,21.195981979370117,6.0,4,0.85,DoS_Hulk,HIGH,lightgbm,HIGH
101c36dc53429ec6,-15991,80,372,6,6.148234844207764,6.0,4,0.85,DoS_Hulk,HIGH,lightgbm,HIGH
7074f02e2b583f2d,-3068,53,730,4,0.06143999099731445,17.0,0,0.85,BENIGN,INFO,lightgbm,HIGH
d33ce91e6f2bcd10,-13678,53,468,4,0.06172609329223633,17.0,0,0.85,BENIGN,INFO,lightgbm,HIGH
7dce56879498c75f,-4651,53,387,2,0.0608518123626709,17.0,0,0.85,BENIGN,INFO,lightgbm,HIGH
cd70076bfdf3c94f,1190,443,7669,42,115.2802505493164,6.0,0,0.85,BENIGN,INFO,lightgbm,HIGH
1be4a2eb983afb77,-4128,53,612,4,0.0001678466796875,17.0,0,0.85,BENIGN,INFO,lightgbm,HIGH
6be7120dd0d9b204,1191,443,6661,28,60.44182205200195,6.0,0,0.85,BENIGN,INFO,lightgbm,HIGH
8e3bb304f5873ab2,-5789,53,384,4,0.00018596649169921875,17.0,0,0.85,BENIGN,INFO,lightgbm,HIGH
e3f4678b2bba7801,-15660,53,518,4,0.03088212013244629,17.0,0,0.85,BENIGN,INFO,lightgbm,HIGH
5a95f9879062b70d,-3721,53,281,2,0.030544042587280273,17.0,0,0.85,BENIGN,INFO,lightgbm,HIGH
203875f49a771ac7,1192,443,4447,16,5.274832725524902,6.0,0,0.85,BENIGN,INFO,lightgbm,HIGH
181b75934c3cfab8,-1330,53,388,4,0.03120589256286621,17.0,0,0.85,BENIGN,INFO,lightgbm,HIGH
cca82bf2aaabe598,-2820,53,608,4,0.03143501281738281,17.0,0,0.85,BENIGN,INFO,lightgbm,HIGH
9f572f8b06405d80,-3992,53,216,2,0.030858993530273438,17.0,0,0.85,BENIGN,INFO,lightgbm,HIGH
ba3671f79182875f,-5090,53,326,2,0.03098917007446289,17.0,0,0.85,BENIGN,INFO,lightgbm,HIGH
dc9c4d7f2c68a50e,-15990,80,2435,31,116.06079864501953,6.0,4,0.85,DoS_Hulk,HIGH,lightgbm,HIGH
760fe512f189b978,-6104,53,388,4,0.0002579689025878906,17.0,0,0.85,BENIGN,INFO,lightgbm,HIGH
70f2de48adc4ec64,-5530,53,466,4,0.03166389465332031,17.0,0,0.85,BENIGN,INFO,lightgbm,HIGH
422f1f96fa977f4e,-3881,53,599,4,320.58538818359375,17.0,0,0.85,BENIGN,INFO,lightgbm,HIGH
eb0f3f67a772b596,-15989,443,9468,41,116.00466918945312,6.0,0,0.85,BENIGN,INFO,lightgbm,HIGH
942998654008aeb4,-5475,53,608,4,0.00019788742065429688,17.0,0,0.85,BENIGN,INFO,lightgbm,HIGH
6a1a8b6810c8704e,-2119,53,514,4,0.03162503242492676,17.0,0,0.85,BENIGN,INFO,lightgbm,HIGH
a5f915b89d84bbf2,-3368,53,279,2,0.03126406669616699,17.0,0,0.85,BENIGN,INFO,lightgbm,HIGH
00ac1b5070e57013,-15988,443,6605,18,5.653080940246582,6.0,0,0.85,BENIGN,INFO,lightgbm,HIGH
6ea85d454422c1c1,-8196,53,456,4,0.03126096725463867,17.0,0,0.85,BENIGN,INFO,lightgbm,HIGH
7722ac2906a70c9c,-4739,53,416,4,0.0007219314575195312,17.0,0,0.85,BENIGN,INFO,lightgbm,HIGH
3b90648f5bfbcdce,-3551,53,416,4,0.00016689300537109375,17.0,0,0.85,BENIGN,INFO,lightgbm,HIGH
120824cc437973d7,-15388,53,356,4,0.00015091896057128906,17.0,0,0.85,BENIGN,INFO,lightgbm,HIGH
66f8132de8a9d396,-11079,53,642,4,0.1653890609741211,17.0,0,0.85,BENIGN,INFO,lightgbm,HIGH
9db12c963d01fda3,-5151,53,693,4,18.770265579223633,17.0,0,0.85,BENIGN,INFO,lightgbm,HIGH
d38add491a5e01bd,-1716,53,380,4,0.0007240772247314453,17.0,0,0.85,BENIGN,INFO,lightgbm,HIGH
24d912c75d424e26,-4238,53,212,2,0.0003681182861328125,17.0,0,0.85,BENIGN,INFO,lightgbm,HIGH
67306cd6526b0fcb,-684,53,404,4,0.0001609325408935547,17.0,0,0.85,BENIGN,INFO,lightgbm,HIGH
60aaf1827df2ba3f,-14695,53,428,4,0.03060293197631836,17.0,0,0.85,BENIGN,INFO,lightgbm,HIGH
ae2ada5fd3de2e14,-7218,53,624,4,0.03086709976196289,17.0,0,0.85,BENIGN,INFO,lightgbm,HIGH
8300115241c98bcb,-12260,53,644,4,0.12029385566711426,17.0,0,0.85,BENIGN,INFO,lightgbm,HIGH
ea2e6dca4fb3a694,-4222,53,608,4,8.11276626586914,17.0,0,0.85,BENIGN,INFO,lightgbm,HIGH
a3f5b2b862386845,-13077,53,416,4,0.00017690658569335938,17.0,0,0.85,BENIGN,INFO,lightgbm,HIGH
f572a216213d51e7,-9501,53,496,4,0.1295928955078125,17.0,0,0.85,BENIGN,INFO,lightgbm,HIGH
f3a9be0e1d9cf671,-15987,80,4415,15,10.45730972290039,6.0,4,0.85,DoS_Hulk,HIGH,lightgbm,HIGH
eba171683ca40004,-4013,53,594,4,0.06075906753540039,17.0,0,0.85,BENIGN,INFO,lightgbm,HIGH
c799d85b4c344687,-4805,53,657,4,322.8628234863281,17.0,0,0.85,BENIGN,INFO,lightgbm,HIGH
942dc02d55871a21,-12662,53,624,4,0.0002110004425048828,17.0,0,0.85,BENIGN,INFO,lightgbm,HIGH
119b6065e07b7ecb,-494,53,394,4,0.03076791763305664,17.0,0,0.85,BENIGN,INFO,lightgbm,HIGH
5dabc812be545029,-4829,53,219,2,0.0304257869720459,17.0,0,0.85,BENIGN,INFO,lightgbm,HIGH
c72b51b9b04f7489,-15986,80,14968,23,20.50949478149414,6.0,4,0.85,DoS_Hulk,HIGH,lightgbm,HIGH
c17ce6f6ca1ceab0,-15985,80,14565,26,20.507028579711914,6.0,4,0.85,DoS_Hulk,HIGH,lightgbm,HIGH
90fbe6421505c555,-15984,80,14985,22,20.506328582763672,6.0,4,0.85,DoS_Hulk,HIGH,lightgbm,HIGH
b30796072ae21c81,-12494,53,428,4,0.0008440017700195312,17.0,0,0.85,BENIGN,INFO,lightgbm,HIGH
7fddca03835afb37,-4635,53,236,2,0.00045418739318847656,17.0,0,0.85,BENIGN,INFO,lightgbm,HIGH
0fe3f8b7f3eb4387,-15983,80,5958,36,116.78591918945312,6.0,4,0.85,DoS_Hulk,HIGH,lightgbm,HIGH
0adb5a7026c81733,-15982,80,7726,37,116.78584289550781,6.0,4,0.85,DoS_Hulk,HIGH,lightgbm,HIGH
536956869d1c83c2,-2267,53,416,4,0.00020003318786621094,17.0,0,0.85,BENIGN,INFO,lightgbm,HIGH
0dfa246884cba996,-15981,443,90998,120,181.12770080566406,6.0,0,0.85,BENIGN,INFO,lightgbm,HIGH
dad6d6e64a2c8030,-15980,80,432,7,5.512784957885742,6.0,4,0.85,DoS_Hulk,HIGH,lightgbm,HIGH
5035b4eeb7f6435b,-9703,53,608,4,0.00022292137145996094,17.0,0,0.85,BENIGN,INFO,lightgbm,HIGH
0dacdfb0540a8738,-11983,53,372,4,0.0001888275146484375,17.0,0,0.85,BENIGN,INFO,lightgbm,HIGH
b8ad7f33dc761f2a,-3149,53,356,4,0.00015783309936523438,17.0,0,0.85,BENIGN,INFO,lightgbm,HIGH
46617c43eb6bef97,-179,53,522,4,0.13426995277404785,17.0,0,0.85,BENIGN,INFO,lightgbm,HIGH
410b8f1310c20aff,-4653,53,396,4,0.0010480880737304688,17.0,0,0.85,BENIGN,INFO,lightgbm,HIGH
41545650215b7bda,-5545,53,380,4,0.00019693374633789062,17.0,0,0.85,BENIGN,INFO,lightgbm,HIGH
fe68afe2af5e1f03,1193,443,44329,70,116.00863647460938,6.0,0,0.85,BENIGN,INFO,lightgbm,HIGH
d6061a48f2b6c03e,-16350,53,476,4,0.00015807151794433594,17.0,0,0.85,BENIGN,INFO,lightgbm,HIGH
dae289fd1d830c58,-8319,53,550,4,0.0007810592651367188,17.0,0,0.85,BENIGN,INFO,lightgbm,HIGH
6c6e43590de50609,-4683,53,297,2,0.00044798851013183594,17.0,0,0.85,BENIGN,INFO,lightgbm,HIGH
407a4c9c83f650f9,-12647,53,368,4,0.030866146087646484,17.0,0,0.85,BENIGN,INFO,lightgbm,HIGH
94fc57aff0dbc46e,-4333,53,194,2,0.030548095703125,17.0,0,0.85,BENIGN,INFO,lightgbm,HIGH
52992a1ae0e20c18,-15979,80,6881,37,115.80702209472656,6.0,4,0.85,DoS_Hulk,HIGH,lightgbm,HIGH
94d7c15bd423afed,-15978,80,426,7,5.46749210357666,6.0,4,0.85,DoS_Hulk,HIGH,lightgbm,HIGH
b453d154e4588fa7,-1800,53,456,4,0.00023889541625976562,17.0,0,0.85,BENIGN,INFO,lightgbm,HIGH
995ac9f76f40432a,-1553,53,448,4,0.0007090568542480469,17.0,0,0.85,BENIGN,INFO,lightgbm,HIGH
cc195ed7ab7f3fef,-3135,53,246,2,0.0003790855407714844,17.0,0,0.85,BENIGN,INFO,lightgbm,HIGH
c0377703865ddba6,-15977,80,4433,18,50.3358039855957,6.0,4,0.85,DoS_Hulk,HIGH,lightgbm,HIGH
fe6ce9bb98454120,-9570,53,344,4,0.00015592575073242188,17.0,0,0.85,BENIGN,INFO,lightgbm,HIGH
f83d9be3b1c9e982,-15976,80,1508,10,0.36242198944091797,6.0,4,0.85,DoS_Hulk,HIGH,lightgbm,HIGH
2d8a428c033f8794,-15975,80,2332,10,2.482358932495117,6.0,4,0.85,DoS_Hulk,HIGH,lightgbm,HIGH
7718c1a603f5008c,-5179,53,496,4,0.0001728534698486328,17.0,0,0.85,BENIGN,INFO,lightgbm,HIGH
b78c6dd8434bc0e6,-12714,53,480,4,0.03081202507019043,17.0,0,0.85,BENIGN,INFO,lightgbm,HIGH
38452f3cb3971998,-4334,53,262,2,0.030455827713012695,17.0,0,0.85,BENIGN,INFO,lightgbm,HIGH
e1846fb03b92454b,-7440,53,1076,8,9.187979698181152,17.0,0,0.85,BENIGN,INFO,lightgbm,HIGH
e359d00240c4b3f7,-3217,53,262,2,0.12919402122497559,17.0,0,0.85,BENIGN,INFO,lightgbm,HIGH
33e0e27559e6b1a0,-15974,80,7210,41,123.7069091796875,6.0,4,0.85,DoS_Hulk,HIGH,lightgbm,HIGH
de8dc37c50cdbd15,-15973,443,20425,43,72.52913665771484,6.0,0,0.85,BENIGN,INFO,lightgbm,HIGH
c0101b7e88224fb5,1194,80,4133,34,115.77251434326172,6.0,4,0.85,DoS_Hulk,HIGH,lightgbm,HIGH
a68619995d5f5965,-11319,53,394,4,0.03071880340576172,17.0,0,0.85,BENIGN,INFO,lightgbm,HIGH
a700e91cc250398d,-3216,53,212,2,0.030349016189575195,17.0,0,0.85,BENIGN,INFO,lightgbm,HIGH
94fd2d1f16c8ec17,-15972,443,30878,94,187.93312072753906,6.0,0,0.85,BENIGN,INFO,lightgbm,HIGH
cc034c40072ea5b5,-2935,53,416,4,0.00020003318786621094,17.0,0,0.85,BENIGN,INFO,lightgbm,HIGH
6aecd5363b7f0e6f,-3521,53,740,4,0.031820058822631836,17.0,0,0.85,BENIGN,INFO,lightgbm,HIGH
f234133c2e6db75f,-3687,53,628,4,15.585447311401367,17.0,0,0.85,BENIGN,INFO,lightgbm,HIGH
8fe103efaf2f6e3c,-10700,53,1286,8,36.83378982543945,17.0,0,0.85,BENIGN,INFO,lightgbm,HIGH
f289328205d25f3f,-2631,53,356,4,0.0001590251922607422,17.0,0,0.85,BENIGN,INFO,lightgbm,HIGH
74c149bed20ba5e9,-638,53,380,4,0.00019311904907226562,17.0,0,0.85,BENIGN,INFO,lightgbm,HIGH
d4480d5ecdd15fb6,-13453,53,424,4,0.0006978511810302734,17.0,0,0.85,BENIGN,INFO,lightgbm,HIGH
a050be6a88346326,-3080,53,234,2,0.0003509521484375,17.0,0,0.85,BENIGN,INFO,lightgbm,HIGH
1bd6d22908b00cc3,-15971,80,2314,25,75.3266372680664,6.0,4,0.85,DoS_Hulk,HIGH,lightgbm,HIGH
19169ab0cc82f945,-15970,443,5527,17,0.1862499713897705,6.0,0,0.85,BENIGN,INFO,lightgbm,HIGH
281027a9a756ab8a,-15969,80,504,8,5.26181697845459,6.0,4,0.85,DoS_Hulk,HIGH,lightgbm,HIGH
34173d6b3c5f04ed,-15968,443,5730,22,0.19064903259277344,6.0,0,0.85,BENIGN,INFO,lightgbm,HIGH
ce4c2bbf3dce639b,-15967,443,7292,29,0.22138595581054688,6.0,0,0.85,BENIGN,INFO,lightgbm,HIGH
9debb2e6fcc1823f,-15966,443,6858,29,0.21085095405578613,6.0,0,0.85,BENIGN,INFO,lightgbm,HIGH
0bb84d6358d9e781,-15965,443,517356,507,252.8849639892578,6.0,0,0.85,BENIGN,INFO,lightgbm,HIGH
15bcc286e90c0cd7,-12140,53,740,4,0.00020599365234375,17.0,0,0.85,BENIGN,INFO,lightgbm,HIGH
8b2ce32b227d22b1,-5940,53,618,4,0.03990888595581055,17.0,0,0.85,BENIGN,INFO,lightgbm,HIGH
82a533cfe53eaff6,-3178,53,331,2,0.03959321975708008,17.0,0,0.85,BENIGN,INFO,lightgbm,HIGH
4599cf47df5e6d6a,-8293,53,380,4,0.00015592575073242188,17.0,0,0.85,BENIGN,INFO,lightgbm,HIGH
613370af6b5c7cf1,-9763,53,404,4,0.030597925186157227,17.0,0,0.85,BENIGN,INFO,lightgbm,HIGH
1f6bc9988cde713c,-15964,443,10556,59,101.57034301757812,6.0,0,0.85,BENIGN,INFO,lightgbm,HIGH
b403910461c63be9,-15963,443,4336,16,6.217938423156738,6.0,0,0.85,BENIGN,INFO,lightgbm,HIGH
f05d3dbcdb2ab8e8,-11683,53,520,4,0.030961036682128906,17.0,0,0.85,BENIGN,INFO,lightgbm,HIGH
bb7d9fefd2258c8b,-2261,53,412,4,0.06101083755493164,17.0,0,0.85,BENIGN,INFO,lightgbm,HIGH
d6b2dac90b7f0194,-5121,53,228,2,0.06063580513000488,17.0,0,0.85,BENIGN,INFO,lightgbm,HIGH
ce12e043cb5571b8,-6216,53,492,4,0.060539960861206055,17.0,0,0.85,BENIGN,INFO,lightgbm,HIGH
5aebacfcbba511aa,-5109,53,265,2,0.060137033462524414,17.0,0,0.85,BENIGN,INFO,lightgbm,HIGH
dc6ba87d80bf41c6,-15962,80,2260,10,0.36203503608703613,6.0,4,0.85,DoS_Hulk,HIGH,lightgbm,HIGH
b62274d76a3b518c,-15961,80,16350,22,1.140632152557373,6.0,4,0.85,DoS_Hulk,HIGH,lightgbm,HIGH
ef7b80af35c8d1c5,-15844,53,520,4,0.00018095970153808594,17.0,0,0.85,BENIGN,INFO,lightgbm,HIGH
c6eede2b4c89c1e4,-5235,53,504,4,0.030575990676879883,17.0,0,0.85,BENIGN,INFO,lightgbm,HIGH
87e8843742ba3790,-5166,53,274,2,0.030227184295654297,17.0,0,0.85,BENIGN,INFO,lightgbm,HIGH
a9f7fcaed58c0f87,19860,53,444,4,0.0002009868621826172,17.0,0,0.85,BENIGN,INFO,lightgbm,HIGH
ae23325aa96b2980,7800,53,444,4,0.00015807151794433594,17.0,0,0.85,BENIGN,INFO,lightgbm,HIGH
9d304a82786adb11,14197,53,328,4,0.00018286705017089844,17.0,0,0.85,BENIGN,INFO,lightgbm,HIGH
463af10e7adfd659,-24396,53,390,4,0.0002429485321044922,17.0,0,0.85,BENIGN,INFO,lightgbm,HIGH
62782ba5a8519622,-15779,88,886,4,0.0003859996795654297,17.0,0,0.85,BENIGN,INFO,lightgbm,HIGH
fcd3bf281c7b27ff,-31651,53,494,4,0.00013399124145507812,17.0,0,0.85,BENIGN,INFO,lightgbm,HIGH
1110720c77038627,7618,53,444,4,0.0001671314239501953,17.0,0,0.85,BENIGN,INFO,lightgbm,HIGH
e516d07185f11d69,-25536,53,444,4,0.0002560615539550781,17.0,0,0.85,BENIGN,INFO,lightgbm,HIGH
cfa70f876291a9ff,32486,53,328,4,0.000186920166015625,17.0,0,0.85,BENIGN,INFO,lightgbm,HIGH
6cce45cfab9c9d18,-958,53,390,4,0.0001881122589111328,17.0,0,0.85,BENIGN,INFO,lightgbm,HIGH
5cfbdb69898d6831,-32581,88,3472,4,0.0006759166717529297,17.0,0,0.85,BENIGN,INFO,lightgbm,HIGH
8fcb11081e05f497,-15110,53,494,4,0.0002009868621826172,17.0,0,0.85,BENIGN,INFO,lightgbm,HIGH
8090cb240ca00dd8,15864,53,444,4,0.000164031982421875,17.0,0,0.85,BENIGN,INFO,lightgbm,HIGH
6c250fff2ce260c5,-1713,53,444,4,0.00019621849060058594,17.0,0,0.85,BENIGN,INFO,lightgbm,HIGH
ea49dd6245ab987c,-25843,53,328,4,0.00019502639770507812,17.0,0,0.85,BENIGN,INFO,lightgbm,HIGH
ba1c692df99d17ca,23106,53,390,4,0.0001609325408935547,17.0,0,0.85,BENIGN,INFO,lightgbm,HIGH
c2a3abba5047cfe6,-24143,88,3770,4,0.0009818077087402344,17.0,0,0.85,BENIGN,INFO,lightgbm,HIGH
4ed7a547ecb41660,-16974,53,494,4,0.00017714500427246094,17.0,0,0.85,BENIGN,INFO,lightgbm,HIGH
be7cb1f703337dc8,-22759,53,444,4,0.00024509429931640625,17.0,0,0.85,BENIGN,INFO,lightgbm,HIGH
421dfcb67bfc6f74,16733,53,328,4,0.00019121170043945312,17.0,0,0.85,BENIGN,INFO,lightgbm,HIGH
be0320f18bfec162,-16566,53,390,4,0.0002219676971435547,17.0,0,0.85,BENIGN,INFO,lightgbm,HIGH
9be41d8c11006ffe,-9128,88,7594,20,0.0012378692626953125,6.0,0,0.85,BENIGN,INFO,lightgbm,HIGH
69b68dc60049eb46,14875,53,494,4,0.00018405914306640625,17.0,0,0.85,BENIGN,INFO,lightgbm,HIGH
ba007a94a60c6ccf,-15960,443,24153,54,180.55380249023438,6.0,0,0.85,BENIGN,INFO,lightgbm,HIGH
366c4e7bcd39b255,-15152,53,412,4,0.0001881122589111328,17.0,0,0.85,BENIGN,INFO,lightgbm,HIGH
0df465e6bd5be20a,-15959,443,6272,21,0.2779059410095215,6.0,0,0.85,BENIGN,INFO,lightgbm,HIGH
7ef6fc327ad530aa,-266,53,372,4,0.0001537799835205078,17.0,0,0.85,BENIGN,INFO,lightgbm,HIGH
820b2f17ce4767f3,-2920,53,396,4,0.00018095970153808594,17.0,0,0.85,BENIGN,INFO,lightgbm,HIGH
ef4fa9f2020e0844,-15958,80,372,6,5.851495742797852,6.0,4,0.85,DoS_Hulk,HIGH,lightgbm,HIGH
1d55ac20c59d3dc2,-15957,80,4223,32,115.18457794189453,6.0,4,0.85,DoS_Hulk,HIGH,lightgbm,HIGH
71181b9fa2b7d5a9,-15956,80,3407,19,36.719017028808594,6.0,4,0.85,DoS_Hulk,HIGH,lightgbm,HIGH
97ad3fb7aade6fe7,-15955,80,432,7,5.8510236740112305,6.0,4,0.85,DoS_Hulk,HIGH,lightgbm,HIGH
66b333cc9be3cf60,-10312,53,492,4,0.000186920166015625,17.0,0,0.85,BENIGN,INFO,lightgbm,HIGH
2f9d608ad1bcd367,-11302,53,376,4,0.00015687942504882812,17.0,0,0.85,BENIGN,INFO,lightgbm,HIGH
ca42ee2e3ff0a693,-405,53,456,4,0.030714988708496094,17.0,0,0.85,BENIGN,INFO,lightgbm,HIGH
8d2dbcc197b3db29,-3451,53,250,2,0.030358076095581055,17.0,0,0.85,BENIGN,INFO,lightgbm,HIGH
ba42b8af829647b0,-4526,53,412,4,0.00017595291137695312,17.0,0,0.85,BENIGN,INFO,lightgbm,HIGH
0d642c2619dc0bf4,-7168,53,412,4,0.0001621246337890625,17.0,0,0.85,BENIGN,INFO,lightgbm,HIGH
6b23171b9948cd72,-9161,53,372,4,0.000186920166015625,17.0,0,0.85,BENIGN,INFO,lightgbm,HIGH
4029d96397e58eb5,-7996,53,412,4,0.00013017654418945312,17.0,0,0.85,BENIGN,INFO,lightgbm,HIGH
587735a9c102ab5a,-6397,53,412,4,0.0001621246337890625,17.0,0,0.85,BENIGN,INFO,lightgbm,HIGH
ae559ce0caa0ac15,-9253,53,372,4,0.00018310546875,17.0,0,0.85,BENIGN,INFO,lightgbm,HIGH
a48a50d9c01c8ea7,-15954,443,23041,42,0.23536205291748047,6.0,0,0.85,BENIGN,INFO,lightgbm,HIGH
17992e8e64433d15,-15953,443,19906,37,0.1966688632965088,6.0,0,0.85,BENIGN,INFO,lightgbm,HIGH
ed13f9ed6b8c71de,-15952,80,3166,32,116.1022720336914,6.0,4,0.85,DoS_Hulk,HIGH,lightgbm,HIGH
6ddb8a12cf9af794,-13248,53,412,4,0.000164031982421875,17.0,0,0.85,BENIGN,INFO,lightgbm,HIGH
2cc8628b1960e256,-5022,53,412,4,0.00016689300537109375,17.0,0,0.85,BENIGN,INFO,lightgbm,HIGH
95922aad252db04d,-15951,443,396,6,14.336904525756836,6.0,0,0.85,BENIGN,INFO,lightgbm,HIGH
7abc9e924a0d46ea,-4596,53,372,4,0.00017905235290527344,17.0,0,0.85,BENIGN,INFO,lightgbm,HIGH
8f34a9446183d7a9,-6143,53,412,4,0.0001671314239501953,17.0,0,0.85,BENIGN,INFO,lightgbm,HIGH
0f682fd662b9d3cf,-3858,53,412,4,0.00016498565673828125,17.0,0,0.85,BENIGN,INFO,lightgbm,HIGH
5be5643db1e64b1a,-15950,443,396,6,14.3370361328125,6.0,0,0.85,BENIGN,INFO,lightgbm,HIGH
b5ce6542d4386a19,-12826,53,372,4,0.0001819133758544922,17.0,0,0.85,BENIGN,INFO,lightgbm,HIGH
bf70c57990ff6bee,-2374,53,412,4,0.00016307830810546875,17.0,0,0.85,BENIGN,INFO,lightgbm,HIGH
f67b57f13f7a1579,-6394,53,412,4,0.0001590251922607422,17.0,0,0.85,BENIGN,INFO,lightgbm,HIGH
934c9f2f00d7b44f,-7947,53,372,4,0.000186920166015625,17.0,0,0.85,BENIGN,INFO,lightgbm,HIGH
af4d6ea5e1d537d7,-7549,53,412,4,0.00016307830810546875,17.0,0,0.85,BENIGN,INFO,lightgbm,HIGH
d261172503d42a87,-16,53,412,4,0.00018215179443359375,17.0,0,0.85,BENIGN,INFO,lightgbm,HIGH
2daddabd0c18abf3,-8919,53,372,4,0.00018906593322753906,17.0,0,0.85,BENIGN,INFO,lightgbm,HIGH
927a8508d55eae8e,-6988,53,426,4,0.030874967575073242,17.0,0,0.85,BENIGN,INFO,lightgbm,HIGH
965c2b0f57ae1481,-15949,80,17816,43,115.95410919189453,6.0,4,0.85,DoS_Hulk,HIGH,lightgbm,HIGH
c46f170fda201840,-15948,443,5655,21,0.1497199535369873,6.0,0,0.85,BENIGN,INFO,lightgbm,HIGH
fe8966075ce4ac89,-15947,80,372,6,5.617556571960449,6.0,4,0.85,DoS_Hulk,HIGH,lightgbm,HIGH
13fd33763888ac3e,-15946,443,5653,21,0.15959596633911133,6.0,0,0.85,BENIGN,INFO,lightgbm,HIGH
77ba9a072b4a6890,-11540,53,356,4,0.00015497207641601562,17.0,0,0.85,BENIGN,INFO,lightgbm,HIGH
eff3cb10361436b2,-11218,53,708,8,11.661605834960938,17.0,0,0.85,BENIGN,INFO,lightgbm,HIGH
db1d3f9de1560bb1,-3003,53,212,2,0.030615806579589844,17.0,0,0.85,BENIGN,INFO,lightgbm,HIGH
a433049092d56df3,-265,53,380,4,0.0001728534698486328,17.0,0,0.85,BENIGN,INFO,lightgbm,HIGH
49d6c978482a6443,-15945,80,2841,16,50.37868881225586,6.0,4,0.85,DoS_Hulk,HIGH,lightgbm,HIGH
51c776632aaafbb0,-1502,53,380,4,0.0001628398895263672,17.0,0,0.85,BENIGN,INFO,lightgbm,HIGH
963560c783037b1a,-4015,53,344,4,0.0001838207244873047,17.0,0,0.85,BENIGN,INFO,lightgbm,HIGH
47ed67657cd3dd30,-10588,53,576,4,0.12181305885314941,17.0,0,0.85,BENIGN,INFO,lightgbm,HIGH
335f62dd63cd5624,-4348,53,310,2,0.12140607833862305,17.0,0,0.85,BENIGN,INFO,lightgbm,HIGH
e0c3f2a1a876cd7f,-6497,53,380,4,0.00016999244689941406,17.0,0,0.85,BENIGN,INFO,lightgbm,HIGH
725421d679d41df4,-15944,80,3941,20,70.72663879394531,6.0,4,0.85,DoS_Hulk,HIGH,lightgbm,HIGH
0043ff9c006b8cb0,-12587,53,380,4,0.000164031982421875,17.0,0,0.85,BENIGN,INFO,lightgbm,HIGH
2039c3e44b845297,-15499,53,344,4,0.00018215179443359375,17.0,0,0.85,BENIGN,INFO,lightgbm,HIGH
21d9751b8714d367,-2793,53,352,4,0.030558109283447266,17.0,0,0.85,BENIGN,INFO,lightgbm,HIGH
a169440189134247,-15943,80,3266,33,115.73575592041016,6.0,4,0.85,DoS_Hulk,HIGH,lightgbm,HIGH
f3755c0ef5ed2648,-8952,53,352,4,0.00018310546875,17.0,0,0.85,BENIGN,INFO,lightgbm,HIGH
a3f42378ba8fbddd,-7835,53,488,4,0.030775070190429688,17.0,0,0.85,BENIGN,INFO,lightgbm,HIGH
07ba54ad38660c55,-3955,53,266,2,0.030436992645263672,17.0,0,0.85,BENIGN,INFO,lightgbm,HIGH
a9d1c9cbd2f9559f,-15942,80,428,7,5.375011444091797,6.0,4,0.85,DoS_Hulk,HIGH,lightgbm,HIGH
6786df0521cb8389,-15941,80,7413,20,20.661148071289062,6.0,4,0.85,DoS_Hulk,HIGH,lightgbm,HIGH
734328d5511cbe4f,-15940,80,372,6,5.307663917541504,6.0,4,0.85,DoS_Hulk,HIGH,lightgbm,HIGH
1a20073bf56b4380,-141,53,372,4,0.00015091896057128906,17.0,0,0.85,BENIGN,INFO,lightgbm,HIGH
f54b0eb939c4460a,-5505,53,452,4,0.0315241813659668,17.0,0,0.85,BENIGN,INFO,lightgbm,HIGH
b34692b54b7d6805,-3260,53,486,4,17.389596939086914,17.0,0,0.85,BENIGN,INFO,lightgbm,HIGH
59c68236fe51b269,-15939,80,169190,191,115.62321472167969,6.0,4,0.85,DoS_Hulk,HIGH,lightgbm,HIGH
0c133d2ef1d85b70,-15938,80,372,6,5.284049987792969,6.0,4,0.85,DoS_Hulk,HIGH,lightgbm,HIGH
dff0fd3e69195a26,-1729,53,392,4,0.06029701232910156,17.0,0,0.85,BENIGN,INFO,lightgbm,HIGH
eb8160b8a78c5d5a,-5368,53,218,2,0.05987405776977539,17.0,0,0.85,BENIGN,INFO,lightgbm,HIGH
7f7b8fa1f1efc2f8,-8277,53,508,4,0.11616897583007812,17.0,0,0.85,BENIGN,INFO,lightgbm,HIGH
c05cec134720a2b3,-3108,53,276,2,0.11578202247619629,17.0,0,0.85,BENIGN,INFO,lightgbm,HIGH
4b7b9a416260753e,-15937,80,372,6,5.211843967437744,6.0,4,0.85,DoS_Hulk,HIGH,lightgbm,HIGH
3d52070123e31795,-15936,80,13852,41,115.54603576660156,6.0,4,0.85,DoS_Hulk,HIGH,lightgbm,HIGH
44abde4e43709c74,-3641,53,368,4,0.00015592575073242188,17.0,0,0.85,BENIGN,INFO,lightgbm,HIGH
d5810276a38282d5,-15957,53,392,4,0.030694007873535156,17.0,0,0.85,BENIGN,INFO,lightgbm,HIGH
f8bcf1989ad27218,-5302,53,456,4,30.396697998046875,17.0,0,0.85,BENIGN,INFO,lightgbm,HIGH
297f00ecd9b16a99,-15935,80,2023,14,20.48552703857422,6.0,4,0.85,DoS_Hulk,HIGH,lightgbm,HIGH
ab88c8f52774935b,-15934,80,2011,14,20.485288619995117,6.0,4,0.85,DoS_Hulk,HIGH,lightgbm,HIGH
bd6cf679b7bad1a5,-10024,53,508,4,0.0001900196075439453,17.0,0,0.85,BENIGN,INFO,lightgbm,HIGH
82c02d4924b198ae,-366,53,388,4,0.23589301109313965,17.0,0,0.85,BENIGN,INFO,lightgbm,HIGH
2fd844589ebe49ae,-15933,80,372,6,6.2071638107299805,6.0,4,0.85,DoS_Hulk,HIGH,lightgbm,HIGH
9e5c764fa915972f,-15932,80,372,6,6.140117168426514,6.0,4,0.85,DoS_Hulk,HIGH,lightgbm,HIGH
d2a72450c80cfa44,-3907,53,392,4,0.06055808067321777,17.0,0,0.85,BENIGN,INFO,lightgbm,HIGH
a17f40e90d9238bc,-5142,53,218,2,0.06020784378051758,17.0,0,0.85,BENIGN,INFO,lightgbm,HIGH
57fd6ad929b1df1c,-12430,53,380,4,0.00018095970153808594,17.0,0,0.85,BENIGN,INFO,lightgbm,HIGH
ff08d953d3e72db7,-7773,53,380,4,0.0008840560913085938,17.0,0,0.85,BENIGN,INFO,lightgbm,HIGH
4226d67219cd390c,-3423,53,194,2,0.0005509853363037109,17.0,0,0.85,BENIGN,INFO,lightgbm,HIGH
4f76a9edf6620da7,-13472,53,344,4,0.00015687942504882812,17.0,0,0.85,BENIGN,INFO,lightgbm,HIGH
c1aef4e6041b36c3,1195,80,1075,8,1.7451090812683105,6.0,4,0.85,DoS_Hulk,HIGH,lightgbm,HIGH
24f35592679fc152,-344,53,476,4,0.0308687686920166,17.0,0,0.85,BENIGN,INFO,lightgbm,HIGH
1d4ac88121794b80,-15931,80,1813,11,0.4143521785736084,6.0,4,0.85,DoS_Hulk,HIGH,lightgbm,HIGH
e5b1bf1947b86a27,-5201,53,316,4,0.00018787384033203125,17.0,0,0.85,BENIGN,INFO,lightgbm,HIGH
9b5ab0b309b8936f,-15930,80,5932,11,0.49030017852783203,6.0,4,0.85,DoS_Hulk,HIGH,lightgbm,HIGH
becd64a41fc19fbf,-2969,53,476,4,0.00017189979553222656,17.0,0,0.85,BENIGN,INFO,lightgbm,HIGH
9f5f305fd8f2229a,-15929,443,53016,68,65.56397247314453,6.0,0,0.85,BENIGN,INFO,lightgbm,HIGH
c1e47b17af09f2c9,-15928,443,48082,65,65.58126831054688,6.0,0,0.85,BENIGN,INFO,lightgbm,HIGH
90bbe4ad6c346eab,-15927,443,38650,57,65.5975341796875,6.0,0,0.85,BENIGN,INFO,lightgbm,HIGH
cfa891701755954c,-13580,53,316,4,0.0001850128173828125,17.0,0,0.85,BENIGN,INFO,lightgbm,HIGH
c5adc588eea76015,-6181,53,460,4,0.03093409538269043,17.0,0,0.85,BENIGN,INFO,lightgbm,HIGH
f5e5b031273c041e,-3398,53,418,4,0.13550305366516113,17.0,0,0.85,BENIGN,INFO,lightgbm,HIGH
7e93de5b9b310f70,-4123,53,467,4,318.4000244140625,17.0,0,0.85,BENIGN,INFO,lightgbm,HIGH
47c14aaf4a8e16bb,-15926,80,372,6,5.54856014251709,6.0,4,0.85,DoS_Hulk,HIGH,lightgbm,HIGH
adb6449d70c4c6ee,-15925,443,5395,17,5.554146766662598,6.0,0,0.85,BENIGN,INFO,lightgbm,HIGH
03f5837c110d1d64,-15924,443,5335,16,5.553833961486816,6.0,0,0.85,BENIGN,INFO,lightgbm,HIGH
879d484db0c27529,-15923,443,5335,16,5.553706169128418,6.0,0,0.85,BENIGN,INFO,lightgbm,HIGH
9ece78484e9a924c,-15922,80,372,6,5.540492057800293,6.0,4,0.85,DoS_Hulk,HIGH,lightgbm,HIGH
8992d60b30bf5ac4,-16178,443,8682,19,81.97760009765625,6.0,0,0.85,BENIGN,INFO,lightgbm,HIGH
cc192acd028759e3,-30904,21,4076,52,0.38028717041015625,6.0,7,0.85,FTP-Patator,MEDIUM,lightgbm,HIGH
f366cc8da6a64248,-25652,5475,22394,28,0.24651598930358887,6.0,0,0.85,BENIGN,INFO,lightgbm,HIGH
7b0d1fda851dcab1,-5218,53,860,8,2.6519200801849365,17.0,0,0.85,BENIGN,INFO,lightgbm,HIGH
8aa73657e0ada182,-3591,53,292,2,2.6514511108398438,17.0,0,0.85,BENIGN,INFO,lightgbm,HIGH
004a10e0f6174618,-16177,443,7844,38,181.26669311523438,6.0,0,0.85,BENIGN,INFO,lightgbm,HIGH
ee081a8058fddcdf,-16176,443,7978,27,1.304347038269043,6.0,0,0.85,BENIGN,INFO,lightgbm,HIGH
e34488406f227a68,-14675,53,440,4,0.00015687942504882812,17.0,0,0.85,BENIGN,INFO,lightgbm,HIGH
f22d0fa2ed920951,-894,53,706,6,0.3372080326080322,17.0,0,0.85,BENIGN,INFO,lightgbm,HIGH
15ed30ee9be61b1c,-16175,443,6465,21,0.8244740962982178,6.0,0,0.85,BENIGN,INFO,lightgbm,HIGH
059e7b320fca8876,1333,53,562,4,0.05995607376098633,17.0,0,0.85,BENIGN,INFO,lightgbm,HIGH
7027f38c7d4ee30e,-2963,53,614,4,0.0002548694610595703,17.0,0,0.85,BENIGN,INFO,lightgbm,HIGH
15c555acfb5fe1a9,-4556,53,210,2,0.059542179107666016,17.0,0,0.85,BENIGN,INFO,lightgbm,HIGH
ef517030936012a9,-14390,53,612,4,0.05359911918640137,17.0,0,0.85,BENIGN,INFO,lightgbm,HIGH
a1ab0270deaf43bc,-6628,53,492,4,0.061472177505493164,17.0,0,0.85,BENIGN,INFO,lightgbm,HIGH
8bb2022f71661884,-4736,53,268,2,0.061071157455444336,17.0,0,0.85,BENIGN,INFO,lightgbm,HIGH
0d7897789b109fe6,-761,53,356,4,0.07726001739501953,17.0,0,0.85,BENIGN,INFO,lightgbm,HIGH
d225a4225f0fd889,-4325,53,200,2,0.07692503929138184,17.0,0,0.85,BENIGN,INFO,lightgbm,HIGH
50fe9e6eef4ab8f1,-15184,53,464,4,0.0485379695892334,17.0,0,0.85,BENIGN,INFO,lightgbm,HIGH
b8192ed51bf79d48,-5263,53,254,2,0.048178911209106445,17.0,0,0.85,BENIGN,INFO,lightgbm,HIGH
f7842e891b901358,-15921,80,432,7,5.432621955871582,6.0,4,0.85,DoS_Hulk,HIGH,lightgbm,HIGH
31347d14450acd6f,-25864,80,3686,35,116.28650665283203,6.0,4,0.85,DoS_Hulk,HIGH,lightgbm,HIGH
bf27f411534f2806,-5617,53,612,4,0.0001990795135498047,17.0,0,0.85,BENIGN,INFO,lightgbm,HIGH
dbd59fa5cd19c43d,-15920,443,6021,29,60.87137222290039,6.0,0,0.85,BENIGN,INFO,lightgbm,HIGH
ca1a51c9538f20a5,-15876,53,984,8,14.575319290161133,17.0,0,0.85,BENIGN,INFO,lightgbm,HIGH
ece4829c15cf56ca,-15919,80,2776,10,0.3670780658721924,6.0,4,0.85,DoS_Hulk,HIGH,lightgbm,HIGH
5ac363c1e9d85d05,-9724,53,464,4,0.00016689300537109375,17.0,0,0.85,BENIGN,INFO,lightgbm,HIGH
3a6a78ab82476c19,-6737,53,498,4,0.0001971721649169922,17.0,0,0.85,BENIGN,INFO,lightgbm,HIGH
2aa56a843e8678b5,-906,53,448,4,0.13144803047180176,17.0,0,0.85,BENIGN,INFO,lightgbm,HIGH
dd6fad3233310018,-3604,53,246,2,0.13108086585998535,17.0,0,0.85,BENIGN,INFO,lightgbm,HIGH
f50d60fc8ca0b353,-15918,443,31789,50,34.93170166015625,6.0,0,0.85,BENIGN,INFO,lightgbm,HIGH
3a93669171f4667d,-15008,53,448,4,0.0001709461212158203,17.0,0,0.85,BENIGN,INFO,lightgbm,HIGH
0b6ec50ea2d96086,-15917,80,2525,11,1.321333885192871,6.0,4,0.85,DoS_Hulk,HIGH,lightgbm,HIGH
1499a1456d667f81,-8970,53,356,4,0.00021910667419433594,17.0,0,0.85,BENIGN,INFO,lightgbm,HIGH
f3a925d3ffcbd3b2,-9011,53,448,4,0.03294801712036133,17.0,0,0.85,BENIGN,INFO,lightgbm,HIGH
4b2261f705160e21,-3067,53,524,4,313.09600830078125,17.0,0,0.85,BENIGN,INFO,lightgbm,HIGH
ad3ac6e91f1a9927,-15113,53,450,4,0.040242910385131836,17.0,0,0.85,BENIGN,INFO,lightgbm,HIGH
deb3af32e353e0d2,-15916,80,2012,10,0.4294929504394531,6.0,4,0.85,DoS_Hulk,HIGH,lightgbm,HIGH
e0df303ceac48ba4,-15915,80,564,9,2.8668692111968994,6.0,4,0.85,DoS_Hulk,HIGH,lightgbm,HIGH
af15aef56eb337fe,-15914,443,7153,25,30.660306930541992,6.0,0,0.85,BENIGN,INFO,lightgbm,HIGH
e639fc1f36dd72d7,-15913,80,432,7,5.31915283203125,6.0,4,0.85,DoS_Hulk,HIGH,lightgbm,HIGH
a0c625130aa42c50,-12252,53,508,4,0.06095004081726074,17.0,0,0.85,BENIGN,INFO,lightgbm,HIGH
88b927dfb63116d5,-3882,53,630,4,318.4258728027344,17.0,0,0.85,BENIGN,INFO,lightgbm,HIGH
8dac98db9d749caa,-15912,80,3218,32,115.19215393066406,6.0,4,0.85,DoS_Hulk,HIGH,lightgbm,HIGH
68eb5886596a8eca,-16174,443,53864,72,180.91770935058594,6.0,0,0.85,BENIGN,INFO,lightgbm,HIGH
38add2d72896c271,-3216,53,500,4,0.00017309188842773438,17.0,0,0.85,BENIGN,INFO,lightgbm,HIGH
a7ffd9c1f455fe51,-5062,53,490,4,0.030508995056152344,17.0,0,0.85,BENIGN,INFO,lightgbm,HIGH
21ac920991d72d52,-4061,53,267,2,0.030164003372192383,17.0,0,0.85,BENIGN,INFO,lightgbm,HIGH
3ae741c876a41e8e,-15911,80,372,6,5.105271339416504,6.0,4,0.85,DoS_Hulk,HIGH,lightgbm,HIGH
475871d0cabfb659,-12141,53,376,4,0.030841827392578125,17.0,0,0.85,BENIGN,INFO,lightgbm,HIGH
6640e67606b643a7,-3006,53,656,6,313.36993408203125,17.0,0,0.85,BENIGN,INFO,lightgbm,HIGH
9915bc46d9388a6e,-15910,80,372,6,6.136935234069824,6.0,4,0.85,DoS_Hulk,HIGH,lightgbm,HIGH
655044d1b6400afe,-397,53,484,4,0.0606539249420166,17.0,0,0.85,BENIGN,INFO,lightgbm,HIGH
e47a131c02856b17,-15909,80,10531,16,5.341753005981445,6.0,4,0.85,DoS_Hulk,HIGH,lightgbm,HIGH
55fcb2dbd8bb8fbf,-15908,80,368,6,6.098620891571045,6.0,4,0.85,DoS_Hulk,HIGH,lightgbm,HIGH
8954bd21ed416373,-14655,53,376,4,0.00015807151794433594,17.0,0,0.85,BENIGN,INFO,lightgbm,HIGH
8c98d39f49f6ea1b,-5492,53,462,4,0.031182050704956055,17.0,0,0.85,BENIGN,INFO,lightgbm,HIGH
054470ba4011dac9,-4455,53,253,2,0.030827999114990234,17.0,0,0.85,BENIGN,INFO,lightgbm,HIGH
4303d3208a8609a0,-15907,80,2912,12,4.059689998626709,6.0,4,0.85,DoS_Hulk,HIGH,lightgbm,HIGH
08564495537ee68e,-15906,80,2912,12,4.060519218444824,6.0,4,0.85,DoS_Hulk,HIGH,lightgbm,HIGH
3848d74dc644d961,-15905,80,372,6,5.9670867919921875,6.0,4,0.85,DoS_Hulk,HIGH,lightgbm,HIGH
2296193cb87cb8fa,-13012,53,404,4,0.00015211105346679688,17.0,0,0.85,BENIGN,INFO,lightgbm,HIGH
caf2c43719fc17f5,-15904,80,372,6,5.946829795837402,6.0,4,0.85,DoS_Hulk,HIGH,lightgbm,HIGH
2a5898395f353fd4,-4564,53,472,4,0.12983298301696777,17.0,0,0.85,BENIGN,INFO,lightgbm,HIGH
58e7924a85db911f,-8973,53,482,4,0.06073498725891113,17.0,0,0.85,BENIGN,INFO,lightgbm,HIGH
b934ff2e3706b73c,-3657,53,619,4,10.158537864685059,17.0,0,0.85,BENIGN,INFO,lightgbm,HIGH
5575a286691eac9e,-15903,80,428,7,3.3568379878997803,6.0,4,0.85,DoS_Hulk,HIGH,lightgbm,HIGH
c4151255b746608c,-15902,80,1873,10,0.7587149143218994,6.0,4,0.85,DoS_Hulk,HIGH,lightgbm,HIGH
3959cddc5a699d64,-14967,53,436,4,0.00016808509826660156,17.0,0,0.85,BENIGN,INFO,lightgbm,HIGH
dce5d373f215073c,-12333,53,420,4,0.030925989151000977,17.0,0,0.85,BENIGN,INFO,lightgbm,HIGH
679a56c702bb07c8,-16239,53,612,4,0.060701847076416016,17.0,0,0.85,BENIGN,INFO,lightgbm,HIGH
fc357a65654ec001,-5216,53,328,2,0.06026005744934082,17.0,0,0.85,BENIGN,INFO,lightgbm,HIGH
10e656fd3868329b,-15901,80,18646,24,0.7611191272735596,6.0,4,0.85,DoS_Hulk,HIGH,lightgbm,HIGH
1b5256bafe173eaf,-15900,80,368,6,5.871201992034912,6.0,4,0.85,DoS_Hulk,HIGH,lightgbm,HIGH
adb313b0708cc312,-7030,53,472,4,0.00017881393432617188,17.0,0,0.85,BENIGN,INFO,lightgbm,HIGH
f3c4861f24261edf,-8039,53,456,4,0.030597925186157227,17.0,0,0.85,BENIGN,INFO,lightgbm,HIGH
e830ec003b11b92a,-15899,443,83817,98,0.38005995750427246,6.0,0,0.85,BENIGN,INFO,lightgbm,HIGH
891e90917487a7a2,-15898,443,1192569,1000,1.8624348640441895,6.0,0,0.85,BENIGN,INFO,lightgbm,HIGH
b5f4aee87e0400c6,-13738,53,584,4,0.00020003318786621094,17.0,0,0.85,BENIGN,INFO,lightgbm,HIGH
8ed982b43b0c166e,-15765,53,484,4,0.03049302101135254,17.0,0,0.85,BENIGN,INFO,lightgbm,HIGH
14b63d8d956f1ae1,-15466,53,1116,4,0.09137105941772461,17.0,0,0.85,BENIGN,INFO,lightgbm,HIGH
cbacef53b226c360,-3879,53,865,4,316.9346008300781,17.0,0,0.85,BENIGN,INFO,lightgbm,HIGH
55cc0bdf426d37bd,-1036,53,1008,4,0.00027298927307128906,17.0,0,0.85,BENIGN,INFO,lightgbm,HIGH
3b92d0c761e2c27a,-9311,53,412,4,0.031209945678710938,17.0,0,0.85,BENIGN,INFO,lightgbm,HIGH
5dac5a8d05b83635,-5324,53,228,2,0.030869007110595703,17.0,0,0.85,BENIGN,INFO,lightgbm,HIGH
93ec67b9adcf25f9,-15897,443,8580,26,31.072702407836914,6.0,0,0.85,BENIGN,INFO,lightgbm,HIGH
9db4c4c190ca039b,-15896,443,7147,18,3.350214958190918,6.0,0,0.85,BENIGN,INFO,lightgbm,HIGH
39e4791511854999,-9295,53,548,4,0.12035512924194336,17.0,0,0.85,BENIGN,INFO,lightgbm,HIGH
93c038881616ad90,-8616,53,538,4,0.09043502807617188,17.0,0,0.85,BENIGN,INFO,lightgbm,HIGH
aafff1cf3c5c8564,-4909,53,291,2,0.09005093574523926,17.0,0,0.85,BENIGN,INFO,lightgbm,HIGH
6e22a4cba269f33d,-12673,53,498,4,0.03089618682861328,17.0,0,0.85,BENIGN,INFO,lightgbm,HIGH
d269df725780abb1,-5287,53,244,2,0.030508041381835938,17.0,0,0.85,BENIGN,INFO,lightgbm,HIGH
84f9184fdb26851b,-10484,53,328,4,0.0002300739288330078,17.0,0,0.85,BENIGN,INFO,lightgbm,HIGH
bfeaa796bb890b61,-356,53,336,4,0.0002079010009765625,17.0,0,0.85,BENIGN,INFO,lightgbm,HIGH
e86ad3996a19a067,-9022,53,398,4,0.030432939529418945,17.0,0,0.85,BENIGN,INFO,lightgbm,HIGH
7b07d0d2f4b03bf7,-5236,53,206,2,0.03009796142578125,17.0,0,0.85,BENIGN,INFO,lightgbm,HIGH
c0eea8d4fa4bcf74,-15895,80,1205,8,10.113085746765137,6.0,4,0.85,DoS_Hulk,HIGH,lightgbm,HIGH
c15e403b8ccbe94e,-15894,80,3614,34,116.37474822998047,6.0,4,0.85,DoS_Hulk,HIGH,lightgbm,HIGH
bcc780132ca8e4c0,-11469,53,328,4,0.00019097328186035156,17.0,0,0.85,BENIGN,INFO,lightgbm,HIGH
973d7ec51ad32139,-16127,53,336,4,0.00018215179443359375,17.0,0,0.85,BENIGN,INFO,lightgbm,HIGH
c83b4e61509d6c18,-1261,53,456,4,0.030969858169555664,17.0,0,0.85,BENIGN,INFO,lightgbm,HIGH
8c03b7f17ea1d516,-5227,53,470,4,109.35719299316406,17.0,0,0.85,BENIGN,INFO,lightgbm,HIGH
cf821915deb6e5e7,-3198,53,490,4,0.030941009521484375,17.0,0,0.85,BENIGN,INFO,lightgbm,HIGH
ebcd6d830b2d2188,-12282,53,420,4,0.0002040863037109375,17.0,0,0.85,BENIGN,INFO,lightgbm,HIGH
bc7e9a0c9fc85010,-3583,53,264,2,0.030553102493286133,17.0,0,0.85,BENIGN,INFO,lightgbm,HIGH
f42ccb911fe78d95,-3628,53,516,4,0.06059002876281738,17.0,0,0.85,BENIGN,INFO,lightgbm,HIGH
b8c0f7eea1b38a62,-3372,53,280,2,0.06018185615539551,17.0,0,0.85,BENIGN,INFO,lightgbm,HIGH
d536913b45272a05,-295,53,842,4,0.12148809432983398,17.0,0,0.85,BENIGN,INFO,lightgbm,HIGH
81d7bb131fa17c70,-3266,53,435,2,0.12096905708312988,17.0,0,0.85,BENIGN,INFO,lightgbm,HIGH
7b0725d50c2ade53,-2505,53,642,4,0.030857086181640625,17.0,0,0.85,BENIGN,INFO,lightgbm,HIGH
3134404d852706a8,-4153,53,310,2,0.03042292594909668,17.0,0,0.85,BENIGN,INFO,lightgbm,HIGH
5bf8af46a248acff,-2953,53,336,4,0.030611038208007812,17.0,0,0.85,BENIGN,INFO,lightgbm,HIGH
e059b89d0972b784,-4105,53,374,4,377.3231201171875,17.0,0,0.85,BENIGN,INFO,lightgbm,HIGH
e168e314a1584fc6,-15893,80,2716,32,115.34809875488281,6.0,4,0.85,DoS_Hulk,HIGH,lightgbm,HIGH
9ff260628681d4d3,-15892,443,9694,45,180.684326171875,6.0,0,0.85,BENIGN,INFO,lightgbm,HIGH
7c903355cb7d1f41,-15891,80,1198,8,10.140067100524902,6.0,4,0.85,DoS_Hulk,HIGH,lightgbm,HIGH
1861edc610bf8dca,-15890,80,3251,33,115.34707641601562,6.0,4,0.85,DoS_Hulk,HIGH,lightgbm,HIGH
ebd5fd98e06d7b21,-7361,53,642,4,0.03099679946899414,17.0,0,0.85,BENIGN,INFO,lightgbm,HIGH
ecf1683818974933,-4063,53,301,2,0.030562877655029297,17.0,0,0.85,BENIGN,INFO,lightgbm,HIGH
a49acb2d199c97d8,-15889,80,1230,10,0.17438101768493652,6.0,4,0.85,DoS_Hulk,HIGH,lightgbm,HIGH
de4f9c7038ed6d8b,-7614,53,564,4,0.03171491622924805,17.0,0,0.85,BENIGN,INFO,lightgbm,HIGH
c986a0bb8ce9e6ba,-3956,53,304,2,0.03128194808959961,17.0,0,0.85,BENIGN,INFO,lightgbm,HIGH
7bf3a3985ca7a9c5,-9291,443,518,7,63.101707458496094,6.0,0,0.85,BENIGN,INFO,lightgbm,HIGH
ddf43998611724ae,23072,53,352,4,0.00018906593322753906,17.0,0,0.85,BENIGN,INFO,lightgbm,HIGH
88047b980304cbd1,-28477,53,476,4,0.00019788742065429688,17.0,0,0.85,BENIGN,INFO,lightgbm,HIGH
2e633834ff1f525c,-2518,53,704,4,0.0908961296081543,17.0,0,0.85,BENIGN,INFO,lightgbm,HIGH
75748afc49a06274,-1611,53,356,4,0.030751943588256836,17.0,0,0.85,BENIGN,INFO,lightgbm,HIGH
f9f10189bbd80455,-3685,53,200,2,0.030443906784057617,17.0,0,0.85,BENIGN,INFO,lightgbm,HIGH
ba3e22b01fac00a2,-15888,80,2018,11,10.105607032775879,6.0,4,0.85,DoS_Hulk,HIGH,lightgbm,HIGH
54a11b6700236bb2,-15887,80,3509,14,10.461763381958008,6.0,4,0.85,DoS_Hulk,HIGH,lightgbm,HIGH
7b517734efe11e8d,-15886,80,2810,14,5.552828788757324,6.0,4,0.85,DoS_Hulk,HIGH,lightgbm,HIGH
5085de7533e03035,-12370,53,328,4,0.030793190002441406,17.0,0,0.85,BENIGN,INFO,lightgbm,HIGH
be941d75b8811122,-4413,53,186,2,0.0304410457611084,17.0,0,0.85,BENIGN,INFO,lightgbm,HIGH
34cfa2c227b9f253,-15885,80,372,6,5.243714809417725,6.0,4,0.85,DoS_Hulk,HIGH,lightgbm,HIGH
957075e2af2bde1e,-15884,80,4907,36,118.30899810791016,6.0,4,0.85,DoS_Hulk,HIGH,lightgbm,HIGH
e48cdbb0e4731ef9,-3675,53,548,4,0.030878067016601562,17.0,0,0.85,BENIGN,INFO,lightgbm,HIGH
5b3b027437321bb9,-11929,53,1082,4,0.061163902282714844,17.0,0,0.85,BENIGN,INFO,lightgbm,HIGH
eeb654cc42913973,-10917,53,616,4,0.06084609031677246,17.0,0,0.85,BENIGN,INFO,lightgbm,HIGH
2d9fc5580e82ab92,-3735,53,330,2,0.06038212776184082,17.0,0,0.85,BENIGN,INFO,lightgbm,HIGH
fb0affcbeabee424,-15883,80,2725,15,15.60195541381836,6.0,4,0.85,DoS_Hulk,HIGH,lightgbm,HIGH
6f411925aa81afdd,-15882,80,3295,33,115.32494354248047,6.0,4,0.85,DoS_Hulk,HIGH,lightgbm,HIGH
045891b41e0feaa0,-15881,80,4314,36,115.29006958007812,6.0,4,0.85,DoS_Hulk,HIGH,lightgbm,HIGH
6fc6ac1758bb8859,-10308,53,926,4,0.06100797653198242,17.0,0,0.85,BENIGN,INFO,lightgbm,HIGH
ed469366de70b0ec,-5097,53,485,2,0.0604090690612793,17.0,0,0.85,BENIGN,INFO,lightgbm,HIGH
0a8231f07a99fb66,-4310,53,428,4,0.03090691566467285,17.0,0,0.85,BENIGN,INFO,lightgbm,HIGH
64aae5ba1f079e58,-15880,443,7110,18,5.22641658782959,6.0,0,0.85,BENIGN,INFO,lightgbm,HIGH
702b7a9a0e2d436d,-15879,443,13413,46,115.28923797607422,6.0,0,0.85,BENIGN,INFO,lightgbm,HIGH
12ecd49e9b83061d,-15878,80,1203,10,0.10895204544067383,6.0,4,0.85,DoS_Hulk,HIGH,lightgbm,HIGH
4e541d08305e2642,-10467,53,716,4,0.0907430648803711,17.0,0,0.85,BENIGN,INFO,lightgbm,HIGH
717577eefc5def2f,-4324,53,380,2,0.09027099609375,17.0,0,0.85,BENIGN,INFO,lightgbm,HIGH
e647b606096764b8,-15877,80,1496,11,3.5040290355682373,6.0,4,0.85,DoS_Hulk,HIGH,lightgbm,HIGH
5f0618bf45ffe46d,-1357,53,474,4,0.03143000602722168,17.0,0,0.85,BENIGN,INFO,lightgbm,HIGH
066d9c883460a4f5,-15876,80,1929,21,60.33721923828125,6.0,4,0.85,DoS_Hulk,HIGH,lightgbm,HIGH
cf15ba24327b176c,-8113,53,486,4,0.03077101707458496,17.0,0,0.85,BENIGN,INFO,lightgbm,HIGH
3edcfdc0222c22a7,-3859,53,434,4,108.69005584716797,17.0,0,0.85,BENIGN,INFO,lightgbm,HIGH
73af796ba8a45a84,-16036,53,734,4,0.061412811279296875,17.0,0,0.85,BENIGN,INFO,lightgbm,HIGH
8476faae22a85a97,-4985,53,389,2,0.06071186065673828,17.0,0,0.85,BENIGN,INFO,lightgbm,HIGH
7221e3360e98d9db,-15875,80,2583,26,60.91127014160156,6.0,4,0.85,DoS_Hulk,HIGH,lightgbm,HIGH
4ef33644ab1a87cc,-13509,53,352,4,0.031002044677734375,17.0,0,0.85,BENIGN,INFO,lightgbm,HIGH
6ae995f1edbbc96c,-9841,53,504,4,0.12163209915161133,17.0,0,0.85,BENIGN,INFO,lightgbm,HIGH
82abeac69d2d330d,-4887,53,198,2,0.030627012252807617,17.0,0,0.85,BENIGN,INFO,lightgbm,HIGH
2b49e04e527e29e0,-4609,53,515,4,0.1210629940032959,17.0,0,0.85,BENIGN,INFO,lightgbm,HIGH
964262b9e85fa3ff,-14916,53,340,4,0.03101491928100586,17.0,0,0.85,BENIGN,INFO,lightgbm,HIGH
de3726707cafa0cf,-4856,53,192,2,0.03070521354675293,17.0,0,0.85,BENIGN,INFO,lightgbm,HIGH
f4877a8f72687bfb,-15874,80,1375,8,0.2106919288635254,6.0,4,0.85,DoS_Hulk,HIGH,lightgbm,HIGH
1a9143a016f7a2bf,-224,53,720,4,0.06093096733093262,17.0,0,0.85,BENIGN,INFO,lightgbm,HIGH
e30a266c68a7a81d,-4643,53,382,2,0.06047201156616211,17.0,0,0.85,BENIGN,INFO,lightgbm,HIGH
79ded4b25f8f8963,-15873,80,1467,11,10.074470520019531,6.0,4,0.85,DoS_Hulk,HIGH,lightgbm,HIGH
97730389667e0313,20455,53,562,4,0.00021004676818847656,17.0,0,0.85,BENIGN,INFO,lightgbm,HIGH
577ac87ce54b9381,26819,53,614,4,0.0002701282501220703,17.0,0,0.85,BENIGN,INFO,lightgbm,HIGH
0a1444beeddfd9c3,-13301,53,446,4,0.0911109447479248,17.0,0,0.85,BENIGN,INFO,lightgbm,HIGH
df95d62033382a03,-14651,53,438,4,0.06169891357421875,17.0,0,0.85,BENIGN,INFO,lightgbm,HIGH
ecdc432849d389cd,-3978,53,496,4,9.961502075195312,17.0,0,0.85,BENIGN,INFO,lightgbm,HIGH
5814bf2b698b5026,-845,53,382,4,0.0326848030090332,17.0,0,0.85,BENIGN,INFO,lightgbm,HIGH
59d030ab8bed0af6,-4898,53,200,2,0.032319068908691406,17.0,0,0.85,BENIGN,INFO,lightgbm,HIGH
e435b6e78da76eef,-2521,53,422,4,0.061302900314331055,17.0,0,0.85,BENIGN,INFO,lightgbm,HIGH
06bb6e8e6a9aa350,-15872,80,4193,26,61.544403076171875,6.0,4,0.85,DoS_Hulk,HIGH,lightgbm,HIGH
b341017fb8401b3b,-15871,80,3450,26,65.71073150634766,6.0,4,0.85,DoS_Hulk,HIGH,lightgbm,HIGH
8434df395e00d491,-14579,53,722,4,0.061120033264160156,17.0,0,0.85,BENIGN,INFO,lightgbm,HIGH
13f80e95fe0ed528,-3558,53,552,4,328.3450927734375,17.0,0,0.85,BENIGN,INFO,lightgbm,HIGH
68446adaa2964bb0,-9466,53,344,4,0.030826091766357422,17.0,0,0.85,BENIGN,INFO,lightgbm,HIGH
ff5ea6f3108a045d,-4971,53,194,2,0.0305178165435791,17.0,0,0.85,BENIGN,INFO,lightgbm,HIGH
1dc5e6aca20e0ae2,-8768,53,682,4,0.06333613395690918,17.0,0,0.85,BENIGN,INFO,lightgbm,HIGH
6d40ffa40e0b7aac,-10882,53,324,4,0.030903100967407227,17.0,0,0.85,BENIGN,INFO,lightgbm,HIGH
467611bcc9e91a5f,-4982,53,370,4,382.9649963378906,17.0,0,0.85,BENIGN,INFO,lightgbm,HIGH
5cb2920bf20da56d,-15870,443,7925,22,6.15057373046875,6.0,0,0.85,BENIGN,INFO,lightgbm,HIGH
ccaabfe3de0fa144,-15869,443,5529,18,5.563831329345703,6.0,0,0.85,BENIGN,INFO,lightgbm,HIGH
2edd7a33a8ee89a8,-7266,53,382,4,0.0632028579711914,17.0,0,0.85,BENIGN,INFO,lightgbm,HIGH
a9013c42d9b35644,-843,53,504,4,0.033123016357421875,17.0,0,0.85,BENIGN,INFO,lightgbm,HIGH
e8b196c1e1c499a6,-14180,53,348,4,0.03210186958312988,17.0,0,0.85,BENIGN,INFO,lightgbm,HIGH
f3cdf8464ff85466,-13549,53,486,4,0.09709310531616211,17.0,0,0.85,BENIGN,INFO,lightgbm,HIGH
c6928197ab9b4169,-5042,53,265,2,0.09675288200378418,17.0,0,0.85,BENIGN,INFO,lightgbm,HIGH
1960173d6e46f43a,-15868,80,3180,32,116.1461181640625,6.0,4,0.85,DoS_Hulk,HIGH,lightgbm,HIGH
e7a7332f344074cf,-15867,80,1827,11,5.073105812072754,6.0,4,0.85,DoS_Hulk,HIGH,lightgbm,HIGH
2167d9a3b094a1a3,-9327,53,532,4,0.1229250431060791,17.0,0,0.85,BENIGN,INFO,lightgbm,HIGH
1c310b4c6d0ad1a8,-3559,53,288,2,0.1225748062133789,17.0,0,0.85,BENIGN,INFO,lightgbm,HIGH
488d95130797b9b3,-15866,80,2313,23,60.53810119628906,6.0,4,0.85,DoS_Hulk,HIGH,lightgbm,HIGH
b46eeea56a14ec42,-14025,53,910,4,0.03145408630371094,17.0,0,0.85,BENIGN,INFO,lightgbm,HIGH
8e529e2f66482efd,-3739,53,477,2,0.03093099594116211,17.0,0,0.85,BENIGN,INFO,lightgbm,HIGH
106153369c81c689,-15865,80,1423,8,0.1705329418182373,6.0,4,0.85,DoS_Hulk,HIGH,lightgbm,HIGH
4507465c9d0b4a25,-8030,53,444,4,0.0001621246337890625,17.0,0,0.85,BENIGN,INFO,lightgbm,HIGH
fd2599d260732c32,-10686,53,512,4,0.03221893310546875,17.0,0,0.85,BENIGN,INFO,lightgbm,HIGH
cc5e047bfb750a11,-6386,53,368,4,0.00011491775512695312,17.0,0,0.85,BENIGN,INFO,lightgbm,HIGH
281478a086780dc0,-5499,53,484,4,0.00018215179443359375,17.0,0,0.85,BENIGN,INFO,lightgbm,HIGH
473b23641b106578,-1070,53,456,4,0.0014870166778564453,17.0,0,0.85,BENIGN,INFO,lightgbm,HIGH
4d0abf0e2f96bb5a,-2642,53,500,4,0.031649112701416016,17.0,0,0.85,BENIGN,INFO,lightgbm,HIGH
66ed33ee3e18af0a,-5176,53,250,2,0.0011069774627685547,17.0,0,0.85,BENIGN,INFO,lightgbm,HIGH
015bf657e25adbbb,-5043,53,272,2,0.03126096725463867,17.0,0,0.85,BENIGN,INFO,lightgbm,HIGH
a01036ff296134bf,-35,53,576,4,0.00021910667419433594,17.0,0,0.85,BENIGN,INFO,lightgbm,HIGH
b7af347e3100a53a,-5818,53,450,4,0.030829191207885742,17.0,0,0.85,BENIGN,INFO,lightgbm,HIGH
07cef01669b30395,-4564,53,754,6,313.2868347167969,17.0,0,0.85,BENIGN,INFO,lightgbm,HIGH
8304704bbdaae275,-15864,80,6121,81,360.1125183105469,6.0,4,0.85,DoS_Hulk,HIGH,lightgbm,HIGH
6bd8cc91d91d1761,-15863,80,1508,11,2.9787659645080566,6.0,4,0.85,DoS_Hulk,HIGH,lightgbm,HIGH
247ecef144ce05bf,-15862,80,5121,19,5.717594146728516,6.0,4,0.85,DoS_Hulk,HIGH,lightgbm,HIGH
7bd5f4ac23e8c987,-15861,443,5545,18,5.496628761291504,6.0,0,0.85,BENIGN,INFO,lightgbm,HIGH
ed70b5701982aa3b,-9290,443,518,7,63.107086181640625,6.0,0,0.85,BENIGN,INFO,lightgbm,HIGH
7846488d5fe2a09a,-32222,53,352,4,0.00012302398681640625,17.0,0,0.85,BENIGN,INFO,lightgbm,HIGH
36ef890aec5f35b9,-15860,80,2573,31,116.06105041503906,6.0,4,0.85,DoS_Hulk,HIGH,lightgbm,HIGH
b21ac2209c6ec176,-6998,53,336,4,0.00015401840209960938,17.0,0,0.85,BENIGN,INFO,lightgbm,HIGH
82218592928532ca,-9706,53,538,4,0.00018787384033203125,17.0,0,0.85,BENIGN,INFO,lightgbm,HIGH
a9c07c852823511e,-15859,80,3606,14,1.4700229167938232,6.0,4,0.85,DoS_Hulk,HIGH,lightgbm,HIGH
e34575c99205fa1a,-3714,53,484,4,0.00020694732666015625,17.0,0,0.85,BENIGN,INFO,lightgbm,HIGH
d4b422ef4f2c389c,-5575,53,434,4,0.030573129653930664,17.0,0,0.85,BENIGN,INFO,lightgbm,HIGH
9351439e6f556c93,-4510,53,239,2,0.03021097183227539,17.0,0,0.85,BENIGN,INFO,lightgbm,HIGH
9ae0f51e99e4b009,-7817,53,376,4,0.0002009868621826172,17.0,0,0.85,BENIGN,INFO,lightgbm,HIGH
c9b4257b8a50de7e,-2070,53,418,4,0.030930042266845703,17.0,0,0.85,BENIGN,INFO,lightgbm,HIGH
967ebe1b29305864,-4030,53,231,2,0.03055095672607422,17.0,0,0.85,BENIGN,INFO,lightgbm,HIGH
c938dae81171d328,-14488,53,436,4,0.03099513053894043,17.0,0,0.85,BENIGN,INFO,lightgbm,HIGH
9b6886c0b3170e53,-15858,80,2672,33,116.04135131835938,6.0,4,0.85,DoS_Hulk,HIGH,lightgbm,HIGH
a8a9ae2dd801bef4,-15857,80,1798,17,35.505130767822266,6.0,4,0.85,DoS_Hulk,HIGH,lightgbm,HIGH
ba4c359aeebf4359,-15856,80,4459,26,61.15171432495117,6.0,4,0.85,DoS_Hulk,HIGH,lightgbm,HIGH
0a806656f725fec0,-881,53,452,4,0.00018095970153808594,17.0,0,0.85,BENIGN,INFO,lightgbm,HIGH
d0e413812b788131,-11875,53,444,4,0.00016188621520996094,17.0,0,0.85,BENIGN,INFO,lightgbm,HIGH
b16abf710a889999,-1141,53,436,4,0.00019097328186035156,17.0,0,0.85,BENIGN,INFO,lightgbm,HIGH
23dd4dc310268eb0,-3458,53,472,4,0.031078100204467773,17.0,0,0.85,BENIGN,INFO,lightgbm,HIGH
28b126d711e3416d,-5179,53,258,2,0.03063488006591797,17.0,0,0.85,BENIGN,INFO,lightgbm,HIGH
eb64c026154d68ab,-14003,53,548,4,0.00023221969604492188,17.0,0,0.85,BENIGN,INFO,lightgbm,HIGH
22f34682220a2a9a,-13939,53,356,4,0.0001590251922607422,17.0,0,0.85,BENIGN,INFO,lightgbm,HIGH
efc5fbfe3ac5368b,-15855,80,2173,9,0.10237693786621094,6.0,4,0.85,DoS_Hulk,HIGH,lightgbm,HIGH
7430d7c1111a5498,-16339,53,444,4,0.0001690387725830078,17.0,0,0.85,BENIGN,INFO,lightgbm,HIGH
bdbe1199026ffc9a,-12232,53,452,4,0.030877113342285156,17.0,0,0.85,BENIGN,INFO,lightgbm,HIGH
e22346d381aabb45,-4329,53,248,2,0.030514955520629883,17.0,0,0.85,BENIGN,INFO,lightgbm,HIGH
240028ddd88aa3ae,-7514,53,534,4,0.0315399169921875,17.0,0,0.85,BENIGN,INFO,lightgbm,HIGH
2990db499d8e3eec,-15854,80,2892,32,115.99118041992188,6.0,4,0.85,DoS_Hulk,HIGH,lightgbm,HIGH
ae706e139673da87,-4752,53,328,4,0.00014901161193847656,17.0,0,0.85,BENIGN,INFO,lightgbm,HIGH
2a7d800d6819b4e0,-936,53,426,4,0.0311129093170166,17.0,0,0.85,BENIGN,INFO,lightgbm,HIGH
66bd14b92c9f60a1,-5455,53,235,2,0.03069901466369629,17.0,0,0.85,BENIGN,INFO,lightgbm,HIGH
7b2ad14dc2fdd779,-4125,53,548,4,0.0001990795135498047,17.0,0,0.85,BENIGN,INFO,lightgbm,HIGH
6d864c341d419b1d,-7816,53,462,4,0.030878067016601562,17.0,0,0.85,BENIGN,INFO,lightgbm,HIGH
00a5ef0c9d43e21a,-3085,53,253,2,0.0305330753326416,17.0,0,0.85,BENIGN,INFO,lightgbm,HIGH
e546134c483678a4,-4459,53,428,4,0.0002090930938720703,17.0,0,0.85,BENIGN,INFO,lightgbm,HIGH
d96d0bf37f5bf714,-13189,53,452,4,0.00019407272338867188,17.0,0,0.85,BENIGN,INFO,lightgbm,HIGH
a2a9536f4de53002,-1162,53,688,4,0.00022101402282714844,17.0,0,0.85,BENIGN,INFO,lightgbm,HIGH
191e98a2d7542be1,-11029,53,596,4,0.03081202507019043,17.0,0,0.85,BENIGN,INFO,lightgbm,HIGH
8af90b655aec3c2b,-4480,53,846,6,317.2281494140625,17.0,0,0.85,BENIGN,INFO,lightgbm,HIGH
a33fc06d01a030d6,-15853,80,6287,21,5.781581878662109,6.0,4,0.85,DoS_Hulk,HIGH,lightgbm,HIGH
2f06ba86a70e2bdb,-15852,80,2818,31,115.94954681396484,6.0,4,0.85,DoS_Hulk,HIGH,lightgbm,HIGH
76182cf077ca5138,-9813,53,316,4,0.3073921203613281,17.0,0,0.85,BENIGN,INFO,lightgbm,HIGH
32fca824d4f8b29e,5357,53,372,4,0.19922399520874023,17.0,0,0.85,BENIGN,INFO,lightgbm,HIGH
d76c5eba8376e709,-6722,53,444,4,0.00017499923706054688,17.0,0,0.85,BENIGN,INFO,lightgbm,HIGH
d1db33a485ad0057,-6399,53,460,4,0.03087306022644043,17.0,0,0.85,BENIGN,INFO,lightgbm,HIGH
91c79e1e37ea538e,-4613,53,252,2,0.03050518035888672,17.0,0,0.85,BENIGN,INFO,lightgbm,HIGH
8e6cf0b493ed09ef,-6565,53,968,4,0.000308990478515625,17.0,0,0.85,BENIGN,INFO,lightgbm,HIGH
fad5ef24e8b21215,-6415,53,452,4,0.00016498565673828125,17.0,0,0.85,BENIGN,INFO,lightgbm,HIGH
6c84073e2ceac8c3,-2847,53,588,4,0.0002009868621826172,17.0,0,0.85,BENIGN,INFO,lightgbm,HIGH
ae34b6bd63fb0d72,-9535,53,632,4,0.00021910667419433594,17.0,0,0.85,BENIGN,INFO,lightgbm,HIGH
8404a3a284cea3f4,-718,53,486,4,0.0309598445892334,17.0,0,0.85,BENIGN,INFO,lightgbm,HIGH
14f4884091b8b05e,-5056,53,265,2,0.030603885650634766,17.0,0,0.85,BENIGN,INFO,lightgbm,HIGH
096380121774529a,-6768,53,508,4,0.03105306625366211,17.0,0,0.85,BENIGN,INFO,lightgbm,HIGH
cedf94fb8b79367c,-4011,53,276,2,0.0307159423828125,17.0,0,0.85,BENIGN,INFO,lightgbm,HIGH
e57ebbc257a7c17a,-15851,80,2006,21,60.18067932128906,6.0,4,0.85,DoS_Hulk,HIGH,lightgbm,HIGH
c9ac90722e5572f3,-15850,443,8936,40,91.69718170166016,6.0,0,0.85,BENIGN,INFO,lightgbm,HIGH
774fbaa0efa90796,-15849,80,2753,13,5.4803009033203125,6.0,4,0.85,DoS_Hulk,HIGH,lightgbm,HIGH
fd76491dc5859b88,-15139,53,352,4,0.00015211105346679688,17.0,0,0.85,BENIGN,INFO,lightgbm,HIGH
77ee19a9bf3f8f5f,-9760,53,340,4,0.0001571178436279297,17.0,0,0.85,BENIGN,INFO,lightgbm,HIGH
ec81447bb156f376,-15848,80,3773,15,5.514492034912109,6.0,4,0.85,DoS_Hulk,HIGH,lightgbm,HIGH
8878ebb4bd86db99,-23,53,896,4,0.0002930164337158203,17.0,0,0.85,BENIGN,INFO,lightgbm,HIGH
34d1599c97693d5e,-16240,53,472,4,0.03157496452331543,17.0,0,0.85,BENIGN,INFO,lightgbm,HIGH
66e0fc45bb4d3eb2,-3571,53,504,4,8.145686149597168,17.0,0,0.85,BENIGN,INFO,lightgbm,HIGH
d91632c6e5c72378,-15289,53,480,4,0.03213906288146973,17.0,0,0.85,BENIGN,INFO,lightgbm,HIGH
a030550bfd873df3,-4978,53,262,2,0.03177595138549805,17.0,0,0.85,BENIGN,INFO,lightgbm,HIGH
a38ec3aa639ca5ef,-16056,53,488,4,0.0002110004425048828,17.0,0,0.85,BENIGN,INFO,lightgbm,HIGH
3d748f9e5a664e24,-11605,53,464,4,0.00018095970153808594,17.0,0,0.85,BENIGN,INFO,lightgbm,HIGH
dbd524587889910e,-1380,53,486,4,0.030918121337890625,17.0,0,0.85,BENIGN,INFO,lightgbm,HIGH
e9fcb554085af02f,-15847,80,5064,34,115.88127136230469,6.0,4,0.85,DoS_Hulk,HIGH,lightgbm,HIGH
296521aab44d315f,-142,53,724,4,0.0002200603485107422,17.0,0,0.85,BENIGN,INFO,lightgbm,HIGH
d96efcafe257e55b,-15846,80,1386,10,0.3732590675354004,6.0,4,0.85,DoS_Hulk,HIGH,lightgbm,HIGH
e5a3d5441f139e6d,-7462,53,632,4,0.030855178833007812,17.0,0,0.85,BENIGN,INFO,lightgbm,HIGH
b0ff97d94710e5b3,-1409,53,692,4,0.0002129077911376953,17.0,0,0.85,BENIGN,INFO,lightgbm,HIGH
4d6ee04bbaef37c6,-7182,53,356,4,0.00016117095947265625,17.0,0,0.85,BENIGN,INFO,lightgbm,HIGH
ea5606d791777331,-14617,53,600,4,0.03083491325378418,17.0,0,0.85,BENIGN,INFO,lightgbm,HIGH
3230cb81f556e9ea,-4069,53,322,2,0.03047013282775879,17.0,0,0.85,BENIGN,INFO,lightgbm,HIGH
3573ab1503599fef,-5085,53,456,4,0.03143596649169922,17.0,0,0.85,BENIGN,INFO,lightgbm,HIGH
e6af4e083e1875cf,-3536,53,250,2,0.031098127365112305,17.0,0,0.85,BENIGN,INFO,lightgbm,HIGH
2c5ea0a1a49ee810,-11793,53,612,4,0.061180830001831055,17.0,0,0.85,BENIGN,INFO,lightgbm,HIGH
90f0243b4e096aab,-11233,53,446,4,0.09142684936523438,17.0,0,0.85,BENIGN,INFO,lightgbm,HIGH
16a0c7dce8da519d,-537,53,760,4,0.0002779960632324219,17.0,0,0.85,BENIGN,INFO,lightgbm,HIGH
b2c587c44b1b5f6b,-1047,53,520,4,0.060906171798706055,17.0,0,0.85,BENIGN,INFO,lightgbm,HIGH
4a75dfc5bee278b5,-13721,53,668,4,0.031161785125732422,17.0,0,0.85,BENIGN,INFO,lightgbm,HIGH
1466d782b8a56eb6,-3847,53,876,6,384.1834411621094,17.0,0,0.85,BENIGN,INFO,lightgbm,HIGH
3bebead111447698,-15636,53,768,4,0.03089308738708496,17.0,0,0.85,BENIGN,INFO,lightgbm,HIGH
78c9caeedc181a2d,-5087,53,360,4,0.00019598007202148438,17.0,0,0.85,BENIGN,INFO,lightgbm,HIGH
d5c4fb038265ab75,-3631,53,372,2,0.030421972274780273,17.0,0,0.85,BENIGN,INFO,lightgbm,HIGH
957485106196da67,-5523,53,344,4,0.000186920166015625,17.0,0,0.85,BENIGN,INFO,lightgbm,HIGH
cf1436a8e7bd2b76,-13645,53,468,4,0.03148603439331055,17.0,0,0.85,BENIGN,INFO,lightgbm,HIGH
0a0acff3362d7edb,-4628,53,256,2,0.031161785125732422,17.0,0,0.85,BENIGN,INFO,lightgbm,HIGH
778d71e2eac61261,-3647,53,482,4,0.031449079513549805,17.0,0,0.85,BENIGN,INFO,lightgbm,HIGH
5e07b64f798f8471,-15845,80,368,6,5.764761924743652,6.0,4,0.85,DoS_Hulk,HIGH,lightgbm,HIGH
046e93df0e27bc9d,-15844,80,3391,26,61.09423828125,6.0,4,0.85,DoS_Hulk,HIGH,lightgbm,HIGH
53398d69e37aebec,-12067,53,430,4,0.06072807312011719,17.0,0,0.85,BENIGN,INFO,lightgbm,HIGH
2c293f4e4b76bccb,-3256,53,237,2,0.06038379669189453,17.0,0,0.85,BENIGN,INFO,lightgbm,HIGH
aa4930d4e97b168a,-5252,53,700,4,0.061216115951538086,17.0,0,0.85,BENIGN,INFO,lightgbm,HIGH
da2e722d83063748,-15843,80,1478,10,0.08904004096984863,6.0,4,0.85,DoS_Hulk,HIGH,lightgbm,HIGH
4fc17d3c7b25c840,-10575,53,388,4,0.00015497207641601562,17.0,0,0.85,BENIGN,INFO,lightgbm,HIGH
b0373efddee94179,-11590,53,324,4,0.000186920166015625,17.0,0,0.85,BENIGN,INFO,lightgbm,HIGH
0f49bb7ad3b46557,-13993,53,688,4,0.00019097328186035156,17.0,0,0.85,BENIGN,INFO,lightgbm,HIGH
9628aab46956ee84,-8938,53,398,4,0.03130197525024414,17.0,0,0.85,BENIGN,INFO,lightgbm,HIGH
fdf4095bf522c70d,-4772,53,221,2,0.03093695640563965,17.0,0,0.85,BENIGN,INFO,lightgbm,HIGH
ddcd2271b366e382,-7958,53,530,4,0.03126716613769531,17.0,0,0.85,BENIGN,INFO,lightgbm,HIGH
cef01ab7afd0a68a,-4873,53,287,2,0.030939102172851562,17.0,0,0.85,BENIGN,INFO,lightgbm,HIGH
1fa21f4af3a05136,-13235,53,596,4,0.031355857849121094,17.0,0,0.85,BENIGN,INFO,lightgbm,HIGH
2d1afb19523bd9de,-15842,80,2127,13,15.303190231323242,6.0,4,0.85,DoS_Hulk,HIGH,lightgbm,HIGH
f6efa8c8166222d3,-15841,443,8033,39,181.1107177734375,6.0,0,0.85,BENIGN,INFO,lightgbm,HIGH
75ef295cde61112e,-15840,80,2938,12,4.062849998474121,6.0,4,0.85,DoS_Hulk,HIGH,lightgbm,HIGH
6964296c94e1b1c9,-15839,80,2938,12,4.061615943908691,6.0,4,0.85,DoS_Hulk,HIGH,lightgbm,HIGH
c11c879b4937b04f,-15838,443,14206,48,115.73822784423828,6.0,0,0.85,BENIGN,INFO,lightgbm,HIGH
b65428aecc0b06ba,-7737,53,364,4,0.0001590251922607422,17.0,0,0.85,BENIGN,INFO,lightgbm,HIGH
c2211eadd828ddf0,-15837,80,1775,12,0.1918790340423584,6.0,4,0.85,DoS_Hulk,HIGH,lightgbm,HIGH
2e05cea150e62780,-15836,443,4940,16,5.681836128234863,6.0,0,0.85,BENIGN,INFO,lightgbm,HIGH
df77522318181f26,-15661,53,360,4,0.00015497207641601562,17.0,0,0.85,BENIGN,INFO,lightgbm,HIGH
11b080bbda0292d9,-10916,53,462,4,0.0009360313415527344,17.0,0,0.85,BENIGN,INFO,lightgbm,HIGH
0f779022af293647,-4639,53,253,2,0.0005600452423095703,17.0,0,0.85,BENIGN,INFO,lightgbm,HIGH
e9bf531e69ad5c51,-13127,53,448,4,0.03109598159790039,17.0,0,0.85,BENIGN,INFO,lightgbm,HIGH
45e00d569d0102db,-3159,53,246,2,0.03072810173034668,17.0,0,0.85,BENIGN,INFO,lightgbm,HIGH
b5438121caac4893,-13404,53,504,4,0.0002129077911376953,17.0,0,0.85,BENIGN,INFO,lightgbm,HIGH
2ad3c9d811f3290b,-532,53,348,4,0.000164031982421875,17.0,0,0.85,BENIGN,INFO,lightgbm,HIGH
dcb7451ae260cfe3,-15835,80,3722,25,61.102291107177734,6.0,4,0.85,DoS_Hulk,HIGH,lightgbm,HIGH
75f3d79c5931e74e,-237,53,488,4,0.2248058319091797,17.0,0,0.85,BENIGN,INFO,lightgbm,HIGH
61b3d5758c19f155,-4100,53,266,2,0.2244400978088379,17.0,0,0.85,BENIGN,INFO,lightgbm,HIGH
58d0ba56080f8106,-13084,53,436,4,0.031193017959594727,17.0,0,0.85,BENIGN,INFO,lightgbm,HIGH
21c8cd2399653e74,-3935,53,240,2,0.030857086181640625,17.0,0,0.85,BENIGN,INFO,lightgbm,HIGH
2a356227c625a507,-13870,443,8128,45,116.70252227783203,6.0,0,0.85,BENIGN,INFO,lightgbm,HIGH
daaeaac309f11ef6,-16134,53,420,4,0.03068089485168457,17.0,0,0.85,BENIGN,INFO,lightgbm,HIGH
6c2257dde8a82bfe,-9292,53,402,4,0.060925960540771484,17.0,0,0.85,BENIGN,INFO,lightgbm,HIGH
d708cbbad582a36e,-3374,53,806,6,314.9071960449219,17.0,0,0.85,BENIGN,INFO,lightgbm,HIGH
550f74355729a8b2,-8966,53,486,4,0.062050819396972656,17.0,0,0.85,BENIGN,INFO,lightgbm,HIGH
4d53165ca88ec174,-5105,53,265,2,0.06158089637756348,17.0,0,0.85,BENIGN,INFO,lightgbm,HIGH
d7b0abbed5185b01,-2740,53,688,4,0.0002090930938720703,17.0,0,0.85,BENIGN,INFO,lightgbm,HIGH
a226607a9b6aeb96,-15834,80,1231,10,0.38062310218811035,6.0,4,0.85,DoS_Hulk,HIGH,lightgbm,HIGH
c0bb8942e1c51e49,-15833,80,1134,10,0.7617778778076172,6.0,4,0.85,DoS_Hulk,HIGH,lightgbm,HIGH
74642ef154485ca7,-3564,53,320,2,0.03127288818359375,17.0,0,0.85,BENIGN,INFO,lightgbm,HIGH
9f43a303ca4e4776,-15601,53,356,4,0.0001690387725830078,17.0,0,0.85,BENIGN,INFO,lightgbm,HIGH
643d8b00d94f5cfa,-15832,443,8116,33,60.73126220703125,6.0,0,0.85,BENIGN,INFO,lightgbm,HIGH
c992e9c6545123be,-15831,443,8244,32,60.731014251708984,6.0,0,0.85,BENIGN,INFO,lightgbm,HIGH
7242562b9984867b,-15830,443,7921,30,60.73150634765625,6.0,0,0.85,BENIGN,INFO,lightgbm,HIGH
50ba0187f234311c,-15829,443,8885,45,115.6139144897461,6.0,0,0.85,BENIGN,INFO,lightgbm,HIGH
c55039a8ba017c33,-15828,443,9854,46,116.61474609375,6.0,0,0.85,BENIGN,INFO,lightgbm,HIGH
75cf8d0a50ad79a5,-3122,53,398,4,0.030992984771728516,17.0,0,0.85,BENIGN,INFO,lightgbm,HIGH
68d55c2e417f17a3,-4990,53,456,4,0.03153204917907715,17.0,0,0.85,BENIGN,INFO,lightgbm,HIGH
86cc68861a82875d,-5141,53,526,4,119.02363586425781,17.0,0,0.85,BENIGN,INFO,lightgbm,HIGH
168c7c920eb59ee8,-4697,53,250,2,0.031195878982543945,17.0,0,0.85,BENIGN,INFO,lightgbm,HIGH
ed6571d167ad89be,-13222,53,360,4,0.00015807151794433594,17.0,0,0.85,BENIGN,INFO,lightgbm,HIGH
553a9f621f5d0740,-11388,53,616,4,0.031419992446899414,17.0,0,0.85,BENIGN,INFO,lightgbm,HIGH
c98612afe495d69a,-4372,53,330,2,0.030983924865722656,17.0,0,0.85,BENIGN,INFO,lightgbm,HIGH
f1d5833aeba355cf,-10696,53,450,4,0.031562089920043945,17.0,0,0.85,BENIGN,INFO,lightgbm,HIGH
ed57ff3be5c0533a,-5258,53,247,2,0.03124094009399414,17.0,0,0.85,BENIGN,INFO,lightgbm,HIGH
7fce44ab935f1167,-12853,53,700,4,0.00019812583923339844,17.0,0,0.85,BENIGN,INFO,lightgbm,HIGH
f5c15c7fe948a30b,-7031,53,600,4,0.031183958053588867,17.0,0,0.85,BENIGN,INFO,lightgbm,HIGH
f226b9fbe47b0d45,-2994,53,322,2,0.03088092803955078,17.0,0,0.85,BENIGN,INFO,lightgbm,HIGH
7bbdf43df1be21ce,-15689,53,584,4,0.00019407272338867188,17.0,0,0.85,BENIGN,INFO,lightgbm,HIGH
f2593443ed6c9bf1,-15827,80,3303,21,60.47917175292969,6.0,4,0.85,DoS_Hulk,HIGH,lightgbm,HIGH
c72638ecb287ceb5,-12766,53,496,4,0.03108811378479004,17.0,0,0.85,BENIGN,INFO,lightgbm,HIGH
1ea05d171209f443,-4306,53,270,2,0.030737876892089844,17.0,0,0.85,BENIGN,INFO,lightgbm,HIGH
a1a44276f0b65aa3,-6406,53,418,4,0.06076407432556152,17.0,0,0.85,BENIGN,INFO,lightgbm,HIGH
01bef7ddc49bb41e,-5776,53,420,4,0.00016999244689941406,17.0,0,0.85,BENIGN,INFO,lightgbm,HIGH
adb68067eacf5af6,-15362,53,436,4,0.030969858169555664,17.0,0,0.85,BENIGN,INFO,lightgbm,HIGH
4aa2496598752914,-3528,53,484,4,10.842636108398438,17.0,0,0.85,BENIGN,INFO,lightgbm,HIGH
4b1382c692663d38,-15826,80,3303,21,60.44462585449219,6.0,4,0.85,DoS_Hulk,HIGH,lightgbm,HIGH
54b6e4a11d9e528d,-6234,53,388,4,0.00015401840209960938,17.0,0,0.85,BENIGN,INFO,lightgbm,HIGH
36931fc10dd33f4c,-14411,53,518,4,0.030944108963012695,17.0,0,0.85,BENIGN,INFO,lightgbm,HIGH
6fbfdcc9fea1f86a,-4724,53,281,2,0.03058004379272461,17.0,0,0.85,BENIGN,INFO,lightgbm,HIGH
ee221d8dbc67db9a,-15405,53,360,4,0.00014901161193847656,17.0,0,0.85,BENIGN,INFO,lightgbm,HIGH
b7c211781d235cc7,-8237,53,448,4,0.030858993530273438,17.0,0,0.85,BENIGN,INFO,lightgbm,HIGH
3f7719aa75d87dbd,-5148,53,246,2,0.03054213523864746,17.0,0,0.85,BENIGN,INFO,lightgbm,HIGH
b2ccaadea67f0a66,-15825,80,3491,32,115.41732025146484,6.0,4,0.85,DoS_Hulk,HIGH,lightgbm,HIGH
db6296502dac1af9,-14128,53,700,4,0.00023508071899414062,17.0,0,0.85,BENIGN,INFO,lightgbm,HIGH
a6f9393decdf6f71,-6952,53,420,4,0.00019693374633789062,17.0,0,0.85,BENIGN,INFO,lightgbm,HIGH
9f894f69f32b09a2,-12793,53,704,4,0.00023889541625976562,17.0,0,0.85,BENIGN,INFO,lightgbm,HIGH
14333a66d9f806d1,-11429,53,436,4,0.030842065811157227,17.0,0,0.85,BENIGN,INFO,lightgbm,HIGH
0c49c47e2af8606a,-4348,53,612,4,0.030634164810180664,17.0,0,0.85,BENIGN,INFO,lightgbm,HIGH
f0075a94ddb8a1e8,-14507,53,600,4,0.031103849411010742,17.0,0,0.85,BENIGN,INFO,lightgbm,HIGH
e5673e88ccdc4185,-4546,53,322,2,0.03062582015991211,17.0,0,0.85,BENIGN,INFO,lightgbm,HIGH
119b0f3b4533a80f,-15824,80,1748,16,23.15721321105957,6.0,4,0.85,DoS_Hulk,HIGH,lightgbm,HIGH
2d7f8dd237f7e3da,-15823,80,1675,9,0.1566009521484375,6.0,4,0.85,DoS_Hulk,HIGH,lightgbm,HIGH
98147460d5705f60,-15822,80,2802,13,15.641257286071777,6.0,4,0.85,DoS_Hulk,HIGH,lightgbm,HIGH
24b781bed17cd435,-15821,80,504,8,5.239288330078125,6.0,4,0.85,DoS_Hulk,HIGH,lightgbm,HIGH
d5d81086c3f25285,-15820,80,3410,32,115.29778289794922,6.0,4,0.85,DoS_Hulk,HIGH,lightgbm,HIGH
fd3ea01f5b027448,-15819,80,3410,32,115.29766082763672,6.0,4,0.85,DoS_Hulk,HIGH,lightgbm,HIGH
cd1f8f950eab9047,-3697,53,372,4,0.00015997886657714844,17.0,0,0.85,BENIGN,INFO,lightgbm,HIGH
61b717d984315b7c,-6059,53,436,4,0.000164031982421875,17.0,0,0.85,BENIGN,INFO,lightgbm,HIGH
eaac5a09d4b581d8,-6076,53,496,4,0.030881166458129883,17.0,0,0.85,BENIGN,INFO,lightgbm,HIGH
05283ed27126df69,-4178,53,484,4,383.7776794433594,17.0,0,0.85,BENIGN,INFO,lightgbm,HIGH
acbb9e3789d65434,-2455,53,398,4,0.00021004676818847656,17.0,0,0.85,BENIGN,INFO,lightgbm,HIGH
818a4075713b6c8a,-10453,53,352,4,0.0001499652862548828,17.0,0,0.85,BENIGN,INFO,lightgbm,HIGH
2800b30cae8a76a5,-5862,53,528,4,0.030618906021118164,17.0,0,0.85,BENIGN,INFO,lightgbm,HIGH
f3e92ef91afca784,-3605,53,482,4,0.00016689300537109375,17.0,0,0.85,BENIGN,INFO,lightgbm,HIGH
da61b7bd1b99e29d,-1543,53,616,4,0.00024199485778808594,17.0,0,0.85,BENIGN,INFO,lightgbm,HIGH
9335ea998725a5a8,-15818,80,504,8,5.195000171661377,6.0,4,0.85,DoS_Hulk,HIGH,lightgbm,HIGH
9eec4e1955536df3,-2126,53,388,4,0.0001571178436279297,17.0,0,0.85,BENIGN,INFO,lightgbm,HIGH
74b73a451313c1af,-583,53,600,4,0.00019598007202148438,17.0,0,0.85,BENIGN,INFO,lightgbm,HIGH
2bc4eaa3416c83ab,-1664,53,530,4,0.031074047088623047,17.0,0,0.85,BENIGN,INFO,lightgbm,HIGH
952466a16565720c,-4194,53,506,4,0.00019812583923339844,17.0,0,0.85,BENIGN,INFO,lightgbm,HIGH
b28e050f5a649079,-15817,80,1464,10,0.376600980758667,6.0,4,0.85,DoS_Hulk,HIGH,lightgbm,HIGH
e52534461a9c2ea0,-15816,80,428,7,1.381817102432251,6.0,4,0.85,DoS_Hulk,HIGH,lightgbm,HIGH
439186f0e7df27ef,-3779,53,492,4,0.06226396560668945,17.0,0,0.85,BENIGN,INFO,lightgbm,HIGH
d765c1ec4da1605b,2135,53,572,4,0.0631570816040039,17.0,0,0.85,BENIGN,INFO,lightgbm,HIGH
0de3d0bb76d6d9d5,-3114,53,265,2,0.06184792518615723,17.0,0,0.85,BENIGN,INFO,lightgbm,HIGH
e5ac78851d62fdf0,-4692,53,305,2,0.06267905235290527,17.0,0,0.85,BENIGN,INFO,lightgbm,HIGH
95cca53d9ca37c82,-19716,80,6790,30,81.213134765625,6.0,4,0.85,DoS_Hulk,HIGH,lightgbm,HIGH
1485bd0a8e0dd79e,-12055,53,722,4,0.09986400604248047,17.0,0,0.85,BENIGN,INFO,lightgbm,HIGH
dfa49281e9b441d2,-3780,53,705,4,312.9084777832031,17.0,0,0.85,BENIGN,INFO,lightgbm,HIGH
abd130da27b37a9e,-15815,80,6766,10,0.13503479957580566,6.0,4,0.85,DoS_Hulk,HIGH,lightgbm,HIGH
e7170a4e11ef2046,-15814,80,432,7,5.771633148193359,6.0,4,0.85,DoS_Hulk,HIGH,lightgbm,HIGH
e9be2b31cc506379,-6135,53,636,4,0.0002129077911376953,17.0,0,0.85,BENIGN,INFO,lightgbm,HIGH
ad93ebbaa0de4c49,-703,53,512,4,0.030877113342285156,17.0,0,0.85,BENIGN,INFO,lightgbm,HIGH
e887d856ee31fe06,-3989,53,563,4,5.82716703414917,17.0,0,0.85,BENIGN,INFO,lightgbm,HIGH
4b181d8ec61fa466,-3733,53,300,4,0.19041800498962402,17.0,0,0.85,BENIGN,INFO,lightgbm,HIGH
2e3d10590b233c1d,25332,53,356,4,0.39601802825927734,17.0,0,0.85,BENIGN,INFO,lightgbm,HIGH
90669a66d3fc4305,-4910,80,111677,157,121.07064819335938,6.0,4,0.85,DoS_Hulk,HIGH,lightgbm,HIGH
41c930b7bfe4f5bd,-6265,53,662,4,0.03104996681213379,17.0,0,0.85,BENIGN,INFO,lightgbm,HIGH
3444010e289779a0,-4411,53,576,4,74.64881134033203,17.0,0,0.85,BENIGN,INFO,lightgbm,HIGH
d8becd1d9e430dcd,-15813,80,2791,32,115.9673843383789,6.0,4,0.85,DoS_Hulk,HIGH,lightgbm,HIGH
f38ff80db98e1fc7,-10534,53,612,4,0.0002200603485107422,17.0,0,0.85,BENIGN,INFO,lightgbm,HIGH
664b51ff3f630117,-5425,53,804,4,0.030991077423095703,17.0,0,0.85,BENIGN,INFO,lightgbm,HIGH
14b4c77569bee80c,-3800,53,424,2,0.030530929565429688,17.0,0,0.85,BENIGN,INFO,lightgbm,HIGH
fdb6aaf859b0737b,-11859,53,538,4,0.03112506866455078,17.0,0,0.85,BENIGN,INFO,lightgbm,HIGH
4aa454761e35302a,-5412,53,210,2,0.030761003494262695,17.0,0,0.85,BENIGN,INFO,lightgbm,HIGH
fc210dd17b27a96f,-15747,53,376,4,0.00016498565673828125,17.0,0,0.85,BENIGN,INFO,lightgbm,HIGH
0b57887b137ef499,-6918,53,728,4,0.0002338886260986328,17.0,0,0.85,BENIGN,INFO,lightgbm,HIGH
b65c0b41b76f8534,-15812,80,1542,8,0.10510087013244629,6.0,4,0.85,DoS_Hulk,HIGH,lightgbm,HIGH
8442dda82c7c48c2,-13719,53,636,4,0.00020384788513183594,17.0,0,0.85,BENIGN,INFO,lightgbm,HIGH
8a3bbf5b11228b7d,-10548,53,512,4,0.000982046127319336,17.0,0,0.85,BENIGN,INFO,lightgbm,HIGH
1a877e5549a066de,-4493,53,278,2,0.0006289482116699219,17.0,0,0.85,BENIGN,INFO,lightgbm,HIGH
98662b491925fc01,-6212,53,394,4,0.031095027923583984,17.0,0,0.85,BENIGN,INFO,lightgbm,HIGH
d9c1c5050075d5fd,-5473,53,212,2,0.03075695037841797,17.0,0,0.85,BENIGN,INFO,lightgbm,HIGH
2566b85ec1bff1a0,-15634,53,380,4,0.0002231597900390625,17.0,0,0.85,BENIGN,INFO,lightgbm,HIGH
6ed5ab9c33312937,-4908,80,61888,106,120.48426818847656,6.0,4,0.85,DoS_Hulk,HIGH,lightgbm,HIGH
af1102b7f640c482,-4906,80,46779,87,120.4768295288086,6.0,4,0.85,DoS_Hulk,HIGH,lightgbm,HIGH
60f9d260c31f1851,-4904,80,51110,98,120.47591400146484,6.0,4,0.85,DoS_Hulk,HIGH,lightgbm,HIGH
7fd9248df41b1f2f,-4902,80,168633,188,120.47601318359375,6.0,4,0.85,DoS_Hulk,HIGH,lightgbm,HIGH
afb7e5574027fa4a,-4900,80,37722,76,120.483154296875,6.0,4,0.85,DoS_Hulk,HIGH,lightgbm,HIGH
4351b5fee4d29f04,-261,53,426,4,0.03076791763305664,17.0,0,0.85,BENIGN,INFO,lightgbm,HIGH
52c44f9071ae4294,-4067,53,200,2,0.030413150787353516,17.0,0,0.85,BENIGN,INFO,lightgbm,HIGH
944942953c4bcf78,-12305,53,426,4,0.0001590251922607422,17.0,0,0.85,BENIGN,INFO,lightgbm,HIGH
0e99a958d134c5c1,-13880,53,356,4,0.0001480579376220703,17.0,0,0.85,BENIGN,INFO,lightgbm,HIGH
9cbc4df15c9d1a2b,-16356,53,356,4,0.00019097328186035156,17.0,0,0.85,BENIGN,INFO,lightgbm,HIGH
adf6f475cc505e23,-15811,443,45011,79,180.63113403320312,6.0,0,0.85,BENIGN,INFO,lightgbm,HIGH
3079b6f1a739ab4f,-852,53,356,4,0.00018095970153808594,17.0,0,0.85,BENIGN,INFO,lightgbm,HIGH
0eb75b15cf7f8976,-16238,53,356,4,0.00018310546875,17.0,0,0.85,BENIGN,INFO,lightgbm,HIGH
6ce7a0d16422fb1c,-12796,53,356,4,0.00018596649169921875,17.0,0,0.85,BENIGN,INFO,lightgbm,HIGH
d0af49103fde2c2e,-15810,443,8234,30,0.21320009231567383,6.0,0,0.85,BENIGN,INFO,lightgbm,HIGH
e3bb68d093c26f6f,-15809,443,8565,28,0.23704886436462402,6.0,0,0.85,BENIGN,INFO,lightgbm,HIGH
1d4d88e2eb24d163,-15808,443,8660,31,0.2369670867919922,6.0,0,0.85,BENIGN,INFO,lightgbm,HIGH
f8df995cf49430d4,-15807,443,8632,30,0.23614096641540527,6.0,0,0.85,BENIGN,INFO,lightgbm,HIGH
9e930b8d152d54db,-15806,443,8217,28,0.22621417045593262,6.0,0,0.85,BENIGN,INFO,lightgbm,HIGH
680475a05765b33d,-6978,53,356,4,0.00017905235290527344,17.0,0,0.85,BENIGN,INFO,lightgbm,HIGH
dd5afc52d23f5b00,-14522,53,356,4,0.0001800060272216797,17.0,0,0.85,BENIGN,INFO,lightgbm,HIGH
903f0de86a645d9c,11107,53,392,4,0.5161778926849365,17.0,0,0.85,BENIGN,INFO,lightgbm,HIGH
704606e9b49100de,-24763,53,360,4,0.6609249114990234,17.0,0,0.85,BENIGN,INFO,lightgbm,HIGH
c8ffaac945f99965,-4735,53,218,2,0.5157852172851562,17.0,0,0.85,BENIGN,INFO,lightgbm,HIGH
4f4bcb9392e807df,-3291,53,247,2,0.6598038673400879,17.0,0,0.85,BENIGN,INFO,lightgbm,HIGH
b0f08ec6a6901ab1,28922,53,328,4,0.00017309188842773438,17.0,0,0.85,BENIGN,INFO,lightgbm,HIGH
70cdbe03267413ec,23792,53,352,4,0.030797958374023438,17.0,0,0.85,BENIGN,INFO,lightgbm,HIGH
e981d385d015cf0a,-21430,53,402,4,0.00018405914306640625,17.0,0,0.85,BENIGN,INFO,lightgbm,HIGH
8c59b1844c70f2d7,4086,53,426,4,0.030838966369628906,17.0,0,0.85,BENIGN,INFO,lightgbm,HIGH
878041019f584f35,-912,53,394,4,0.00017499923706054688,17.0,0,0.85,BENIGN,INFO,lightgbm,HIGH
cc694d0c5d3f3862,-7665,53,394,4,0.00016188621520996094,17.0,0,0.85,BENIGN,INFO,lightgbm,HIGH
5b729583d6297292,-6029,53,380,4,0.000186920166015625,17.0,0,0.85,BENIGN,INFO,lightgbm,HIGH
befa95e44dd3c04f,-8700,443,36369,68,188.61497497558594,6.0,0,0.85,BENIGN,INFO,lightgbm,HIGH
0a0fd557146211e6,-5853,53,394,4,0.0001678466796875,17.0,0,0.85,BENIGN,INFO,lightgbm,HIGH
c4c20efc0f361be5,-7847,53,394,4,0.00015807151794433594,17.0,0,0.85,BENIGN,INFO,lightgbm,HIGH
e07ef138a0ded12a,-12277,53,380,4,0.00018596649169921875,17.0,0,0.85,BENIGN,INFO,lightgbm,HIGH
69a657ed1f06e994,16542,53,396,4,0.03108501434326172,17.0,0,0.85,BENIGN,INFO,lightgbm,HIGH
095f19ce5f8d67fd,-27425,53,420,4,0.03140401840209961,17.0,0,0.85,BENIGN,INFO,lightgbm,HIGH
65105fec81efe280,-5381,53,220,2,0.030727148056030273,17.0,0,0.85,BENIGN,INFO,lightgbm,HIGH
28e80f916dd532af,-3527,53,232,2,0.03100895881652832,17.0,0,0.85,BENIGN,INFO,lightgbm,HIGH
abc37001cfe421d1,-9384,80,9094,37,115.5025863647461,6.0,4,0.85,DoS_Hulk,HIGH,lightgbm,HIGH
cacdfdec0225a773,-31972,80,4692,35,115.4969711303711,6.0,4,0.85,DoS_Hulk,HIGH,lightgbm,HIGH
7c82358ce1532100,-10043,53,536,4,0.35294103622436523,17.0,0,0.85,BENIGN,INFO,lightgbm,HIGH
05d37ff0c7c664da,-4335,53,290,2,0.3525550365447998,17.0,0,0.85,BENIGN,INFO,lightgbm,HIGH
7420c468d44109de,-90,53,394,4,0.00022602081298828125,17.0,0,0.85,BENIGN,INFO,lightgbm,HIGH
e24e68d94e74a30b,-13105,53,380,4,0.0001499652862548828,17.0,0,0.85,BENIGN,INFO,lightgbm,HIGH
4e2c0cd3caf0306d,-3686,53,320,4,0.4849400520324707,17.0,0,0.85,BENIGN,INFO,lightgbm,HIGH
6a1ea29d1283b7ac,-8458,53,458,4,0.00018906593322753906,17.0,0,0.85,BENIGN,INFO,lightgbm,HIGH
e21e3c9bca512a73,23125,53,482,4,0.030936002731323242,17.0,0,0.85,BENIGN,INFO,lightgbm,HIGH
bd464d8d3cee3f2a,-4746,53,1191,8,299.8900451660156,17.0,0,0.85,BENIGN,INFO,lightgbm,HIGH
78c91c63b20a3e2f,-10712,443,138141,178,181.2445831298828,6.0,0,0.85,BENIGN,INFO,lightgbm,HIGH
391b9bbe1d53260d,-12279,53,328,4,0.0001590251922607422,17.0,0,0.85,BENIGN,INFO,lightgbm,HIGH
9372834ae150d17e,-10658,53,400,4,0.2777230739593506,17.0,0,0.85,BENIGN,INFO,lightgbm,HIGH
8aaeb39eb0919998,-3220,53,222,2,0.2773468494415283,17.0,0,0.85,BENIGN,INFO,lightgbm,HIGH
fc6b4e8b7b7c3232,-7021,53,464,4,0.00017404556274414062,17.0,0,0.85,BENIGN,INFO,lightgbm,HIGH
4d042b53faaeaedc,-12054,53,498,4,0.037580013275146484,17.0,0,0.85,BENIGN,INFO,lightgbm,HIGH
2abf6a49759f3619,-3997,53,271,2,0.0372161865234375,17.0,0,0.85,BENIGN,INFO,lightgbm,HIGH
e8244c2111aa43aa,26533,53,458,4,0.0001900196075439453,17.0,0,0.85,BENIGN,INFO,lightgbm,HIGH
36fa2c027b33d3c6,-16561,53,482,4,0.00024890899658203125,17.0,0,0.85,BENIGN,INFO,lightgbm,HIGH
f5b2d03de3015601,-4772,53,308,4,0.0001609325408935547,17.0,0,0.85,BENIGN,INFO,lightgbm,HIGH
5d8bb6b16c2a7a26,-6718,53,308,4,0.0001518726348876953,17.0,0,0.85,BENIGN,INFO,lightgbm,HIGH
5438ab76954e4e90,-12610,53,374,4,0.407757043838501,17.0,0,0.85,BENIGN,INFO,lightgbm,HIGH
640ffddf892c70c9,-4429,53,209,2,0.40739989280700684,17.0,0,0.85,BENIGN,INFO,lightgbm,HIGH
c9ecf929e0ee87ec,-5073,53,477,4,377.85821533203125,17.0,0,0.85,BENIGN,INFO,lightgbm,HIGH
27abc07214470821,-31084,80,214043,173,36.41147994995117,6.0,4,0.85,DoS_Hulk,HIGH,lightgbm,HIGH
d053a7f107a28abd,-31088,80,88297,97,36.05713653564453,6.0,4,0.85,DoS_Hulk,HIGH,lightgbm,HIGH
3b01e2d434ff6c74,-31086,80,155196,141,36.27192306518555,6.0,4,0.85,DoS_Hulk,HIGH,lightgbm,HIGH
3ce6f43e88b6e826,-31082,80,172658,129,36.275020599365234,6.0,4,0.85,DoS_Hulk,HIGH,lightgbm,HIGH
297ad6248fa11d51,-31080,80,85993,90,36.351959228515625,6.0,4,0.85,DoS_Hulk,HIGH,lightgbm,HIGH
6d06ed34b1a01658,-31078,80,212680,160,36.055992126464844,6.0,4,0.85,DoS_Hulk,HIGH,lightgbm,HIGH
7f56e4ca5f38bd47,24183,53,458,4,0.00024008750915527344,17.0,0,0.85,BENIGN,INFO,lightgbm,HIGH
f8930d0c8ec1a456,5362,53,482,4,0.00030112266540527344,17.0,0,0.85,BENIGN,INFO,lightgbm,HIGH
3c46d09908a50942,-13207,53,320,4,0.0002257823944091797,17.0,0,0.85,BENIGN,INFO,lightgbm,HIGH
3ad66b1693363d37,-46,53,392,4,0.10946798324584961,17.0,0,0.85,BENIGN,INFO,lightgbm,HIGH
0b4a1b0d08407a14,-6000,53,384,4,0.13572001457214355,17.0,0,0.85,BENIGN,INFO,lightgbm,HIGH
24cda70db040161f,-4426,53,214,2,0.13537812232971191,17.0,0,0.85,BENIGN,INFO,lightgbm,HIGH
c106f16030d5fd37,-10499,53,374,4,0.060888051986694336,17.0,0,0.85,BENIGN,INFO,lightgbm,HIGH
c55a27a06d1e8376,-6678,53,384,4,0.00015497207641601562,17.0,0,0.85,BENIGN,INFO,lightgbm,HIGH
6fa098fadf88683a,-1367,53,480,4,0.13564515113830566,17.0,0,0.85,BENIGN,INFO,lightgbm,HIGH
115d9d6362d1d258,-3325,53,262,2,0.13531899452209473,17.0,0,0.85,BENIGN,INFO,lightgbm,HIGH
e89bae3cd9c21c8c,-15411,53,356,4,0.00015401840209960938,17.0,0,0.85,BENIGN,INFO,lightgbm,HIGH
cb86d078a96a7bcb,-1172,53,380,4,0.030694961547851562,17.0,0,0.85,BENIGN,INFO,lightgbm,HIGH
507bd310bc07d064,-3090,53,402,4,377.636962890625,17.0,0,0.85,BENIGN,INFO,lightgbm,HIGH
220fd38c2b8c36cc,-26698,53,458,4,0.00018787384033203125,17.0,0,0.85,BENIGN,INFO,lightgbm,HIGH
271a3cf74df9bde2,9432,53,482,4,0.00024700164794921875,17.0,0,0.85,BENIGN,INFO,lightgbm,HIGH
383159e9394f0251,-13242,53,876,4,0.0915520191192627,17.0,0,0.85,BENIGN,INFO,lightgbm,HIGH
2993ca5ebbde155d,-6824,53,876,4,0.09128212928771973,17.0,0,0.85,BENIGN,INFO,lightgbm,HIGH
9b3041bf1a661857,-4959,53,691,4,5.753940105438232,17.0,0,0.85,BENIGN,INFO,lightgbm,HIGH
e16ace0de8d3594f,-12410,53,876,4,0.0002238750457763672,17.0,0,0.85,BENIGN,INFO,lightgbm,HIGH
f7c0d5e329737c0c,-11708,53,876,4,0.00017714500427246094,17.0,0,0.85,BENIGN,INFO,lightgbm,HIGH
0054e113a11d082f,-8607,53,736,4,0.0001900196075439453,17.0,0,0.85,BENIGN,INFO,lightgbm,HIGH
9ce1074646576537,-4809,53,736,4,0.000186920166015625,17.0,0,0.85,BENIGN,INFO,lightgbm,HIGH
b8cdcc84c2fdb929,1148,443,13877,35,61.237884521484375,6.0,0,0.85,BENIGN,INFO,lightgbm,HIGH
353a6e314fa72ff5,-15805,80,1259,10,0.36917901039123535,6.0,4,0.85,DoS_Hulk,HIGH,lightgbm,HIGH
889d8af2511bf57e,-15804,80,1346,10,0.37591099739074707,6.0,4,0.85,DoS_Hulk,HIGH,lightgbm,HIGH
7281461c93d57d8d,-15803,80,1346,10,0.4565927982330322,6.0,4,0.85,DoS_Hulk,HIGH,lightgbm,HIGH
3e0d7bef33ad0817,-15802,80,1458,10,0.36754298210144043,6.0,4,0.85,DoS_Hulk,HIGH,lightgbm,HIGH
9132053914fa0790,-15801,80,2735,10,0.38310885429382324,6.0,4,0.85,DoS_Hulk,HIGH,lightgbm,HIGH
c89846d7eaabd02e,-353,53,420,4,0.030838966369628906,17.0,0,0.85,BENIGN,INFO,lightgbm,HIGH
6dc5ae5b06bec306,-5092,53,232,2,0.030429840087890625,17.0,0,0.85,BENIGN,INFO,lightgbm,HIGH
5fceed2af051c11f,-6968,53,458,4,0.11622285842895508,17.0,0,0.85,BENIGN,INFO,lightgbm,HIGH
14ae4ddd86aba34f,15580,53,612,4,0.031162023544311523,17.0,0,0.85,BENIGN,INFO,lightgbm,HIGH
bda5702ef2046c30,-24890,53,584,4,0.0313420295715332,17.0,0,0.85,BENIGN,INFO,lightgbm,HIGH
e7c532fda98b742a,-4864,53,328,2,0.030703067779541016,17.0,0,0.85,BENIGN,INFO,lightgbm,HIGH
b8ec2b0f428e1223,-15800,80,1543,10,0.548447847366333,6.0,4,0.85,DoS_Hulk,HIGH,lightgbm,HIGH
381a4ec75c2bbca1,-15799,80,1458,10,0.3893611431121826,6.0,4,0.85,DoS_Hulk,HIGH,lightgbm,HIGH
556482bd392e221a,-2934,53,420,4,0.00018095970153808594,17.0,0,0.85,BENIGN,INFO,lightgbm,HIGH
610be84b319b644c,-6400,53,436,4,0.03053593635559082,17.0,0,0.85,BENIGN,INFO,lightgbm,HIGH
93988c0af27443eb,-13276,443,6322,30,61.22426223754883,6.0,0,0.85,BENIGN,INFO,lightgbm,HIGH
737f41052452855f,-15798,80,1592,10,0.9221410751342773,6.0,4,0.85,DoS_Hulk,HIGH,lightgbm,HIGH
172ed85be5a87d67,-15797,80,1442,10,0.3983120918273926,6.0,4,0.85,DoS_Hulk,HIGH,lightgbm,HIGH
520ec4aed287f27a,-15796,80,428,7,1.3853788375854492,6.0,4,0.85,DoS_Hulk,HIGH,lightgbm,HIGH
77987ba284a4bb7e,-15795,80,428,7,1.3852870464324951,6.0,4,0.85,DoS_Hulk,HIGH,lightgbm,HIGH
b38d72758f61cd7c,-9919,53,404,4,0.00019693374633789062,17.0,0,0.85,BENIGN,INFO,lightgbm,HIGH
6e21b602f5bf531d,-1604,53,502,4,0.0002560615539550781,17.0,0,0.85,BENIGN,INFO,lightgbm,HIGH
a154dcedc82dc112,-10332,80,3363,32,115.44866943359375,6.0,4,0.85,DoS_Hulk,HIGH,lightgbm,HIGH
c31e6b3df64696d0,-10330,80,412,6,5.475605010986328,6.0,4,0.85,DoS_Hulk,HIGH,lightgbm,HIGH
d233392fb0343e92,-16024,53,456,4,0.0009331703186035156,17.0,0,0.85,BENIGN,INFO,lightgbm,HIGH
293c8192d96aeca6,-6970,53,480,4,0.031032085418701172,17.0,0,0.85,BENIGN,INFO,lightgbm,HIGH
315f88b884f7913b,-3724,53,535,4,4.827757835388184,17.0,0,0.85,BENIGN,INFO,lightgbm,HIGH
00975e9b3ca972b6,-4824,53,518,4,172.74765014648438,17.0,0,0.85,BENIGN,INFO,lightgbm,HIGH
58c2fb20a85693ea,-17205,53,506,4,0.24242687225341797,17.0,0,0.85,BENIGN,INFO,lightgbm,HIGH
8f28e1d3a6cb6bbb,5641,53,442,4,0.2275102138519287,17.0,0,0.85,BENIGN,INFO,lightgbm,HIGH
b84486b4e1a1a788,-3434,53,275,2,0.24204492568969727,17.0,0,0.85,BENIGN,INFO,lightgbm,HIGH
9c70115588fe8e99,-3068,53,327,2,0.226423978805542,17.0,0,0.85,BENIGN,INFO,lightgbm,HIGH
a9617798321d8c16,-30938,443,65600,116,181.38092041015625,6.0,0,0.85,BENIGN,INFO,lightgbm,HIGH
31d4a28f0f359341,-31948,80,8967,46,117.23719024658203,6.0,4,0.85,DoS_Hulk,HIGH,lightgbm,HIGH
a7d5f04b08ffedf0,-4106,53,356,2,0.0004849433898925781,17.0,0,0.85,BENIGN,INFO,lightgbm,HIGH
dcd96fc4cae1057e,-24916,80,412,6,6.360359191894531,6.0,4,0.85,DoS_Hulk,HIGH,lightgbm,HIGH
20f1fe3fad356555,-24914,80,2257,20,61.23212432861328,6.0,4,0.85,DoS_Hulk,HIGH,lightgbm,HIGH
d933c25bc2f80568,31630,53,456,4,0.03125405311584473,17.0,0,0.85,BENIGN,INFO,lightgbm,HIGH
771b6476a768c73e,15447,53,480,4,0.031523942947387695,17.0,0,0.85,BENIGN,INFO,lightgbm,HIGH
529bda3933a89546,-3427,53,438,4,377.92242431640625,17.0,0,0.85,BENIGN,INFO,lightgbm,HIGH
261ae395488d7a67,-8255,53,444,4,0.030874967575073242,17.0,0,0.85,BENIGN,INFO,lightgbm,HIGH
c99ce9033c56a017,-21123,53,526,4,0.03135991096496582,17.0,0,0.85,BENIGN,INFO,lightgbm,HIGH
832ee6a6bba2bef1,32512,53,424,4,0.06142902374267578,17.0,0,0.85,BENIGN,INFO,lightgbm,HIGH
fcc6d552ece8b5e8,-11654,53,360,4,0.06217694282531738,17.0,0,0.85,BENIGN,INFO,lightgbm,HIGH
fc074f31591bf7c9,-5160,53,474,4,307.035888671875,17.0,0,0.85,BENIGN,INFO,lightgbm,HIGH
d44bcbbd1a689487,-3137,53,268,2,0.06127285957336426,17.0,0,0.85,BENIGN,INFO,lightgbm,HIGH
d27e74ee3dd754da,-15425,53,340,4,0.030827999114990234,17.0,0,0.85,BENIGN,INFO,lightgbm,HIGH
d191403ed25e4a59,24623,53,416,4,0.03151702880859375,17.0,0,0.85,BENIGN,INFO,lightgbm,HIGH
6a07353a66836c7b,-3775,53,658,6,171.25057983398438,17.0,0,0.85,BENIGN,INFO,lightgbm,HIGH
13ca66c3500c96ae,-4630,53,230,2,0.031125783920288086,17.0,0,0.85,BENIGN,INFO,lightgbm,HIGH
2840b436b47d9a6c,25315,53,350,4,0.03093099594116211,17.0,0,0.85,BENIGN,INFO,lightgbm,HIGH
c171d69f9f4869a1,-20227,53,318,4,0.21066904067993164,17.0,0,0.85,BENIGN,INFO,lightgbm,HIGH
80c384c3a69c5e3a,-3052,53,181,2,0.20964980125427246,17.0,0,0.85,BENIGN,INFO,lightgbm,HIGH
1d5d54db11cbb80e,-10462,443,11781,59,185.92877197265625,6.0,0,0.85,BENIGN,INFO,lightgbm,HIGH
41d2ba3b1ddaeb2a,21295,53,340,4,0.030807971954345703,17.0,0,0.85,BENIGN,INFO,lightgbm,HIGH
ec2ec75ae886dc24,-24650,53,396,4,0.03095388412475586,17.0,0,0.85,BENIGN,INFO,lightgbm,HIGH
40079b0ca04e7051,-4995,53,220,2,0.030585050582885742,17.0,0,0.85,BENIGN,INFO,lightgbm,HIGH
94d7b4fc2f9d78c9,-7604,80,412,6,5.943887710571289,6.0,4,0.85,DoS_Hulk,HIGH,lightgbm,HIGH
d0ef08f327bf5861,-7602,80,412,6,5.944231033325195,6.0,4,0.85,DoS_Hulk,HIGH,lightgbm,HIGH
c8f726390a87c697,4215,53,430,4,0.03073287010192871,17.0,0,0.85,BENIGN,INFO,lightgbm,HIGH
9910549b37918420,-26683,53,454,4,0.031210899353027344,17.0,0,0.85,BENIGN,INFO,lightgbm,HIGH
ed3554353e5ea408,-3043,53,508,4,304.5072326660156,17.0,0,0.85,BENIGN,INFO,lightgbm,HIGH
dbada5366be38d72,-20986,80,478,7,5.919488906860352,6.0,4,0.85,DoS_Hulk,HIGH,lightgbm,HIGH
927ea244f520d0fd,-10454,443,6416,25,0.6012208461761475,6.0,0,0.85,BENIGN,INFO,lightgbm,HIGH
c9b494436f3d8b3a,-11958,80,4616,19,50.47162628173828,6.0,4,0.85,DoS_Hulk,HIGH,lightgbm,HIGH
ec1e61b32311d867,-3525,53,256,2,0.0004029273986816406,17.0,0,0.85,BENIGN,INFO,lightgbm,HIGH
dcf06b433916d6d9,-28576,80,412,6,5.898257255554199,6.0,4,0.85,DoS_Hulk,HIGH,lightgbm,HIGH
8c4183abf3664941,-28574,80,1591,12,10.151700973510742,6.0,4,0.85,DoS_Hulk,HIGH,lightgbm,HIGH
3243e8f527ec3c22,-25940,443,12382,54,181.87545776367188,6.0,0,0.85,BENIGN,INFO,lightgbm,HIGH
f57d3149ff34028c,-25938,443,9123,34,0.7134909629821777,6.0,0,0.85,BENIGN,INFO,lightgbm,HIGH
3c6c0de81d6312a8,5137,53,392,4,0.671375036239624,17.0,0,0.85,BENIGN,INFO,lightgbm,HIGH
ee390f611a4e8f79,29718,53,360,4,0.47775983810424805,17.0,0,0.85,BENIGN,INFO,lightgbm,HIGH
018844deadab9cd9,-4598,53,247,2,0.4766509532928467,17.0,0,0.85,BENIGN,INFO,lightgbm,HIGH
5f6a9bd105129cb1,-3431,53,170,2,0.00048804283142089844,17.0,0,0.85,BENIGN,INFO,lightgbm,HIGH
7e0b6a2b071a4e4e,-12426,80,340,5,5.881516933441162,6.0,4,0.85,DoS_Hulk,HIGH,lightgbm,HIGH
b8a975c5d1867b0d,-12424,80,2563,12,10.80905532836914,6.0,4,0.85,DoS_Hulk,HIGH,lightgbm,HIGH
5a2d52bbe26808d0,26969,53,352,4,0.03131508827209473,17.0,0,0.85,BENIGN,INFO,lightgbm,HIGH
d109faa8ee72510c,11414,53,408,4,0.03104400634765625,17.0,0,0.85,BENIGN,INFO,lightgbm,HIGH
0bf8b4b724246e9f,-5116,53,198,2,0.030984163284301758,17.0,0,0.85,BENIGN,INFO,lightgbm,HIGH
65e2d2aa942b30b6,-4745,53,226,2,0.03061699867248535,17.0,0,0.85,BENIGN,INFO,lightgbm,HIGH
c5e5cb87e2e5d321,-24712,53,320,4,0.030827999114990234,17.0,0,0.85,BENIGN,INFO,lightgbm,HIGH
14bb8736b968c288,25230,53,394,4,0.031183958053588867,17.0,0,0.85,BENIGN,INFO,lightgbm,HIGH
ee2160a1e7ae6cf4,-4089,53,182,2,0.030482053756713867,17.0,0,0.85,BENIGN,INFO,lightgbm,HIGH
197db4bcd5728015,-4216,53,219,2,0.03081202507019043,17.0,0,0.85,BENIGN,INFO,lightgbm,HIGH
2a9d2cfd1e5e4c87,-31918,80,6073,38,116.43680572509766,6.0,4,0.85,DoS_Hulk,HIGH,lightgbm,HIGH
1c87263250f5ec87,-31916,80,7454,41,119.42567443847656,6.0,4,0.85,DoS_Hulk,HIGH,lightgbm,HIGH
730aef4f23a1c102,-31914,80,412,6,5.45051383972168,6.0,4,0.85,DoS_Hulk,HIGH,lightgbm,HIGH
a63c01869fc11691,-5300,80,5953,26,92.22142791748047,6.0,4,0.85,DoS_Hulk,HIGH,lightgbm,HIGH
66e937e49ff76ec3,-32572,53,456,4,0.00020194053649902344,17.0,0,0.85,BENIGN,INFO,lightgbm,HIGH
625840bb00bba8c6,17114,53,480,4,0.0001919269561767578,17.0,0,0.85,BENIGN,INFO,lightgbm,HIGH
d43011a121e34e6c,-2792,53,372,4,0.2205820083618164,17.0,0,0.85,BENIGN,INFO,lightgbm,HIGH
3a95481f7e914d42,17195,53,340,4,0.22734785079956055,17.0,0,0.85,BENIGN,INFO,lightgbm,HIGH
acb0a000a7da299b,-4152,53,192,2,0.2263040542602539,17.0,0,0.85,BENIGN,INFO,lightgbm,HIGH
da407487afdbff3c,1481,53,384,4,0.03068399429321289,17.0,0,0.85,BENIGN,INFO,lightgbm,HIGH
640db3c58e47b5e9,23371,53,352,4,0.18965983390808105,17.0,0,0.85,BENIGN,INFO,lightgbm,HIGH
8a70a968aca762e4,-3540,53,214,2,0.03035902976989746,17.0,0,0.85,BENIGN,INFO,lightgbm,HIGH
6ec0d3a4b289cff0,-5436,53,542,4,299.592529296875,17.0,0,0.85,BENIGN,INFO,lightgbm,HIGH
d2de50ef447f9143,-30504,443,16034,57,181.19512939453125,6.0,0,0.85,BENIGN,INFO,lightgbm,HIGH
43eb4339daece2eb,-18196,80,3313,34,115.18156433105469,6.0,4,0.85,DoS_Hulk,HIGH,lightgbm,HIGH
4a1e0645a553d2f9,-13100,443,8900,39,180.16571044921875,6.0,0,0.85,BENIGN,INFO,lightgbm,HIGH
530ba61abb9003d8,-27642,80,46369,57,33.230411529541016,6.0,4,0.85,DoS_Hulk,HIGH,lightgbm,HIGH
b68b97de61fe8623,-27644,80,68355,73,33.30080032348633,6.0,4,0.85,DoS_Hulk,HIGH,lightgbm,HIGH
88cd9bfee5e10dac,-27640,80,46068,51,33.22229766845703,6.0,4,0.85,DoS_Hulk,HIGH,lightgbm,HIGH
d1280db456a054e8,-27638,80,56990,62,33.40141677856445,6.0,4,0.85,DoS_Hulk,HIGH,lightgbm,HIGH
de5d38890a9436c2,-27636,80,70104,72,33.33877944946289,6.0,4,0.85,DoS_Hulk,HIGH,lightgbm,HIGH
fa8126dffc737033,-27634,80,68304,69,33.3693733215332,6.0,4,0.85,DoS_Hulk,HIGH,lightgbm,HIGH
6758101fd3e4996b,-12396,80,3988,14,10.785459518432617,6.0,4,0.85,DoS_Hulk,HIGH,lightgbm,HIGH
8ad065fda33c0170,-30484,443,10511,34,0.282696008682251,6.0,0,0.85,BENIGN,INFO,lightgbm,HIGH
9d3f7ef4e6236b20,-3818,53,376,4,3.730841875076294,17.0,0,0.85,BENIGN,INFO,lightgbm,HIGH
b84a2334953d0cd5,-23454,443,6598,23,1.554922103881836,6.0,0,0.85,BENIGN,INFO,lightgbm,HIGH
32498fd5a779e482,-26093,53,324,4,0.031239986419677734,17.0,0,0.85,BENIGN,INFO,lightgbm,HIGH
d5d7909f06cf0940,-4142,53,348,4,0.0315399169921875,17.0,0,0.85,BENIGN,INFO,lightgbm,HIGH
4e657732ff166aae,17244,53,504,4,0.03149008750915527,17.0,0,0.85,BENIGN,INFO,lightgbm,HIGH
3cae4e32822873c3,29967,53,432,4,0.031896114349365234,17.0,0,0.85,BENIGN,INFO,lightgbm,HIGH
7a79fcd73317c2ca,-30454,443,12557,57,180.90379333496094,6.0,0,0.85,BENIGN,INFO,lightgbm,HIGH
994f013546828e2e,-27730,443,9664,46,184.91091918945312,6.0,0,0.85,BENIGN,INFO,lightgbm,HIGH
4bd53efc29dddd1f,-30450,443,6512,22,0.20544981956481934,6.0,0,0.85,BENIGN,INFO,lightgbm,HIGH
b63cf44f8687e2ce,-27726,443,6108,22,0.15305399894714355,6.0,0,0.85,BENIGN,INFO,lightgbm,HIGH
da40a4c44748ef31,-30446,443,8397,27,0.2561500072479248,6.0,0,0.85,BENIGN,INFO,lightgbm,HIGH
e5ff9065dc591160,-30444,443,6705,25,0.37767791748046875,6.0,0,0.85,BENIGN,INFO,lightgbm,HIGH
c1081c984d2d98c5,-21156,53,536,4,0.062293052673339844,17.0,0,0.85,BENIGN,INFO,lightgbm,HIGH
84e85c934b6a42f3,-4523,53,290,2,0.06189703941345215,17.0,0,0.85,BENIGN,INFO,lightgbm,HIGH
285130e134cdd9e8,-32327,53,472,4,0.06936979293823242,17.0,0,0.85,BENIGN,INFO,lightgbm,HIGH
3836d9a5c95f7256,-3454,53,342,2,0.0685579776763916,17.0,0,0.85,BENIGN,INFO,lightgbm,HIGH
e63faf984dfb0486,-21102,443,10202,46,181.903564453125,6.0,0,0.85,BENIGN,INFO,lightgbm,HIGH
b268b113cff2ac1a,-26518,53,576,4,0.20947813987731934,17.0,0,0.85,BENIGN,INFO,lightgbm,HIGH
eb3aac375a4c5509,21149,53,384,4,0.06198310852050781,17.0,0,0.85,BENIGN,INFO,lightgbm,HIGH
db919339ff66b888,-3282,53,276,2,0.06074810028076172,17.0,0,0.85,BENIGN,INFO,lightgbm,HIGH
3dee950a2315514c,-21100,443,7679,28,0.8942999839782715,6.0,0,0.85,BENIGN,INFO,lightgbm,HIGH
243d111357d8dd11,-20560,80,412,6,5.878308296203613,6.0,4,0.85,DoS_Hulk,HIGH,lightgbm,HIGH
bc4865b574b3a443,-20558,80,11176,29,61.59309768676758,6.0,4,0.85,DoS_Hulk,HIGH,lightgbm,HIGH
4b28c5024f123789,-26342,53,458,4,0.031249046325683594,17.0,0,0.85,BENIGN,INFO,lightgbm,HIGH
d2908c90a07129be,7045,53,482,4,0.03167295455932617,17.0,0,0.85,BENIGN,INFO,lightgbm,HIGH
614878641831a4d3,-3679,53,476,4,375.8216857910156,17.0,0,0.85,BENIGN,INFO,lightgbm,HIGH
d458622590e623c5,-3302,53,263,2,0.031278133392333984,17.0,0,0.85,BENIGN,INFO,lightgbm,HIGH
bb010ade72dc6971,-13922,80,4009,12,10.5419282913208,6.0,4,0.85,DoS_Hulk,HIGH,lightgbm,HIGH
6df9852b6a2d44fe,-13920,80,4009,12,10.549102783203125,6.0,4,0.85,DoS_Hulk,HIGH,lightgbm,HIGH
a1b1896793b8bd30,-13918,80,4009,12,10.559501647949219,6.0,4,0.85,DoS_Hulk,HIGH,lightgbm,HIGH
b35d3e53662b8f1a,-13916,80,412,6,5.547918319702148,6.0,4,0.85,DoS_Hulk,HIGH,lightgbm,HIGH
7de701640e0e04dc,-13914,80,412,6,5.521714210510254,6.0,4,0.85,DoS_Hulk,HIGH,lightgbm,HIGH
98ceb62683ff35c2,-13912,80,412,6,5.517179012298584,6.0,4,0.85,DoS_Hulk,HIGH,lightgbm,HIGH
4844d561277ad727,-18552,53,612,4,0.03220701217651367,17.0,0,0.85,BENIGN,INFO,lightgbm,HIGH
aed2e886fcec84ec,1812,53,518,4,0.032343149185180664,17.0,0,0.85,BENIGN,INFO,lightgbm,HIGH
ddf4681702383bc5,-14315,53,1004,8,2.267148971557617,17.0,0,0.85,BENIGN,INFO,lightgbm,HIGH
17d29762b72fb453,-9310,80,11626,39,115.86985778808594,6.0,4,0.85,DoS_Hulk,HIGH,lightgbm,HIGH
c727652807fde5f8,25975,53,560,4,0.032086849212646484,17.0,0,0.85,BENIGN,INFO,lightgbm,HIGH
8f3d7ee01af2d6c6,-4313,53,302,2,0.031684160232543945,17.0,0,0.85,BENIGN,INFO,lightgbm,HIGH
fdb7f73c5dad8be5,-27820,53,466,4,0.13424992561340332,17.0,0,0.85,BENIGN,INFO,lightgbm,HIGH
daa336cf9e5799ff,-2999,53,255,2,0.13391399383544922,17.0,0,0.85,BENIGN,INFO,lightgbm,HIGH
85cb9e9b8de31407,-30335,53,718,4,0.1344318389892578,17.0,0,0.85,BENIGN,INFO,lightgbm,HIGH
77725540eca34215,-3744,53,462,4,0.06716179847717285,17.0,0,0.85,BENIGN,INFO,lightgbm,HIGH
fa6bd7013db5a0fd,-4322,53,337,2,0.06452488899230957,17.0,0,0.85,BENIGN,INFO,lightgbm,HIGH
16faa9dfc0803f6d,1343,53,718,4,0.0665740966796875,17.0,0,0.85,BENIGN,INFO,lightgbm,HIGH
8eabef4bca460e96,-5133,53,630,4,0.1357710361480713,17.0,0,0.85,BENIGN,INFO,lightgbm,HIGH
7f7b7a5ff33baeb8,-3726,53,381,2,0.06598401069641113,17.0,0,0.85,BENIGN,INFO,lightgbm,HIGH
7caf1d4180872442,-5415,53,718,4,0.13572001457214355,17.0,0,0.85,BENIGN,INFO,lightgbm,HIGH
6ee4730ba113fac1,-24157,53,462,4,0.06405091285705566,17.0,0,0.85,BENIGN,INFO,lightgbm,HIGH
52090a7ebaa5e3fd,-27513,53,718,4,0.06427001953125,17.0,0,0.85,BENIGN,INFO,lightgbm,HIGH
9b2037050ef81cc3,11420,53,462,4,0.063629150390625,17.0,0,0.85,BENIGN,INFO,lightgbm,HIGH
3d80ba1f3219248e,-23546,53,718,4,0.06364202499389648,17.0,0,0.85,BENIGN,INFO,lightgbm,HIGH
9140198d1cb46053,11023,53,462,4,0.06257891654968262,17.0,0,0.85,BENIGN,INFO,lightgbm,HIGH
606b0fc496075b56,-3118,53,381,2,0.0630800724029541,17.0,0,0.85,BENIGN,INFO,lightgbm,HIGH
c42919066ee01573,-1860,53,560,4,0.1355578899383545,17.0,0,0.85,BENIGN,INFO,lightgbm,HIGH
926fa2ef9be2ad2d,29725,53,466,4,0.1356961727142334,17.0,0,0.85,BENIGN,INFO,lightgbm,HIGH
769063d9c2b37471,-4414,53,255,2,0.13526105880737305,17.0,0,0.85,BENIGN,INFO,lightgbm,HIGH
afe75aea8b7d8837,-4321,53,718,4,0.062283992767333984,17.0,0,0.85,BENIGN,INFO,lightgbm,HIGH
5e46548583633b0e,27257,53,462,4,0.06167292594909668,17.0,0,0.85,BENIGN,INFO,lightgbm,HIGH
7fc0393a196945f8,-5372,53,337,2,0.05943703651428223,17.0,0,0.85,BENIGN,INFO,lightgbm,HIGH
309030860b52f01c,-4904,53,808,6,304.88079833984375,17.0,0,0.85,BENIGN,INFO,lightgbm,HIGH
109ba5d554906954,-4671,53,356,2,0.0009131431579589844,17.0,0,0.85,BENIGN,INFO,lightgbm,HIGH
efe88857ceb8afbd,-5157,53,862,6,141.26589965820312,17.0,0,0.85,BENIGN,INFO,lightgbm,HIGH
587116d9ccc72a2f,-25730,80,4358,20,61.02833557128906,6.0,4,0.85,DoS_Hulk,HIGH,lightgbm,HIGH
cd957a2757b405d7,-26770,53,718,4,0.031445980072021484,17.0,0,0.85,BENIGN,INFO,lightgbm,HIGH
a6163fdec0f85a7b,-24354,53,630,4,0.032766103744506836,17.0,0,0.85,BENIGN,INFO,lightgbm,HIGH
2c4187d18c695429,-3860,53,381,2,0.030862808227539062,17.0,0,0.85,BENIGN,INFO,lightgbm,HIGH
312fc9e6523f8ca1,-14686,80,412,6,5.926274299621582,6.0,4,0.85,DoS_Hulk,HIGH,lightgbm,HIGH
8ac2f75aa7339757,-13738,80,412,6,5.925292015075684,6.0,4,0.85,DoS_Hulk,HIGH,lightgbm,HIGH
e6272721a7443d6e,-14684,80,7442,25,61.52888870239258,6.0,4,0.85,DoS_Hulk,HIGH,lightgbm,HIGH
b93ed45c8fb779ef,-13736,80,4490,21,60.86906051635742,6.0,4,0.85,DoS_Hulk,HIGH,lightgbm,HIGH
1118e6995d5556ae,-31126,53,560,4,0.13554883003234863,17.0,0,0.85,BENIGN,INFO,lightgbm,HIGH
56f79fc88d1bce9e,32375,53,466,4,0.0324399471282959,17.0,0,0.85,BENIGN,INFO,lightgbm,HIGH
01cc479f4091830b,-15743,53,560,4,0.13608908653259277,17.0,0,0.85,BENIGN,INFO,lightgbm,HIGH
f51565943b8e10b8,-1964,53,466,4,0.03273606300354004,17.0,0,0.85,BENIGN,INFO,lightgbm,HIGH
d74ded4bccac429f,-3277,53,302,2,0.1351311206817627,17.0,0,0.85,BENIGN,INFO,lightgbm,HIGH
4c742c928619a0c4,-3782,53,255,2,0.031991004943847656,17.0,0,0.85,BENIGN,INFO,lightgbm,HIGH
52c793350809caab,-4607,53,491,4,110.46688842773438,17.0,0,0.85,BENIGN,INFO,lightgbm,HIGH
a814bd88ce5418cb,-4085,53,648,4,172.9706268310547,17.0,0,0.85,BENIGN,INFO,lightgbm,HIGH
5c3c32eb68ec6965,-6207,53,560,4,0.03853607177734375,17.0,0,0.85,BENIGN,INFO,lightgbm,HIGH
32f80c9cc8904a9e,-16700,80,4444,21,61.26484680175781,6.0,4,0.85,DoS_Hulk,HIGH,lightgbm,HIGH
b640e5195a308d6a,1821,53,466,4,0.03151202201843262,17.0,0,0.85,BENIGN,INFO,lightgbm,HIGH
373f9a88ae1c8631,-5307,53,255,2,0.03114485740661621,17.0,0,0.85,BENIGN,INFO,lightgbm,HIGH
4b0bf4fcf568961e,-14676,80,412,6,5.85916805267334,6.0,4,0.85,DoS_Hulk,HIGH,lightgbm,HIGH
2616621039466133,-14674,80,7390,25,61.45937728881836,6.0,4,0.85,DoS_Hulk,HIGH,lightgbm,HIGH
73b1205c5f90b461,-21877,53,568,4,0.03221011161804199,17.0,0,0.85,BENIGN,INFO,lightgbm,HIGH
f037e90c167ca86a,-16794,53,474,4,0.038249969482421875,17.0,0,0.85,BENIGN,INFO,lightgbm,HIGH
c39fd4e900e777df,-3310,53,306,2,0.03182387351989746,17.0,0,0.85,BENIGN,INFO,lightgbm,HIGH
21d2322ecfd0c60b,-3496,53,259,2,0.03786516189575195,17.0,0,0.85,BENIGN,INFO,lightgbm,HIGH
39f543b915132e49,-6942,53,718,4,0.03139185905456543,17.0,0,0.85,BENIGN,INFO,lightgbm,HIGH
77881b3bd9100716,-19580,53,630,4,0.03240180015563965,17.0,0,0.85,BENIGN,INFO,lightgbm,HIGH
dc08fce543690328,-13794,80,4434,21,61.33156204223633,6.0,4,0.85,DoS_Hulk,HIGH,lightgbm,HIGH
779d6bd8d8b44681,-13792,80,412,6,5.858782768249512,6.0,4,0.85,DoS_Hulk,HIGH,lightgbm,HIGH
f1ded7f89212228c,-5128,53,381,2,0.030912160873413086,17.0,0,0.85,BENIGN,INFO,lightgbm,HIGH
e18c066f443ed147,-4680,53,337,2,0.03198599815368652,17.0,0,0.85,BENIGN,INFO,lightgbm,HIGH
84af4fbf28eed9a0,-19233,53,710,4,0.03143191337585449,17.0,0,0.85,BENIGN,INFO,lightgbm,HIGH
23e90f91458630a5,-27841,53,622,4,0.031845808029174805,17.0,0,0.85,BENIGN,INFO,lightgbm,HIGH
d51511bd8d50896c,-26346,80,4476,21,61.45843505859375,6.0,4,0.85,DoS_Hulk,HIGH,lightgbm,HIGH
236b00e26a5d3246,-26344,80,412,6,5.86126708984375,6.0,4,0.85,DoS_Hulk,HIGH,lightgbm,HIGH
5c5ffa4aa3b03ae2,-4443,53,333,2,0.031430959701538086,17.0,0,0.85,BENIGN,INFO,lightgbm,HIGH
6d577239a0a9e4e9,-26204,80,7536,26,62.28910446166992,6.0,4,0.85,DoS_Hulk,HIGH,lightgbm,HIGH
c57e612fd853b526,-26206,80,412,6,5.856472015380859,6.0,4,0.85,DoS_Hulk,HIGH,lightgbm,HIGH
ae90260ce6bf7ce6,-29476,80,4444,21,60.57185363769531,6.0,4,0.85,DoS_Hulk,HIGH,lightgbm,HIGH
28e84a93c8ee1985,-14658,80,4374,20,61.45033645629883,6.0,4,0.85,DoS_Hulk,HIGH,lightgbm,HIGH
854d3c6b840de447,-9652,80,4428,21,61.44562911987305,6.0,4,0.85,DoS_Hulk,HIGH,lightgbm,HIGH
10d65de4ca68178f,-25696,80,4214,21,60.9288330078125,6.0,4,0.85,DoS_Hulk,HIGH,lightgbm,HIGH
fc9ad7e7c14fc87b,-25694,80,4115,21,60.921043395996094,6.0,4,0.85,DoS_Hulk,HIGH,lightgbm,HIGH
8cf9088a000b707f,-32236,80,4130,22,60.958290100097656,6.0,4,0.85,DoS_Hulk,HIGH,lightgbm,HIGH
95d9c40b9d9acd8b,-18646,80,7581,26,61.76970291137695,6.0,4,0.85,DoS_Hulk,HIGH,lightgbm,HIGH
d3851e1ef07740f0,-12982,80,4458,21,61.29149627685547,6.0,4,0.85,DoS_Hulk,HIGH,lightgbm,HIGH
01bdfcdb2d5036df,-17619,53,498,4,0.0002219676971435547,17.0,0,0.85,BENIGN,INFO,lightgbm,HIGH
4f0d7fa93c61b509,-299,53,560,4,0.0002810955047607422,17.0,0,0.85,BENIGN,INFO,lightgbm,HIGH
61fbc52525031626,-17498,80,13602,42,115.34838104248047,6.0,4,0.85,DoS_Hulk,HIGH,lightgbm,HIGH
95f473563e18685d,-10102,53,440,4,0.19756603240966797,17.0,0,0.85,BENIGN,INFO,lightgbm,HIGH
30573bb6dd1de6f5,2627,53,344,4,0.19896888732910156,17.0,0,0.85,BENIGN,INFO,lightgbm,HIGH
4a78ecb961bb0c03,-3904,53,242,2,0.197160005569458,17.0,0,0.85,BENIGN,INFO,lightgbm,HIGH
49c1eeeb70a786c9,-17496,80,376,6,5.384207725524902,6.0,4,0.85,DoS_Hulk,HIGH,lightgbm,HIGH
60f961756b2f7f8b,-23917,53,642,4,0.030880212783813477,17.0,0,0.85,BENIGN,INFO,lightgbm,HIGH
5101b1b695a7218f,-5265,53,516,4,0.00022411346435546875,17.0,0,0.85,BENIGN,INFO,lightgbm,HIGH
1164a69219f68cd8,-3961,53,310,2,0.030426025390625,17.0,0,0.85,BENIGN,INFO,lightgbm,HIGH
7d6483a86fc9f337,-1437,53,606,4,0.06145286560058594,17.0,0,0.85,BENIGN,INFO,lightgbm,HIGH
76290e1e3a0ca815,31701,53,446,4,0.17166900634765625,17.0,0,0.85,BENIGN,INFO,lightgbm,HIGH
2c4149f3c09bb1bd,-3209,53,325,2,0.060997962951660156,17.0,0,0.85,BENIGN,INFO,lightgbm,HIGH
c30f43f1c0b314df,-3815,53,577,4,67.13715362548828,17.0,0,0.85,BENIGN,INFO,lightgbm,HIGH
338d9144ed41d3d9,-18862,80,412,6,5.348198890686035,6.0,4,0.85,DoS_Hulk,HIGH,lightgbm,HIGH
274302352867f026,-18860,80,27478,39,12.023294448852539,6.0,4,0.85,DoS_Hulk,HIGH,lightgbm,HIGH
bf7e5f0a8f201978,14564,53,336,4,0.031247854232788086,17.0,0,0.85,BENIGN,INFO,lightgbm,HIGH
62a3d4ebd359b66e,-31155,53,468,4,0.031642913818359375,17.0,0,0.85,BENIGN,INFO,lightgbm,HIGH
b42d52636234a91a,-3606,53,190,2,0.030931949615478516,17.0,0,0.85,BENIGN,INFO,lightgbm,HIGH
a5295fb70ebb691e,7403,53,546,4,0.16441893577575684,17.0,0,0.85,BENIGN,INFO,lightgbm,HIGH
1864196aade4446a,-27932,53,482,4,0.24661898612976074,17.0,0,0.85,BENIGN,INFO,lightgbm,HIGH
7f12575ca81ff475,-13768,53,328,4,0.031677961349487305,17.0,0,0.85,BENIGN,INFO,lightgbm,HIGH
36490b624b53e9a0,22047,53,420,4,0.031805992126464844,17.0,0,0.85,BENIGN,INFO,lightgbm,HIGH
bee4ca22697cfac5,-5415,53,186,2,0.03128409385681152,17.0,0,0.85,BENIGN,INFO,lightgbm,HIGH
39b9115dada75e18,-28077,53,416,4,0.03109121322631836,17.0,0,0.85,BENIGN,INFO,lightgbm,HIGH
17d860fe04bad7e1,-13672,53,462,4,0.0002200603485107422,17.0,0,0.85,BENIGN,INFO,lightgbm,HIGH
a8225c3aedadb326,-3597,53,230,2,0.03074812889099121,17.0,0,0.85,BENIGN,INFO,lightgbm,HIGH
14cb5ccbf4e5f67b,6082,53,740,4,0.16881895065307617,17.0,0,0.85,BENIGN,INFO,lightgbm,HIGH
4abb6e1052bf0273,13184,53,484,4,0.1750950813293457,17.0,0,0.85,BENIGN,INFO,lightgbm,HIGH
672f57ad41ed22ce,-3073,53,392,2,0.16834211349487305,17.0,0,0.85,BENIGN,INFO,lightgbm,HIGH
eb31b201d9c153fc,-5053,53,532,4,306.3790283203125,17.0,0,0.85,BENIGN,INFO,lightgbm,HIGH
f2531ff776e20de8,-13750,53,604,4,0.19751286506652832,17.0,0,0.85,BENIGN,INFO,lightgbm,HIGH
763d6e1a52ea0199,18320,53,476,4,0.2286989688873291,17.0,0,0.85,BENIGN,INFO,lightgbm,HIGH
96ce0f1da193a0b5,-5321,53,342,2,0.22760605812072754,17.0,0,0.85,BENIGN,INFO,lightgbm,HIGH
aa88cbd50f718194,-27148,80,2392,20,62.831993103027344,6.0,4,0.85,DoS_Hulk,HIGH,lightgbm,HIGH
a7458bf442883e2e,-27146,80,4000,20,60.82823181152344,6.0,4,0.85,DoS_Hulk,HIGH,lightgbm,HIGH
0c288d92bac55f1c,-29222,80,4786,18,31.76040267944336,6.0,4,0.85,DoS_Hulk,HIGH,lightgbm,HIGH
816b4fda8dd86de5,-23908,80,5018,20,33.001808166503906,6.0,4,0.85,DoS_Hulk,HIGH,lightgbm,HIGH
746d341aa600faba,-31992,53,480,4,0.00019788742065429688,17.0,0,0.85,BENIGN,INFO,lightgbm,HIGH
52c1c1d3879c3750,-17965,53,450,4,0.030894994735717773,17.0,0,0.85,BENIGN,INFO,lightgbm,HIGH
a5cecf8409f475c7,-28334,80,4240,14,3.938192129135132,6.0,4,0.85,DoS_Hulk,HIGH,lightgbm,HIGH
753780577509e3fc,-11178,53,620,4,0.03090190887451172,17.0,0,0.85,BENIGN,INFO,lightgbm,HIGH
d15c69ea87fc994b,-31442,53,404,4,0.000202178955078125,17.0,0,0.85,BENIGN,INFO,lightgbm,HIGH
3f0da527d7416e83,-4204,53,332,2,0.030427932739257812,17.0,0,0.85,BENIGN,INFO,lightgbm,HIGH
daaa89b516712f7c,7862,53,352,4,0.0309600830078125,17.0,0,0.85,BENIGN,INFO,lightgbm,HIGH
db7934cf933905f0,-27180,53,432,4,0.031733036041259766,17.0,0,0.85,BENIGN,INFO,lightgbm,HIGH
f5564ce32a3f8266,-3900,53,198,2,0.030614137649536133,17.0,0,0.85,BENIGN,INFO,lightgbm,HIGH
7b47d47bbf83b366,-15964,443,7644,16,3.5637948513031006,6.0,0,0.85,BENIGN,INFO,lightgbm,HIGH
e4259960a0c95c3c,-26326,80,4048,14,12.070206642150879,6.0,4,0.85,DoS_Hulk,HIGH,lightgbm,HIGH
056bba4c28a54728,-16336,80,3082,12,0.552386999130249,6.0,4,0.85,DoS_Hulk,HIGH,lightgbm,HIGH
5768e98f9885d1cb,-3875,53,233,2,0.0004780292510986328,17.0,0,0.85,BENIGN,INFO,lightgbm,HIGH
6bed6197351fe356,-14064,80,3723,14,15.616876602172852,6.0,4,0.85,DoS_Hulk,HIGH,lightgbm,HIGH
9dcddd3c6bfbfa40,-14062,80,478,7,6.3365373611450195,6.0,4,0.85,DoS_Hulk,HIGH,lightgbm,HIGH
7a0554e0fe21b7c7,-5267,53,676,4,14.55709457397461,17.0,0,0.85,BENIGN,INFO,lightgbm,HIGH
31d64c56d7fa1dff,-23190,80,3937,16,12.759393692016602,6.0,4,0.85,DoS_Hulk,HIGH,lightgbm,HIGH
b372037904f59392,-11902,80,3755,22,60.878456115722656,6.0,4,0.85,DoS_Hulk,HIGH,lightgbm,HIGH
dd4e9893472e6fc8,-26522,80,3712,21,60.764122009277344,6.0,4,0.85,DoS_Hulk,HIGH,lightgbm,HIGH
df8dddf9949c8256,-17236,80,7512,26,61.053184509277344,6.0,4,0.85,DoS_Hulk,HIGH,lightgbm,HIGH
afb29f2403274924,22556,53,368,4,0.00016117095947265625,17.0,0,0.85,BENIGN,INFO,lightgbm,HIGH
1638daa9f433b718,2977,53,398,4,0.00018286705017089844,17.0,0,0.85,BENIGN,INFO,lightgbm,HIGH
4ae83425882ee295,22078,53,486,4,0.000244140625,17.0,0,0.85,BENIGN,INFO,lightgbm,HIGH
9740b1c3f6325b80,-7438,80,8682,40,116.65342712402344,6.0,4,0.85,DoS_Hulk,HIGH,lightgbm,HIGH
9c6f068d2239cc00,17078,53,520,4,0.00021386146545410156,17.0,0,0.85,BENIGN,INFO,lightgbm,HIGH
02d221beae1a0c94,-31709,53,392,4,0.030846118927001953,17.0,0,0.85,BENIGN,INFO,lightgbm,HIGH
4dae001ea429cb91,-3532,53,240,2,0.03040599822998047,17.0,0,0.85,BENIGN,INFO,lightgbm,HIGH
15c4ba45cf02dcbf,19406,53,340,4,0.030750036239624023,17.0,0,0.85,BENIGN,INFO,lightgbm,HIGH
568e484159d27512,5659,53,396,4,0.03161001205444336,17.0,0,0.85,BENIGN,INFO,lightgbm,HIGH
0cd6fa00bfe57160,-3796,53,192,2,0.030413150787353516,17.0,0,0.85,BENIGN,INFO,lightgbm,HIGH
13aa72df251ffa2e,-4522,53,512,4,291.3025817871094,17.0,0,0.85,BENIGN,INFO,lightgbm,HIGH
6c5caca95f3128a1,-21928,443,8843,42,180.2860565185547,6.0,0,0.85,BENIGN,INFO,lightgbm,HIGH
0d8c6014265f1cdd,-17592,80,10463,23,41.275108337402344,6.0,4,0.85,DoS_Hulk,HIGH,lightgbm,HIGH
9c5029da14842b87,-17590,80,478,7,5.431266784667969,6.0,4,0.85,DoS_Hulk,HIGH,lightgbm,HIGH
ed9fee2d9e48bbaa,-10144,80,6757,46,164.16876220703125,6.0,4,0.85,DoS_Hulk,HIGH,lightgbm,HIGH
88a808f74cdbe695,-7397,53,368,4,0.00014901161193847656,17.0,0,0.85,BENIGN,INFO,lightgbm,HIGH
f63712695ee33bc6,-9865,53,432,4,0.03154182434082031,17.0,0,0.85,BENIGN,INFO,lightgbm,HIGH
ebbf93ca405eafd5,11936,53,316,4,0.032260894775390625,17.0,0,0.85,BENIGN,INFO,lightgbm,HIGH
ea7f7c4868203262,-7880,53,408,4,0.03326892852783203,17.0,0,0.85,BENIGN,INFO,lightgbm,HIGH
c5a80a6dd6e53874,12879,53,400,4,0.035195112228393555,17.0,0,0.85,BENIGN,INFO,lightgbm,HIGH
e8006598c8ab7393,-5285,53,238,2,0.03085184097290039,17.0,0,0.85,BENIGN,INFO,lightgbm,HIGH
45316c58c49dae11,-32250,53,516,4,0.06348681449890137,17.0,0,0.85,BENIGN,INFO,lightgbm,HIGH
a470714ffbbc24f1,-13713,53,450,4,0.03369712829589844,17.0,0,0.85,BENIGN,INFO,lightgbm,HIGH
dad30831ced2b63a,-3705,53,280,2,0.032219886779785156,17.0,0,0.85,BENIGN,INFO,lightgbm,HIGH
41dd21d9f4537bca,-4492,53,226,2,0.032115936279296875,17.0,0,0.85,BENIGN,INFO,lightgbm,HIGH
dd224c42dc0c88e8,-13706,53,684,4,0.033566951751708984,17.0,0,0.85,BENIGN,INFO,lightgbm,HIGH
09217822484f42f2,-4072,53,247,2,0.03316903114318848,17.0,0,0.85,BENIGN,INFO,lightgbm,HIGH
6895381428003fb4,-28021,53,456,4,0.03431510925292969,17.0,0,0.85,BENIGN,INFO,lightgbm,HIGH
a3710f2ef59b6496,-3143,53,280,2,0.06282615661621094,17.0,0,0.85,BENIGN,INFO,lightgbm,HIGH
1564173961d4f509,-4232,53,364,2,0.0329279899597168,17.0,0,0.85,BENIGN,INFO,lightgbm,HIGH
ea7554d97cbb4cde,-3692,53,250,2,0.03383493423461914,17.0,0,0.85,BENIGN,INFO,lightgbm,HIGH
304abcdd985930a3,-2312,53,538,4,0.03420615196228027,17.0,0,0.85,BENIGN,INFO,lightgbm,HIGH
1c8eeda170d44626,26428,53,592,4,0.00024008750915527344,17.0,0,0.85,BENIGN,INFO,lightgbm,HIGH
83d9281cc1c0f39c,-5233,53,210,2,0.03382611274719238,17.0,0,0.85,BENIGN,INFO,lightgbm,HIGH
1b4f7b1220c8426c,-14889,53,364,4,0.03396296501159668,17.0,0,0.85,BENIGN,INFO,lightgbm,HIGH
b5f6d81976582a14,14922,53,474,4,0.0346379280090332,17.0,0,0.85,BENIGN,INFO,lightgbm,HIGH
61c8f68cb1535a6d,-4221,53,204,2,0.033596038818359375,17.0,0,0.85,BENIGN,INFO,lightgbm,HIGH
0f2f88f9b0a8ae77,-4573,53,259,2,0.03373599052429199,17.0,0,0.85,BENIGN,INFO,lightgbm,HIGH
a51f84fb4e2a512e,7704,53,392,4,0.06497907638549805,17.0,0,0.85,BENIGN,INFO,lightgbm,HIGH
41dfa17d64d23aea,25444,53,360,4,0.03765702247619629,17.0,0,0.85,BENIGN,INFO,lightgbm,HIGH
823e9b2ace782238,-3093,53,218,2,0.0646359920501709,17.0,0,0.85,BENIGN,INFO,lightgbm,HIGH
81efac7623713e38,-5489,53,661,6,300.64459228515625,17.0,0,0.85,BENIGN,INFO,lightgbm,HIGH
82f99051c1367f7f,24635,53,464,4,0.06750988960266113,17.0,0,0.85,BENIGN,INFO,lightgbm,HIGH
69140312624b8cee,-32295,53,578,4,0.06621789932250977,17.0,0,0.85,BENIGN,INFO,lightgbm,HIGH
41c3add5acd21af0,-4770,53,254,2,0.06711697578430176,17.0,0,0.85,BENIGN,INFO,lightgbm,HIGH
b0029f0ff5dedd36,-4874,53,267,2,0.0018889904022216797,17.0,0,0.85,BENIGN,INFO,lightgbm,HIGH
a84993f1a218f700,19949,53,394,4,0.03170585632324219,17.0,0,0.85,BENIGN,INFO,lightgbm,HIGH
dbe637835ebcd848,-29190,80,561,6,5.656230926513672,6.0,4,0.85,DoS_Hulk,HIGH,lightgbm,HIGH
3f2c8b5b750697f0,-29188,80,1860,13,30.109355926513672,6.0,4,0.85,DoS_Hulk,HIGH,lightgbm,HIGH
f174e1c64d340cb1,25183,53,418,4,0.00019502639770507812,17.0,0,0.85,BENIGN,INFO,lightgbm,HIGH
36785c6b28685009,-21936,80,5507,34,115.6016845703125,6.0,4,0.85,DoS_Hulk,HIGH,lightgbm,HIGH
0dde0312d043c3c2,-10022,80,2670,22,65.25843811035156,6.0,4,0.85,DoS_Hulk,HIGH,lightgbm,HIGH
22d2e868d80cc41f,-21934,80,412,6,5.641905784606934,6.0,4,0.85,DoS_Hulk,HIGH,lightgbm,HIGH
3a28554228aa30c4,17965,53,428,4,0.06179690361022949,17.0,0,0.85,BENIGN,INFO,lightgbm,HIGH
804c099ab12bdf47,-17817,53,396,4,0.06325483322143555,17.0,0,0.85,BENIGN,INFO,lightgbm,HIGH
0bfd3c7a82871911,28155,53,414,4,0.034449100494384766,17.0,0,0.85,BENIGN,INFO,lightgbm,HIGH
0ce4c097ed09d93a,8815,53,382,4,0.03466510772705078,17.0,0,0.85,BENIGN,INFO,lightgbm,HIGH
0b64b092cce23752,-32207,53,446,4,0.0005280971527099609,17.0,0,0.85,BENIGN,INFO,lightgbm,HIGH
325e0c8185e1cbb5,-20401,53,534,4,0.0002739429473876953,17.0,0,0.85,BENIGN,INFO,lightgbm,HIGH
f8faf079b21bab65,-8242,80,412,6,5.6502251625061035,6.0,4,0.85,DoS_Hulk,HIGH,lightgbm,HIGH
5a9ffcc122def325,-4934,53,522,4,357.7095642089844,17.0,0,0.85,BENIGN,INFO,lightgbm,HIGH
cd3015ad0be5bf29,-8240,80,7855,35,115.60984802246094,6.0,4,0.85,DoS_Hulk,HIGH,lightgbm,HIGH
00aa84c3ccc615bb,16375,53,348,4,0.035470008850097656,17.0,0,0.85,BENIGN,INFO,lightgbm,HIGH
8a4a4aaec8c6212a,15927,53,454,4,0.035614013671875,17.0,0,0.85,BENIGN,INFO,lightgbm,HIGH
1691315e500dbfdb,-10160,80,412,6,5.6681809425354,6.0,4,0.85,DoS_Hulk,HIGH,lightgbm,HIGH
c145ffeab329e760,-18465,53,490,4,0.06590700149536133,17.0,0,0.85,BENIGN,INFO,lightgbm,HIGH
d77b5ddac782388f,-10158,80,2004,20,60.254234313964844,6.0,4,0.85,DoS_Hulk,HIGH,lightgbm,HIGH
979f18a5b2ed2b87,26241,53,330,4,0.13374614715576172,17.0,0,0.85,BENIGN,INFO,lightgbm,HIGH
53bb1b7491b662bf,-3333,53,196,2,0.03510093688964844,17.0,0,0.85,BENIGN,INFO,lightgbm,HIGH
8b652e9875d35f95,-4151,53,244,2,0.1318070888519287,17.0,0,0.85,BENIGN,INFO,lightgbm,HIGH
f93768489191c5c3,-3521,53,170,2,0.002279043197631836,17.0,0,0.85,BENIGN,INFO,lightgbm,HIGH
f00a64362d9f1597,-10846,80,4922,14,0.07434487342834473,6.0,4,0.85,DoS_Hulk,HIGH,lightgbm,HIGH
87882a09f8b6d629,-31740,80,3679,12,15.070108413696289,6.0,4,0.85,DoS_Hulk,HIGH,lightgbm,HIGH
dc4c2af2392ea955,-10868,53,444,4,0.0383000373840332,17.0,0,0.85,BENIGN,INFO,lightgbm,HIGH
27ac263f3ace7bf1,-30897,53,480,4,0.03135991096496582,17.0,0,0.85,BENIGN,INFO,lightgbm,HIGH
37dbcf4a1e81f148,-31738,80,593,6,5.612090110778809,6.0,4,0.85,DoS_Hulk,HIGH,lightgbm,HIGH
dc30e90331b8896f,-4507,53,262,2,0.030998945236206055,17.0,0,0.85,BENIGN,INFO,lightgbm,HIGH
a1160e739ea7ecf2,-23899,53,352,4,0.031188011169433594,17.0,0,0.85,BENIGN,INFO,lightgbm,HIGH
216fea727573b52c,27005,53,432,4,0.13414812088012695,17.0,0,0.85,BENIGN,INFO,lightgbm,HIGH
62485de5cfc2c14c,-3567,53,238,2,0.13378500938415527,17.0,0,0.85,BENIGN,INFO,lightgbm,HIGH
b142535c1e83c554,-21709,53,402,4,0.00017905235290527344,17.0,0,0.85,BENIGN,INFO,lightgbm,HIGH
33a635de85842015,11370,53,426,4,0.00023794174194335938,17.0,0,0.85,BENIGN,INFO,lightgbm,HIGH
2352760c75cb6c17,-12244,80,1444,12,11.372307777404785,6.0,4,0.85,DoS_Hulk,HIGH,lightgbm,HIGH
c4b29fb744beeebf,30653,53,356,4,0.2378549575805664,17.0,0,0.85,BENIGN,INFO,lightgbm,HIGH
3aa32f20309fd819,-23814,53,462,4,0.03245902061462402,17.0,0,0.85,BENIGN,INFO,lightgbm,HIGH
a67f4c8255a2cea1,-5009,53,253,2,0.03208208084106445,17.0,0,0.85,BENIGN,INFO,lightgbm,HIGH
6170344f284e7839,-15880,53,328,4,0.031536102294921875,17.0,0,0.85,BENIGN,INFO,lightgbm,HIGH
c65cfede7e8a7160,13953,53,384,4,0.03111100196838379,17.0,0,0.85,BENIGN,INFO,lightgbm,HIGH
b216be6605146b18,-20058,80,2484,31,115.57173156738281,6.0,4,0.85,DoS_Hulk,HIGH,lightgbm,HIGH
63bb8bba39fcc319,-4311,53,186,2,0.0311431884765625,17.0,0,0.85,BENIGN,INFO,lightgbm,HIGH
77883a32a48ae15d,-13047,53,300,4,0.21294879913330078,17.0,0,0.85,BENIGN,INFO,lightgbm,HIGH
74e82d216265a647,-22684,53,356,4,0.20726895332336426,17.0,0,0.85,BENIGN,INFO,lightgbm,HIGH
c541e0846d8dd8e8,-30174,80,3796,32,115.56664276123047,6.0,4,0.85,DoS_Hulk,HIGH,lightgbm,HIGH
5a77695b07a0b9e6,-5074,53,172,2,0.21266913414001465,17.0,0,0.85,BENIGN,INFO,lightgbm,HIGH
2c01006e4a9cbe5c,19753,53,320,4,0.2861499786376953,17.0,0,0.85,BENIGN,INFO,lightgbm,HIGH
307c475eb5b91849,-17326,53,376,4,0.26338696479797363,17.0,0,0.85,BENIGN,INFO,lightgbm,HIGH
4ea8822b19f8a42a,-4741,53,182,2,0.2858240604400635,17.0,0,0.85,BENIGN,INFO,lightgbm,HIGH
2f992570bff61dcc,-29374,443,8982,26,10.333932876586914,6.0,0,0.85,BENIGN,INFO,lightgbm,HIGH
79a9109aaba8959d,-17020,80,3050,32,115.55628967285156,6.0,4,0.85,DoS_Hulk,HIGH,lightgbm,HIGH
a261a4c5848340c6,-7780,80,1910,20,61.46051788330078,6.0,4,0.85,DoS_Hulk,HIGH,lightgbm,HIGH
b12979d622e9579d,-7720,80,19392,40,60.82019805908203,6.0,4,0.85,DoS_Hulk,HIGH,lightgbm,HIGH
3b642bfc8d46f675,-23484,80,1540,10,5.684975624084473,6.0,4,0.85,DoS_Hulk,HIGH,lightgbm,HIGH
ac61f334def639c7,-5914,80,1963,12,15.542709350585938,6.0,4,0.85,DoS_Hulk,HIGH,lightgbm,HIGH
1719ca9e4b8969be,-16270,80,1290,10,0.5404000282287598,6.0,4,0.85,DoS_Hulk,HIGH,lightgbm,HIGH
ec3543f371f5c0af,-11364,80,1449,10,0.5650501251220703,6.0,4,0.85,DoS_Hulk,HIGH,lightgbm,HIGH
99a14ac546f51d97,-8442,443,6653,23,0.24112606048583984,6.0,0,0.85,BENIGN,INFO,lightgbm,HIGH
aad7ac4001e123fb,-12207,53,340,4,0.03090691566467285,17.0,0,0.85,BENIGN,INFO,lightgbm,HIGH
f429fcd724aca666,-6889,53,364,4,0.03137397766113281,17.0,0,0.85,BENIGN,INFO,lightgbm,HIGH
9a52c4cb6123fee6,-4198,53,192,2,0.030572175979614258,17.0,0,0.85,BENIGN,INFO,lightgbm,HIGH
1d374359ec500924,-3404,53,1086,8,372.8816223144531,17.0,0,0.85,BENIGN,INFO,lightgbm,HIGH
8b9ca9eb659d7510,-24682,443,9470,46,181.46224975585938,6.0,0,0.85,BENIGN,INFO,lightgbm,HIGH
8f72ea86ab84343d,-7706,80,9320,40,115.38336181640625,6.0,4,0.85,DoS_Hulk,HIGH,lightgbm,HIGH
00b46104170694cc,-16084,80,1976,10,0.07093691825866699,6.0,4,0.85,DoS_Hulk,HIGH,lightgbm,HIGH
bf933bf5222cd9cc,-19320,443,9487,22,20.14788055419922,6.0,0,0.85,BENIGN,INFO,lightgbm,HIGH
8ab41b3972194afe,-13549,53,584,4,0.12093305587768555,17.0,0,0.85,BENIGN,INFO,lightgbm,HIGH
736f6ed058f7c95c,22480,53,552,4,0.12229299545288086,17.0,0,0.85,BENIGN,INFO,lightgbm,HIGH
326db5d71c767a21,-3448,53,569,4,106.44519805908203,17.0,0,0.85,BENIGN,INFO,lightgbm,HIGH
e74807a1fbfaff1b,-3745,53,824,6,302.0562744140625,17.0,0,0.85,BENIGN,INFO,lightgbm,HIGH
b3beb59c229507e2,-22957,53,374,4,0.0008931159973144531,17.0,0,0.85,BENIGN,INFO,lightgbm,HIGH
347b43fb1c9b100b,-20879,53,398,4,0.0011680126190185547,17.0,0,0.85,BENIGN,INFO,lightgbm,HIGH
e712444330c67928,-5332,53,221,2,0.0006999969482421875,17.0,0,0.85,BENIGN,INFO,lightgbm,HIGH
9772286eccc7f9dd,-105,53,348,4,0.03081798553466797,17.0,0,0.85,BENIGN,INFO,lightgbm,HIGH
eda91495f4b56e83,-11807,53,428,4,0.031260013580322266,17.0,0,0.85,BENIGN,INFO,lightgbm,HIGH
1581039a2c72096b,-4942,53,236,2,0.030898094177246094,17.0,0,0.85,BENIGN,INFO,lightgbm,HIGH
f71aa48dfb7de163,-14424,443,6241,30,60.89635467529297,6.0,0,0.85,BENIGN,INFO,lightgbm,HIGH
f25e4ddd52fb1793,-14422,443,4218,16,5.516326904296875,6.0,0,0.85,BENIGN,INFO,lightgbm,HIGH
86510aad3fe9c34b,-16899,53,548,4,0.030849933624267578,17.0,0,0.85,BENIGN,INFO,lightgbm,HIGH
2e1e5b8c08fb8b80,-30609,53,740,4,0.031286001205444336,17.0,0,0.85,BENIGN,INFO,lightgbm,HIGH
36484b5bfed01fb0,-4143,53,392,2,0.0308380126953125,17.0,0,0.85,BENIGN,INFO,lightgbm,HIGH
15fee175df8d4ef0,-18265,53,548,4,0.3759891986846924,17.0,0,0.85,BENIGN,INFO,lightgbm,HIGH
7c7b6a197e4a9371,5381,53,484,4,0.3470630645751953,17.0,0,0.85,BENIGN,INFO,lightgbm,HIGH
7520e28506ceae18,-4788,53,296,2,0.37559008598327637,17.0,0,0.85,BENIGN,INFO,lightgbm,HIGH
2438da2e9a9cb6d8,-3548,53,348,2,0.34590697288513184,17.0,0,0.85,BENIGN,INFO,lightgbm,HIGH
02f3cb51c31a161d,-9632,80,2793,32,116.14815521240234,6.0,4,0.85,DoS_Hulk,HIGH,lightgbm,HIGH
76265b2830fc2458,-9630,80,412,6,5.176384925842285,6.0,4,0.85,DoS_Hulk,HIGH,lightgbm,HIGH
4162c789f647e01a,-29793,53,492,4,0.061837196350097656,17.0,0,0.85,BENIGN,INFO,lightgbm,HIGH
42d494f2a0161377,-4955,53,572,4,0.06139016151428223,17.0,0,0.85,BENIGN,INFO,lightgbm,HIGH
94cd5dabe927b4c9,-4963,53,467,4,314.76080322265625,17.0,0,0.85,BENIGN,INFO,lightgbm,HIGH
70330a24200b7e90,-5048,53,305,2,0.06094813346862793,17.0,0,0.85,BENIGN,INFO,lightgbm,HIGH
53f0d78c80914bd6,-19426,80,4316,32,115.8827133178711,6.0,4,0.85,DoS_Hulk,HIGH,lightgbm,HIGH
db08d77ff70c8864,-19424,80,4184,30,103.21041107177734,6.0,4,0.85,DoS_Hulk,HIGH,lightgbm,HIGH
ce2117b6f35d0efb,-19422,80,618,9,5.880647659301758,6.0,4,0.85,DoS_Hulk,HIGH,lightgbm,HIGH
62d48619c3c6f598,-455,53,374,4,0.03085017204284668,17.0,0,0.85,BENIGN,INFO,lightgbm,HIGH
3addef249c72a9b1,-9084,53,510,4,0.00024199485778808594,17.0,0,0.85,BENIGN,INFO,lightgbm,HIGH
1bee02d5fcffae0a,-4475,53,390,4,96.09060668945312,17.0,0,0.85,BENIGN,INFO,lightgbm,HIGH
9a053b8134a74d98,-31476,443,6403,30,60.359947204589844,6.0,0,0.85,BENIGN,INFO,lightgbm,HIGH
1fdbd1fe9e7c061f,-4037,53,226,2,0.030751943588256836,17.0,0,0.85,BENIGN,INFO,lightgbm,HIGH
57d9c8a0c25eb1b9,-15794,443,22287,28,1.1423070430755615,6.0,0,0.85,BENIGN,INFO,lightgbm,HIGH
0cbf0e783e254092,-13837,53,494,4,0.031183958053588867,17.0,0,0.85,BENIGN,INFO,lightgbm,HIGH
ee61d4bf4fd0eca2,-3234,53,210,2,0.030765056610107422,17.0,0,0.85,BENIGN,INFO,lightgbm,HIGH
e2132b0d0bc6d657,-15793,80,1167,10,81.08413696289062,6.0,4,0.85,DoS_Hulk,HIGH,lightgbm,HIGH
29ab3dbd5e9e8f81,-23225,53,482,4,0.00016808509826660156,17.0,0,0.85,BENIGN,INFO,lightgbm,HIGH
2be3716d2086035b,-32452,53,480,4,0.00020503997802734375,17.0,0,0.85,BENIGN,INFO,lightgbm,HIGH
9e9d2eb8dc3809c1,-14524,53,508,4,0.00020813941955566406,17.0,0,0.85,BENIGN,INFO,lightgbm,HIGH
881565f2b2be80cd,27177,53,652,4,0.0004379749298095703,17.0,0,0.85,BENIGN,INFO,lightgbm,HIGH
ac1a058b458ce4ad,-25008,53,340,4,0.023580074310302734,17.0,0,0.85,BENIGN,INFO,lightgbm,HIGH
743357436ce3f8fa,-14763,53,436,4,0.0003769397735595703,17.0,0,0.85,BENIGN,INFO,lightgbm,HIGH
82111d3b18a942d1,-4351,53,192,2,0.023115158081054688,17.0,0,0.85,BENIGN,INFO,lightgbm,HIGH
629fb0679d6d59bb,-7298,53,490,4,0.00017213821411132812,17.0,0,0.85,BENIGN,INFO,lightgbm,HIGH
a2157dbb8c7758a0,-4656,80,314386,254,2.188509941101074,6.0,4,0.85,DoS_Hulk,HIGH,lightgbm,HIGH
f4346e390d889176,-8154,53,452,4,0.037654876708984375,17.0,0,0.85,BENIGN,INFO,lightgbm,HIGH
58b4a9c74f949f8f,11040,53,548,4,0.04868888854980469,17.0,0,0.85,BENIGN,INFO,lightgbm,HIGH
92bcc108486adbf1,-4786,53,248,2,0.03727102279663086,17.0,0,0.85,BENIGN,INFO,lightgbm,HIGH
380ce79f2b742013,-4910,53,296,2,0.048252105712890625,17.0,0,0.85,BENIGN,INFO,lightgbm,HIGH
062db3dff37ffe21,-18750,80,1113,10,2.1646790504455566,6.0,4,0.85,DoS_Hulk,HIGH,lightgbm,HIGH
211a969907c15f78,-28374,80,1159362,1000,1.1161048412322998,6.0,4,0.85,DoS_Hulk,HIGH,lightgbm,HIGH
a309b1f21d127a7a,-12498,53,622,4,0.09070515632629395,17.0,0,0.85,BENIGN,INFO,lightgbm,HIGH
2d83c56f8ba5c658,-5132,53,602,4,199.68167114257812,17.0,0,0.85,BENIGN,INFO,lightgbm,HIGH
170989465ad2b94b,-15792,80,20684,26,4.36435604095459,6.0,4,0.85,DoS_Hulk,HIGH,lightgbm,HIGH
5f80c0a24f710a5b,-15791,443,164115,102,5.837803840637207,6.0,0,0.85,BENIGN,INFO,lightgbm,HIGH
85fcbec6cce7de77,-21187,53,368,4,0.00017595291137695312,17.0,0,0.85,BENIGN,INFO,lightgbm,HIGH
f224603366cda078,-8677,3289,780,13,1.811981201171875e-05,17.0,0,0.85,BENIGN,INFO,lightgbm,HIGH
271c1cb40e071707,4089,53,550,4,0.061814069747924805,17.0,0,0.85,BENIGN,INFO,lightgbm,HIGH
a2aa8c228c54cbd8,17290,53,506,4,0.0003750324249267578,17.0,0,0.85,BENIGN,INFO,lightgbm,HIGH
7bd98569c98c72ac,-8542,443,1268,10,0.03120589256286621,6.0,0,0.85,BENIGN,INFO,lightgbm,HIGH
d41f8000161b63b4,-31082,53,550,4,0.0615849494934082,17.0,0,0.85,BENIGN,INFO,lightgbm,HIGH
709e7da177a2dc03,-3839,53,508,4,366.62310791015625,17.0,0,0.85,BENIGN,INFO,lightgbm,HIGH
d2877edac1698089,-8541,443,4184,31,180.71275329589844,6.0,0,0.85,BENIGN,INFO,lightgbm,HIGH
f030bc804d21eb2f,-25690,1124,1027,13,1.811981201171875e-05,17.0,10,0.85,PortScan,MEDIUM,lightgbm,HIGH
8a8b84d9459b1e5e,-15790,443,5949,14,60.408329010009766,6.0,0,0.85,BENIGN,INFO,lightgbm,HIGH
05e81451f3f218d0,14648,53,876,4,0.07196712493896484,17.0,0,0.85,BENIGN,INFO,lightgbm,HIGH
b2383784eaf21716,-203,53,620,4,0.047963857650756836,17.0,0,0.85,BENIGN,INFO,lightgbm,HIGH
1d74f67e75f8dcd3,-4802,53,431,2,0.07139015197753906,17.0,0,0.85,BENIGN,INFO,lightgbm,HIGH
03356977fd48d390,-3393,53,381,2,0.04680609703063965,17.0,0,0.85,BENIGN,INFO,lightgbm,HIGH
1d63b0a5d2097416,-4366,53,524,4,102.96697235107422,17.0,0,0.85,BENIGN,INFO,lightgbm,HIGH
8950fd96222abaa4,-6614,53,432,4,0.024046897888183594,17.0,0,0.85,BENIGN,INFO,lightgbm,HIGH
86fc4c40b64c371f,-15789,443,7609,17,0.2620410919189453,6.0,0,0.85,BENIGN,INFO,lightgbm,HIGH
4930c7b7844573c5,-15788,443,7280,17,0.2650020122528076,6.0,0,0.85,BENIGN,INFO,lightgbm,HIGH
39d205beb5679222,-16173,80,12826,16,120.91707611083984,6.0,4,0.85,DoS_Hulk,HIGH,lightgbm,HIGH
401816f69bc92b9d,-8578,53,696,4,0.13659405708312988,17.0,0,0.85,BENIGN,INFO,lightgbm,HIGH
936379085c111973,-15787,443,7123,20,120.83557891845703,6.0,0,0.85,BENIGN,INFO,lightgbm,HIGH
dda6ed40157a580a,-15786,443,8010,18,0.49597692489624023,6.0,0,0.85,BENIGN,INFO,lightgbm,HIGH
abbf7a16ce6b6220,-10584,53,710,4,0.09741091728210449,17.0,0,0.85,BENIGN,INFO,lightgbm,HIGH
a6784ef9f0f89cc4,-5289,53,338,2,0.09693408012390137,17.0,0,0.85,BENIGN,INFO,lightgbm,HIGH
27e46e4b7ec74d65,-15785,443,7890,19,120.7982177734375,6.0,0,0.85,BENIGN,INFO,lightgbm,HIGH
19a6dd585256dc0a,1149,21,3472,50,0.14712309837341309,6.0,7,0.85,FTP-Patator,MEDIUM,lightgbm,HIGH
f33aa467769eb5b2,1150,27088,22158,28,0.0321500301361084,6.0,0,0.85,BENIGN,INFO,lightgbm,HIGH
36210a70849b1051,-10546,53,838,4,0.3080790042877197,17.0,0,0.85,BENIGN,INFO,lightgbm,HIGH
593dbbd087894376,-4491,53,668,4,281.04339599609375,17.0,0,0.85,BENIGN,INFO,lightgbm,HIGH
aa0f3e8b73b986b1,-15784,80,249559,202,154.4525146484375,6.0,4,0.85,DoS_Hulk,HIGH,lightgbm,HIGH
ac4ae27d6df772b0,-16172,135,2632,24,14.999231338500977,6.0,0,0.85,BENIGN,INFO,lightgbm,HIGH
bffcb41bbd20d79e,-16171,-15870,3266,24,14.998527526855469,6.0,0,0.85,BENIGN,INFO,lightgbm,HIGH
cf2d1be50f9dbce1,-16170,80,2317,12,110.02090454101562,6.0,4,0.85,DoS_Hulk,HIGH,lightgbm,HIGH
edaa1c43d0e3afac,-16169,80,2557,12,110.02052307128906,6.0,4,0.85,DoS_Hulk,HIGH,lightgbm,HIGH
c83d33792ca51884,-16168,80,4293,15,110.02059173583984,6.0,4,0.85,DoS_Hulk,HIGH,lightgbm,HIGH
0a0e22f2dca5f3f3,-16200,53,502,4,0.024047136306762695,17.0,0,0.85,BENIGN,INFO,lightgbm,HIGH
7ca8b54c9ce9fb3b,-4428,53,244,2,0.023638010025024414,17.0,0,0.85,BENIGN,INFO,lightgbm,HIGH
b4bf61b2053883e0,-15783,443,29924,32,2.567833185195923,6.0,0,0.85,BENIGN,INFO,lightgbm,HIGH
a08a4e5d56a674b4,-3138,53,409,2,0.15610003471374512,17.0,0,0.85,BENIGN,INFO,lightgbm,HIGH
46e9124514499cc7,-3311,53,656,6,0.15910792350769043,17.0,0,0.85,BENIGN,INFO,lightgbm,HIGH
8b92f08b1f0758a7,-15782,80,541220,412,152.63038635253906,6.0,4,0.85,DoS_Hulk,HIGH,lightgbm,HIGH
b00ba72c78529004,-16167,443,8434,15,0.36847591400146484,6.0,0,0.85,BENIGN,INFO,lightgbm,HIGH
5151a0824ec35ce3,-13994,53,494,4,0.023964881896972656,17.0,0,0.85,BENIGN,INFO,lightgbm,HIGH
bf4f8926415c1a7c,-16166,80,2494,12,0.11090302467346191,6.0,4,0.85,DoS_Hulk,HIGH,lightgbm,HIGH
a8817afcf8ff1a4c,-2101,53,598,4,0.00019407272338867188,17.0,0,0.85,BENIGN,INFO,lightgbm,HIGH
6d19d70605a333c8,-16165,80,32202,46,122.48212432861328,6.0,4,0.85,DoS_Hulk,HIGH,lightgbm,HIGH
d8cfeeddb7e6c957,-16164,80,2840,14,0.13212800025939941,6.0,4,0.85,DoS_Hulk,HIGH,lightgbm,HIGH
8dd679e115142f92,-16163,80,2494,12,0.1277329921722412,6.0,4,0.85,DoS_Hulk,HIGH,lightgbm,HIGH
d88ccb4413609c6d,-16162,80,2764,12,0.11938095092773438,6.0,4,0.85,DoS_Hulk,HIGH,lightgbm,HIGH
c88b5492c63b7e13,-15781,443,8271,16,0.46016907691955566,6.0,0,0.85,BENIGN,INFO,lightgbm,HIGH
be9b7f6327bffa7f,-16332,3268,11444,35,96.2448959350586,6.0,0,0.85,BENIGN,INFO,lightgbm,HIGH
236ab681e0e56ad9,-16331,389,11444,35,96.22328186035156,6.0,0,0.85,BENIGN,INFO,lightgbm,HIGH
d84e790ec58bff3a,-3025,53,364,4,0.14546608924865723,17.0,0,0.85,BENIGN,INFO,lightgbm,HIGH
af580c43a1e82232,-3396,53,523,4,295.4931640625,17.0,0,0.85,BENIGN,INFO,lightgbm,HIGH
3fda675afd04f427,-16161,80,2496,12,0.122650146484375,6.0,4,0.85,DoS_Hulk,HIGH,lightgbm,HIGH
2f9cc2bd976a6c32,-16330,443,5530,13,0.17714691162109375,6.0,0,0.85,BENIGN,INFO,lightgbm,HIGH
8e38dfd3a54cee93,-16160,80,2518,12,0.11434698104858398,6.0,4,0.85,DoS_Hulk,HIGH,lightgbm,HIGH
06d1d577e1bf2d2e,-16329,443,765,11,0.0724489688873291,6.0,0,0.85,BENIGN,INFO,lightgbm,HIGH
fb2dd270176c9e9c,-16159,80,3372,13,0.1109769344329834,6.0,4,0.85,DoS_Hulk,HIGH,lightgbm,HIGH
ab12505861e6f7a8,-16158,80,2496,12,0.12413597106933594,6.0,4,0.85,DoS_Hulk,HIGH,lightgbm,HIGH
a87ffc426c12d3c7,-3131,53,586,4,0.08320999145507812,17.0,0,0.85,BENIGN,INFO,lightgbm,HIGH
466808d72489d0dc,-1007,53,560,4,0.024287939071655273,17.0,0,0.85,BENIGN,INFO,lightgbm,HIGH
1dfdc2dd83ba726a,-5135,53,405,4,279.49224853515625,17.0,0,0.85,BENIGN,INFO,lightgbm,HIGH
7b66d2658606641b,-15962,80,2345,10,60.15219497680664,6.0,4,0.85,DoS_Hulk,HIGH,lightgbm,HIGH
fd84005577e07168,-15963,80,2446,10,60.15040969848633,6.0,4,0.85,DoS_Hulk,HIGH,lightgbm,HIGH
40692d29acbcdf5d,-15961,80,2401,10,60.11835479736328,6.0,4,0.85,DoS_Hulk,HIGH,lightgbm,HIGH
bcfd0484b538a62f,-15960,80,5573,13,45.60899353027344,6.0,4,0.85,DoS_Hulk,HIGH,lightgbm,HIGH
5874df6546e30e82,-4647,53,506,4,0.023908138275146484,17.0,0,0.85,BENIGN,INFO,lightgbm,HIGH
2824fdf46a981ea9,-3667,53,244,2,0.02352595329284668,17.0,0,0.85,BENIGN,INFO,lightgbm,HIGH
a63057b3437d55d2,-15780,443,11335,17,0.4069368839263916,6.0,0,0.85,BENIGN,INFO,lightgbm,HIGH
c61582aa83aba0f9,-5332,53,494,4,0.0002970695495605469,17.0,0,0.85,BENIGN,INFO,lightgbm,HIGH
0a54dbbd6d75f11a,-15959,80,2498,12,0.11725997924804688,6.0,4,0.85,DoS_Hulk,HIGH,lightgbm,HIGH
04f355bd9f951092,-170,53,598,4,0.00020503997802734375,17.0,0,0.85,BENIGN,INFO,lightgbm,HIGH
601710798069c815,-15958,80,40064,55,117.41598510742188,6.0,4,0.85,DoS_Hulk,HIGH,lightgbm,HIGH
220025185ee73d63,-15957,80,2828,13,0.12239789962768555,6.0,4,0.85,DoS_Hulk,HIGH,lightgbm,HIGH
4203ffdd5ee8389f,-15956,80,2630,14,0.11100292205810547,6.0,4,0.85,DoS_Hulk,HIGH,lightgbm,HIGH
c6c17da9ccb5deed,-15955,80,2844,14,0.11726689338684082,6.0,4,0.85,DoS_Hulk,HIGH,lightgbm,HIGH
686c26450aa2eb47,-8357,53,876,4,0.0002510547637939453,17.0,0,0.85,BENIGN,INFO,lightgbm,HIGH
8b133fa166967aad,-15779,443,10278,31,60.91971969604492,6.0,0,0.85,BENIGN,INFO,lightgbm,HIGH
6a196b67214d87fa,-4713,53,736,4,0.00020694732666015625,17.0,0,0.85,BENIGN,INFO,lightgbm,HIGH
096030ed65381588,-357,53,636,4,0.023764848709106445,17.0,0,0.85,BENIGN,INFO,lightgbm,HIGH
67537a4cbf7a2c33,-5164,53,592,4,87.82581329345703,17.0,0,0.85,BENIGN,INFO,lightgbm,HIGH
97ee170e5e10584f,-15954,80,2632,14,0.1340620517730713,6.0,4,0.85,DoS_Hulk,HIGH,lightgbm,HIGH
1c453537e6464d25,12227,53,428,4,0.00017309188842773438,17.0,0,0.85,BENIGN,INFO,lightgbm,HIGH
5a6041bad6a5c044,-23370,389,1782,20,0.0004999637603759766,6.0,0,0.85,BENIGN,INFO,lightgbm,HIGH
dfda43ff7bd33560,15949,53,552,4,0.00016808509826660156,17.0,0,0.85,BENIGN,INFO,lightgbm,HIGH
6782ac73ffef7939,28880,53,428,4,0.00019407272338867188,17.0,0,0.85,BENIGN,INFO,lightgbm,HIGH
2c44e44dcaf8a649,-23368,389,85110,272,336.30694580078125,6.0,0,0.85,BENIGN,INFO,lightgbm,HIGH
14fe14854018e68b,25167,53,444,4,0.0001590251922607422,17.0,0,0.85,BENIGN,INFO,lightgbm,HIGH
0d1fdbe3963ad661,2954,53,444,4,0.0001571178436279297,17.0,0,0.85,BENIGN,INFO,lightgbm,HIGH
194fb3899dc5b050,23064,53,328,4,0.00017213821411132812,17.0,0,0.85,BENIGN,INFO,lightgbm,HIGH
4f3b77f8531383b9,17476,53,390,4,0.00023317337036132812,17.0,0,0.85,BENIGN,INFO,lightgbm,HIGH
bad0f02e0c4a9673,-32081,88,882,4,0.000514984130859375,17.0,0,0.85,BENIGN,INFO,lightgbm,HIGH
1fc2c50ac55d446e,-3878,53,494,4,0.0001609325408935547,17.0,0,0.85,BENIGN,INFO,lightgbm,HIGH
55832fe9922797f7,5202,53,444,4,0.0001671314239501953,17.0,0,0.85,BENIGN,INFO,lightgbm,HIGH
964a9c4f7f2f9ac7,27611,53,444,4,0.00016808509826660156,17.0,0,0.85,BENIGN,INFO,lightgbm,HIGH
91d1f8e25021fff1,14814,53,328,4,0.00016999244689941406,17.0,0,0.85,BENIGN,INFO,lightgbm,HIGH
47b0523cbaed90a1,-15724,53,390,4,0.00017499923706054688,17.0,0,0.85,BENIGN,INFO,lightgbm,HIGH
3b5fb3259baa3301,-30166,88,3556,4,0.0007228851318359375,17.0,0,0.85,BENIGN,INFO,lightgbm,HIGH
553162e5c9414f89,-19881,53,494,4,0.0003020763397216797,17.0,0,0.85,BENIGN,INFO,lightgbm,HIGH
45e09e4685b63169,-3855,53,444,4,0.00015306472778320312,17.0,0,0.85,BENIGN,INFO,lightgbm,HIGH
996b19dfc0667977,-1129,53,444,4,0.0001499652862548828,17.0,0,0.85,BENIGN,INFO,lightgbm,HIGH
4cfd39440a0b27bd,26850,53,328,4,0.00017690658569335938,17.0,0,0.85,BENIGN,INFO,lightgbm,HIGH
a5160f500966d3fc,-9925,53,390,4,0.00023484230041503906,17.0,0,0.85,BENIGN,INFO,lightgbm,HIGH
bcbf1b3117012746,-16969,88,3690,4,0.0009660720825195312,17.0,0,0.85,BENIGN,INFO,lightgbm,HIGH
e2607c98dfe35a3d,0,0,882,6,268.4665222167969,17.0,0,0.85,BENIGN,INFO,lightgbm,HIGH
231ee14f23469d2f,-17912,53,494,4,0.0003190040588378906,17.0,0,0.85,BENIGN,INFO,lightgbm,HIGH
403b928bcd174584,-15960,53,444,4,0.00017118453979492188,17.0,0,0.85,BENIGN,INFO,lightgbm,HIGH
83800be8956f654d,-16913,53,328,4,0.0001709461212158203,17.0,0,0.85,BENIGN,INFO,lightgbm,HIGH
8d5a651b775ffa0e,13314,53,390,4,0.00018095970153808594,17.0,0,0.85,BENIGN,INFO,lightgbm,HIGH
e4a2458b5d597c48,-7678,88,7694,20,0.0012331008911132812,6.0,0,0.85,BENIGN,INFO,lightgbm,HIGH
32668094f567ce79,-21889,53,494,4,0.0001480579376220703,17.0,0,0.85,BENIGN,INFO,lightgbm,HIGH
7d8a0328e2eaf9cc,-15953,80,2830,13,0.11354494094848633,6.0,4,0.85,DoS_Hulk,HIGH,lightgbm,HIGH
1addf923be750950,-15952,80,3508,15,0.11798882484436035,6.0,4,0.85,DoS_Hulk,HIGH,lightgbm,HIGH
de9b3d4d8b824eb6,-15951,80,2632,14,0.11745500564575195,6.0,4,0.85,DoS_Hulk,HIGH,lightgbm,HIGH
6863d3248434bad8,-15950,80,2632,14,0.11713981628417969,6.0,4,0.85,DoS_Hulk,HIGH,lightgbm,HIGH
7fcd4077dbd522d6,-15949,80,2500,12,0.11124396324157715,6.0,4,0.85,DoS_Hulk,HIGH,lightgbm,HIGH
fe3dedcf64900bc1,-11422,53,570,4,0.06958198547363281,17.0,0,0.85,BENIGN,INFO,lightgbm,HIGH
ec946c506016c71e,-15948,443,5307,15,0.59617018699646,6.0,0,0.85,BENIGN,INFO,lightgbm,HIGH
02e3c86c5dfb73d7,-6392,53,712,6,0.1619429588317871,17.0,0,0.85,BENIGN,INFO,lightgbm,HIGH
9322a107d4363f34,-3312,53,284,2,0.16153597831726074,17.0,0,0.85,BENIGN,INFO,lightgbm,HIGH
b3883106fec4d7f1,-15947,443,9124,21,0.40735793113708496,6.0,0,0.85,BENIGN,INFO,lightgbm,HIGH
cb812789738e0f2c,-9805,53,506,4,0.00018906593322753906,17.0,0,0.85,BENIGN,INFO,lightgbm,HIGH
4f6c2188735654c0,-16157,443,9053,17,54.97635269165039,6.0,0,0.85,BENIGN,INFO,lightgbm,HIGH
e3d5e1aafbddf7e2,-3651,53,730,6,0.24301791191101074,17.0,0,0.85,BENIGN,INFO,lightgbm,HIGH
6468e27c4567674b,-15946,443,8890,19,60.51969528198242,6.0,0,0.85,BENIGN,INFO,lightgbm,HIGH
d71a874672451999,-11340,53,492,4,0.0472409725189209,17.0,0,0.85,BENIGN,INFO,lightgbm,HIGH
be8368e191404df7,-15945,80,2831,8,1.1455111503601074,6.0,4,0.85,DoS_Hulk,HIGH,lightgbm,HIGH
70e5a55b3fb84e86,-8588,53,592,4,0.0002090930938720703,17.0,0,0.85,BENIGN,INFO,lightgbm,HIGH
16c68d796177bd88,-15944,443,7015,18,60.69572830200195,6.0,0,0.85,BENIGN,INFO,lightgbm,HIGH
421e534037d0fe86,-9186,53,422,4,0.023910999298095703,17.0,0,0.85,BENIGN,INFO,lightgbm,HIGH
0c3f6dff706c0975,-5014,53,233,2,0.023576021194458008,17.0,0,0.85,BENIGN,INFO,lightgbm,HIGH
74d5dae242190858,-10070,53,536,4,0.07016706466674805,17.0,0,0.85,BENIGN,INFO,lightgbm,HIGH
4a47e998119b0cc3,-15943,443,9092,22,36.8073844909668,6.0,0,0.85,BENIGN,INFO,lightgbm,HIGH
a5342ed59ef91730,-15942,443,8409,22,36.76264190673828,6.0,0,0.85,BENIGN,INFO,lightgbm,HIGH
b89aaf95f522148c,-7143,53,492,4,0.0001728534698486328,17.0,0,0.85,BENIGN,INFO,lightgbm,HIGH
bae71f72a80c1e1a,-15941,80,2681,8,0.4056119918823242,6.0,4,0.85,DoS_Hulk,HIGH,lightgbm,HIGH
2ad00dce056ba12d,-5386,53,562,4,0.060194969177246094,17.0,0,0.85,BENIGN,INFO,lightgbm,HIGH
91ce5465a46900eb,-4896,53,458,4,338.705078125,17.0,0,0.85,BENIGN,INFO,lightgbm,HIGH
d96d2e9201eb173a,-15926,53,376,4,0.0001709461212158203,17.0,0,0.85,BENIGN,INFO,lightgbm,HIGH
8ba394dc9ee24c78,-7468,53,664,4,0.04905414581298828,17.0,0,0.85,BENIGN,INFO,lightgbm,HIGH
2e8e2d66bffe1d39,-3581,53,354,2,0.0484318733215332,17.0,0,0.85,BENIGN,INFO,lightgbm,HIGH
88a70139b7b926c7,-15778,443,6608,27,60.7920036315918,6.0,0,0.85,BENIGN,INFO,lightgbm,HIGH
06007e1c215e7212,-15375,53,648,4,0.0002110004425048828,17.0,0,0.85,BENIGN,INFO,lightgbm,HIGH
f1417e6db62e471e,-14960,53,556,4,0.023739099502563477,17.0,0,0.85,BENIGN,INFO,lightgbm,HIGH
74b1e00e637d79c8,-5270,53,300,2,0.02339005470275879,17.0,0,0.85,BENIGN,INFO,lightgbm,HIGH
d050f51e4ab4a9b5,-17929,53,368,4,0.0001850128173828125,17.0,0,0.85,BENIGN,INFO,lightgbm,HIGH
524d2cb9d13546e5,-220,53,368,4,0.00017404556274414062,17.0,0,0.85,BENIGN,INFO,lightgbm,HIGH
b2c27d9fea30235d,-12907,53,548,4,0.059943199157714844,17.0,0,0.85,BENIGN,INFO,lightgbm,HIGH
84d347c754cf6045,-15940,443,19205,31,30.52829360961914,6.0,0,0.85,BENIGN,INFO,lightgbm,HIGH
c54c0e7f5bde99d2,-6802,53,594,4,0.04752087593078613,17.0,0,0.85,BENIGN,INFO,lightgbm,HIGH
dfe501b6aec064e8,-4127,53,319,2,0.04704713821411133,17.0,0,0.85,BENIGN,INFO,lightgbm,HIGH
ac94eeb8847e1b10,-13012,53,924,6,0.13550114631652832,17.0,0,0.85,BENIGN,INFO,lightgbm,HIGH
b285d3acbcee3cb2,-3840,53,387,2,0.13505005836486816,17.0,0,0.85,BENIGN,INFO,lightgbm,HIGH
c4e051ec06a50e01,-16156,443,44525,73,115.75908660888672,6.0,0,0.85,BENIGN,INFO,lightgbm,HIGH
3a30c6dd63909155,-3107,53,476,4,0.0001919269561767578,17.0,0,0.85,BENIGN,INFO,lightgbm,HIGH
d80d646ea72be845,-4015,53,550,4,0.0001499652862548828,17.0,0,0.85,BENIGN,INFO,lightgbm,HIGH
0b2497390d671fd3,-16155,443,111719,157,126.60901641845703,6.0,0,0.85,BENIGN,INFO,lightgbm,HIGH
ab906efa8789bab6,-16154,443,5035,16,5.046439170837402,6.0,0,0.85,BENIGN,INFO,lightgbm,HIGH
c11a415d04402212,-15649,53,612,4,0.0001900196075439453,17.0,0,0.85,BENIGN,INFO,lightgbm,HIGH
1154b9c15f4fc7fd,-5198,53,518,4,0.0237271785736084,17.0,0,0.85,BENIGN,INFO,lightgbm,HIGH
fcc885e357200cae,-4601,53,281,2,0.023378849029541016,17.0,0,0.85,BENIGN,INFO,lightgbm,HIGH
2c74fb01d574fece,-16153,80,3217,32,115.521484375,6.0,4,0.85,DoS_Hulk,HIGH,lightgbm,HIGH
9dccf035299b00b1,-9129,53,894,6,0.12207198143005371,17.0,0,0.85,BENIGN,INFO,lightgbm,HIGH
95fe053f453f4382,-3866,53,376,2,0.1214900016784668,17.0,0,0.85,BENIGN,INFO,lightgbm,HIGH
eb5e870898a20472,-16152,443,23201,55,124.04359436035156,6.0,0,0.85,BENIGN,INFO,lightgbm,HIGH
88fac896e6315999,-6965,53,612,4,0.00019693374633789062,17.0,0,0.85,BENIGN,INFO,lightgbm,HIGH
8d222f244657c6ec,-4287,53,493,4,326.2071228027344,17.0,0,0.85,BENIGN,INFO,lightgbm,HIGH
96c4103e4dd3af40,-1361,53,876,4,0.07014179229736328,17.0,0,0.85,BENIGN,INFO,lightgbm,HIGH
e7a723a302fa411f,-31279,53,776,4,1.0934979915618896,17.0,0,0.85,BENIGN,INFO,lightgbm,HIGH
5dc5f6848e099172,-3425,53,460,2,0.06955218315124512,17.0,0,0.85,BENIGN,INFO,lightgbm,HIGH
37a4e0ecd37bb2f5,-16766,443,13743,44,119.25241088867188,6.0,0,0.85,BENIGN,INFO,lightgbm,HIGH
bd23388fa109d1e9,-2553,53,394,4,0.02389383316040039,17.0,0,0.85,BENIGN,INFO,lightgbm,HIGH
30ee90d7799c0582,-11505,53,380,4,0.00016999244689941406,17.0,0,0.85,BENIGN,INFO,lightgbm,HIGH
0d07079ee3a42ac4,-3577,53,404,4,0.08142709732055664,17.0,0,0.85,BENIGN,INFO,lightgbm,HIGH
d0fb60414545699a,-3484,53,762,6,243.71592712402344,17.0,0,0.85,BENIGN,INFO,lightgbm,HIGH
9bd83bde983dd617,-15777,443,19804,25,100.67767333984375,6.0,0,0.85,BENIGN,INFO,lightgbm,HIGH
1f58ad41907f49c3,29122,53,428,4,0.0002238750457763672,17.0,0,0.85,BENIGN,INFO,lightgbm,HIGH
ac954648f025cd7e,-23364,389,1782,20,0.0005791187286376953,6.0,0,0.85,BENIGN,INFO,lightgbm,HIGH
295743ec6afe487d,-11048,53,544,4,0.00020003318786621094,17.0,0,0.85,BENIGN,INFO,lightgbm,HIGH
32a19a7c8d86da8a,-30855,53,420,4,0.0001761913299560547,17.0,0,0.85,BENIGN,INFO,lightgbm,HIGH
704dae716273e9ee,-9404,3268,58121,223,304.49151611328125,6.0,0,0.85,BENIGN,INFO,lightgbm,HIGH
8cc12f97feee8934,-15857,53,444,4,0.000164031982421875,17.0,0,0.85,BENIGN,INFO,lightgbm,HIGH
0d2cfc55f6a20435,6040,53,444,4,0.00015401840209960938,17.0,0,0.85,BENIGN,INFO,lightgbm,HIGH
b55e7b7e611538fc,-13447,53,328,4,0.00017976760864257812,17.0,0,0.85,BENIGN,INFO,lightgbm,HIGH
d398ac872166e81f,6606,53,390,4,0.00023698806762695312,17.0,0,0.85,BENIGN,INFO,lightgbm,HIGH
0bf0c94a93de4013,-28646,88,882,4,0.0004210472106933594,17.0,0,0.85,BENIGN,INFO,lightgbm,HIGH
109141f075f6f278,-7361,53,494,4,0.0001709461212158203,17.0,0,0.85,BENIGN,INFO,lightgbm,HIGH
67ed855d4f46e59f,-2536,53,444,4,0.00016307830810546875,17.0,0,0.85,BENIGN,INFO,lightgbm,HIGH
e356c2253796fa8d,-7621,53,444,4,0.00018596649169921875,17.0,0,0.85,BENIGN,INFO,lightgbm,HIGH
f112352fd6d7a687,12229,53,328,4,0.00017309188842773438,17.0,0,0.85,BENIGN,INFO,lightgbm,HIGH
5036d2c27066d74d,-25217,53,390,4,0.0002319812774658203,17.0,0,0.85,BENIGN,INFO,lightgbm,HIGH
9a2092323e6c2d92,-11913,88,3556,4,0.0007250308990478516,17.0,0,0.85,BENIGN,INFO,lightgbm,HIGH
c1b1f20b4a257c39,26743,53,494,4,0.00030803680419921875,17.0,0,0.85,BENIGN,INFO,lightgbm,HIGH
5e41ccafa0faa94f,23639,53,444,4,0.00017714500427246094,17.0,0,0.85,BENIGN,INFO,lightgbm,HIGH
66679dfd283220bb,-6945,53,444,4,0.00016307830810546875,17.0,0,0.85,BENIGN,INFO,lightgbm,HIGH
13feeaf160f3be42,18319,53,328,4,0.00016999244689941406,17.0,0,0.85,BENIGN,INFO,lightgbm,HIGH
a8ab3f3eac0f1d95,-9418,53,390,4,0.0001819133758544922,17.0,0,0.85,BENIGN,INFO,lightgbm,HIGH
23a4051a4bce467e,-26710,88,3690,4,0.0009620189666748047,17.0,0,0.85,BENIGN,INFO,lightgbm,HIGH
ca62f63244bf1cee,7313,53,494,4,0.00012183189392089844,17.0,0,0.85,BENIGN,INFO,lightgbm,HIGH
48d7ebc2058f90d5,11535,53,444,4,0.00015091896057128906,17.0,0,0.85,BENIGN,INFO,lightgbm,HIGH
aee7526201eb7d84,-11046,53,328,4,0.00015807151794433594,17.0,0,0.85,BENIGN,INFO,lightgbm,HIGH
3b6c535fba401512,-8241,53,390,4,0.00023412704467773438,17.0,0,0.85,BENIGN,INFO,lightgbm,HIGH
5a4cc12e6a9bd7d0,-7672,88,7694,20,0.0012328624725341797,6.0,0,0.85,BENIGN,INFO,lightgbm,HIGH
23de797f020932aa,-10920,53,494,4,0.0002090930938720703,17.0,0,0.85,BENIGN,INFO,lightgbm,HIGH
375b01370f0c0c3f,5353,5353,48360,312,281.3522033691406,17.0,0,0.85,BENIGN,INFO,lightgbm,HIGH
506ed684f3fd4737,-32723,389,394,4,0.00011205673217773438,17.0,0,0.85,BENIGN,INFO,lightgbm,HIGH
9a9cbe3034ad5f1b,0,0,60,1,0.0,2.0,0,0.85,BENIGN,INFO,lightgbm,HIGH
c4e7fbde114b21a9,-11716,53,410,4,0.0008580684661865234,17.0,0,0.85,BENIGN,INFO,lightgbm,HIGH
abf4170440987b73,-3697,53,227,2,0.000431060791015625,17.0,0,0.85,BENIGN,INFO,lightgbm,HIGH
961307254e774f74,-12557,53,410,4,0.0001690387725830078,17.0,0,0.85,BENIGN,INFO,lightgbm,HIGH
6015e9a857ba7a85,137,137,30992,286,310.2908935546875,17.0,0,0.85,BENIGN,INFO,lightgbm,HIGH
9da24d2346746180,138,138,10803,39,202.49559020996094,17.0,0,0.85,BENIGN,INFO,lightgbm,HIGH
1c9dfaa65cf0d7b3,137,137,416,4,310.2871398925781,17.0,0,0.85,BENIGN,INFO,lightgbm,HIGH
f4a9fdc9be7de3ac,123,123,3600,40,288.01519775390625,17.0,0,0.85,BENIGN,INFO,lightgbm,HIGH
2a1f0e2a024b7d08,17472,53,368,4,0.00020599365234375,17.0,0,0.85,BENIGN,INFO,lightgbm,HIGH
56569e89494a1ebe,-4677,53,426,4,0.00025200843811035156,17.0,0,0.85,BENIGN,INFO,lightgbm,HIGH
9f28d38d4e77a0d3,-3150,53,670,6,0.12301778793334961,17.0,0,0.85,BENIGN,INFO,lightgbm,HIGH
f1ecb703f6cb6923,-4580,53,267,2,0.122589111328125,17.0,0,0.85,BENIGN,INFO,lightgbm,HIGH
c37c92e5b54f5062,-15939,443,9945,20,6.5848388671875,6.0,0,0.85,BENIGN,INFO,lightgbm,HIGH
472c6bdc4fd61fd8,-4798,53,282,2,0.16072297096252441,17.0,0,0.85,BENIGN,INFO,lightgbm,HIGH
bbb095454b22c202,-8344,443,9558,22,60.55801010131836,6.0,0,0.85,BENIGN,INFO,lightgbm,HIGH
8377d29701b315f2,-232,53,636,4,0.047338008880615234,17.0,0,0.85,BENIGN,INFO,lightgbm,HIGH
daead03093800d84,-2991,53,574,4,240.9471435546875,17.0,0,0.85,BENIGN,INFO,lightgbm,HIGH
2575b5a3c88bd05b,-15776,80,56313,48,20.873363494873047,6.0,4,0.85,DoS_Hulk,HIGH,lightgbm,HIGH
72ec5f4a588670ba,-11529,53,512,4,0.07001304626464844,17.0,0,0.85,BENIGN,INFO,lightgbm,HIGH
cc6dd51637c2aa60,-3930,53,278,2,0.0695199966430664,17.0,0,0.85,BENIGN,INFO,lightgbm,HIGH
51c8ce8298cd8da7,-15775,80,5541,16,0.5190420150756836,6.0,4,0.85,DoS_Hulk,HIGH,lightgbm,HIGH
26a7b3fa51bc81d1,-11823,53,428,4,0.0002319812774658203,17.0,0,0.85,BENIGN,INFO,lightgbm,HIGH
e16e14cbaee23d4e,-15054,389,1782,20,0.0005660057067871094,6.0,0,0.85,BENIGN,INFO,lightgbm,HIGH
f89b937ce1e3c5c1,2981,53,552,4,0.00022292137145996094,17.0,0,0.85,BENIGN,INFO,lightgbm,HIGH
76936513c9ce5391,-15536,53,428,4,0.0002090930938720703,17.0,0,0.85,BENIGN,INFO,lightgbm,HIGH
2d60e759ae6ac94b,-15053,389,12073,33,0.014364004135131836,6.0,0,0.85,BENIGN,INFO,lightgbm,HIGH
bae4b9b4368956e0,-4656,53,444,4,0.00021409988403320312,17.0,0,0.85,BENIGN,INFO,lightgbm,HIGH
79073b83907773e5,26736,53,444,4,0.00020003318786621094,17.0,0,0.85,BENIGN,INFO,lightgbm,HIGH
a317409b26fe3813,23439,53,328,4,0.00022792816162109375,17.0,0,0.85,BENIGN,INFO,lightgbm,HIGH
7562f7589e098473,-6270,53,390,4,0.00022912025451660156,17.0,0,0.85,BENIGN,INFO,lightgbm,HIGH
b3d3afe7374f0f79,-6905,88,876,4,0.00042700767517089844,17.0,0,0.85,BENIGN,INFO,lightgbm,HIGH
9a335a6783928b74,5873,53,494,4,0.00021195411682128906,17.0,0,0.85,BENIGN,INFO,lightgbm,HIGH
efa4a2cc946079c9,-20318,53,444,4,0.0002129077911376953,17.0,0,0.85,BENIGN,INFO,lightgbm,HIGH
bec392a05249f4f6,-28245,53,444,4,0.0002009868621826172,17.0,0,0.85,BENIGN,INFO,lightgbm,HIGH
c95c24a02cb96e90,1582,53,328,4,0.0001819133758544922,17.0,0,0.85,BENIGN,INFO,lightgbm,HIGH
68c9b786cf719c02,6551,53,390,4,0.00018310546875,17.0,0,0.85,BENIGN,INFO,lightgbm,HIGH
e4f30956d2f0e09e,-29006,88,3526,4,0.0007379055023193359,17.0,0,0.85,BENIGN,INFO,lightgbm,HIGH
82da7e4b404b1e8e,5976,53,494,4,0.00018906593322753906,17.0,0,0.85,BENIGN,INFO,lightgbm,HIGH
518688551f189ca7,16848,53,444,4,0.0002028942108154297,17.0,0,0.85,BENIGN,INFO,lightgbm,HIGH
f125c0c8f3f70270,-16228,53,444,4,0.00019693374633789062,17.0,0,0.85,BENIGN,INFO,lightgbm,HIGH
4d0170ce66c354af,-29676,53,328,4,0.00021982192993164062,17.0,0,0.85,BENIGN,INFO,lightgbm,HIGH
054f1dd3098c505b,-28594,53,390,4,0.00022101402282714844,17.0,0,0.85,BENIGN,INFO,lightgbm,HIGH
7782efd613b662f3,7259,53,328,4,0.00021696090698242188,17.0,0,0.85,BENIGN,INFO,lightgbm,HIGH
7a625b9117ecc150,4550,53,390,4,0.0001690387725830078,17.0,0,0.85,BENIGN,INFO,lightgbm,HIGH
2f8a13020c369a21,-32072,88,7708,21,0.001277923583984375,6.0,0,0.85,BENIGN,INFO,lightgbm,HIGH
b561782121d0984f,-27118,53,494,4,0.00021004676818847656,17.0,0,0.85,BENIGN,INFO,lightgbm,HIGH
5d0cc17c04b9e0ef,-15051,389,67053,211,117.18101501464844,6.0,0,0.85,BENIGN,INFO,lightgbm,HIGH
c4a203bdbeeaebed,11148,53,444,4,0.0002129077911376953,17.0,0,0.85,BENIGN,INFO,lightgbm,HIGH
0e42ea2b20274735,-29847,53,444,4,0.0001990795135498047,17.0,0,0.85,BENIGN,INFO,lightgbm,HIGH
7449c5324db91791,29221,53,328,4,0.00022101402282714844,17.0,0,0.85,BENIGN,INFO,lightgbm,HIGH
1682f68e3dbd2597,28846,53,390,4,0.00022101402282714844,17.0,0,0.85,BENIGN,INFO,lightgbm,HIGH
f6071174d9c26b35,-20540,88,878,4,0.00040602684020996094,17.0,0,0.85,BENIGN,INFO,lightgbm,HIGH
d2ee3f5c976f5c0f,29362,53,494,4,0.0002238750457763672,17.0,0,0.85,BENIGN,INFO,lightgbm,HIGH
95afe723bf14cb0a,-7125,53,444,4,0.000209808349609375,17.0,0,0.85,BENIGN,INFO,lightgbm,HIGH
240d47590a097085,-3453,53,444,4,0.00020694732666015625,17.0,0,0.85,BENIGN,INFO,lightgbm,HIGH
08119b1ec4bbe03f,-32127,53,328,4,0.00020885467529296875,17.0,0,0.85,BENIGN,INFO,lightgbm,HIGH
4cefeb6ceb934cb1,5220,53,390,4,0.00016188621520996094,17.0,0,0.85,BENIGN,INFO,lightgbm,HIGH
843ccbc8c8f9900d,-28942,88,3528,4,0.0007028579711914062,17.0,0,0.85,BENIGN,INFO,lightgbm,HIGH
8d954207123e3c1a,-16116,53,494,4,0.00018787384033203125,17.0,0,0.85,BENIGN,INFO,lightgbm,HIGH
d0e1dbdbbaafb0ad,-16070,53,444,4,0.0002040863037109375,17.0,0,0.85,BENIGN,INFO,lightgbm,HIGH
b26aa9f73902fed5,-15108,53,444,4,0.00020003318786621094,17.0,0,0.85,BENIGN,INFO,lightgbm,HIGH
8779d45f56835dfb,13112,53,328,4,0.00021195411682128906,17.0,0,0.85,BENIGN,INFO,lightgbm,HIGH
d19ff72cbc301f9f,-8379,53,390,4,0.000164031982421875,17.0,0,0.85,BENIGN,INFO,lightgbm,HIGH
3eebc84fb01c25e6,-25160,53,328,4,0.0002079010009765625,17.0,0,0.85,BENIGN,INFO,lightgbm,HIGH
cd3942b7c77e1e7e,-23290,53,390,4,0.00015997886657714844,17.0,0,0.85,BENIGN,INFO,lightgbm,HIGH
c1d0a6ec27ac8634,-32070,88,7642,20,0.001177072525024414,6.0,0,0.85,BENIGN,INFO,lightgbm,HIGH
d932f77fbb08a65a,9033,53,494,4,0.00019598007202148438,17.0,0,0.85,BENIGN,INFO,lightgbm,HIGH
5c8936ba924e72c5,-11447,53,568,8,0.0004341602325439453,17.0,0,0.85,BENIGN,INFO,lightgbm,HIGH
bfc65cb5dc00f4a3,-16151,22,14166,82,1.2611360549926758,6.0,11,0.85,SSH-Patator,MEDIUM,lightgbm,HIGH
c9bdcadd18560fc2,8072,53,264,4,0.0002219676971435547,17.0,0,0.85,BENIGN,INFO,lightgbm,HIGH
fa6c2d0f36217c7e,21026,53,264,4,0.0001728534698486328,17.0,0,0.85,BENIGN,INFO,lightgbm,HIGH
cc1b24da69309300,-15977,53,264,4,0.0002110004425048828,17.0,0,0.85,BENIGN,INFO,lightgbm,HIGH
595ab28608b29060,-1902,53,264,4,0.0001628398895263672,17.0,0,0.85,BENIGN,INFO,lightgbm,HIGH
d0561b8c8bcba4e7,-16841,53,452,4,0.08725285530090332,17.0,0,0.85,BENIGN,INFO,lightgbm,HIGH
6e367b23e53e98c3,-24394,53,434,4,0.0002181529998779297,17.0,0,0.85,BENIGN,INFO,lightgbm,HIGH
8a1881e585c40085,-4339,53,523,4,235.9774932861328,17.0,0,0.85,BENIGN,INFO,lightgbm,HIGH
e674a41ead335d68,-30520,53,452,4,0.023667097091674805,17.0,0,0.85,BENIGN,INFO,lightgbm,HIGH
338824f6fe8d4a4b,12229,53,434,4,0.00022101402282714844,17.0,0,0.85,BENIGN,INFO,lightgbm,HIGH
7e13fbb1ccbd7aaa,-4851,53,438,4,235.8846893310547,17.0,0,0.85,BENIGN,INFO,lightgbm,HIGH
1a4cd986e28d9fd1,1728,53,452,4,0.18145108222961426,17.0,0,0.85,BENIGN,INFO,lightgbm,HIGH
24a3508d2ad68d0b,-16628,53,548,4,0.07716488838195801,17.0,0,0.85,BENIGN,INFO,lightgbm,HIGH
d549fe9c131bce85,8461,53,452,4,0.08620095252990723,17.0,0,0.85,BENIGN,INFO,lightgbm,HIGH
42d6c42019fe09fd,15991,53,434,4,0.0002219676971435547,17.0,0,0.85,BENIGN,INFO,lightgbm,HIGH
d0814cd5a21694bd,11653,53,392,4,0.023880958557128906,17.0,0,0.85,BENIGN,INFO,lightgbm,HIGH
3e8ac587e826a3a7,-25552,53,408,4,0.0002129077911376953,17.0,0,0.85,BENIGN,INFO,lightgbm,HIGH
6164fd320c09570c,-5487,53,218,2,0.023465871810913086,17.0,0,0.85,BENIGN,INFO,lightgbm,HIGH
ab6ca4d621bcdda9,-13503,53,428,4,0.00021314620971679688,17.0,0,0.85,BENIGN,INFO,lightgbm,HIGH
61e500fdc2a73809,-15047,389,1782,20,0.0005221366882324219,6.0,0,0.85,BENIGN,INFO,lightgbm,HIGH
91a869aa446ce5fc,-31690,53,544,4,0.00023293495178222656,17.0,0,0.85,BENIGN,INFO,lightgbm,HIGH
c1578e091e6e1d96,32088,53,420,4,0.00020313262939453125,17.0,0,0.85,BENIGN,INFO,lightgbm,HIGH
010ff2b6ba28be63,-8705,3268,45715,147,115.88562774658203,6.0,0,0.85,BENIGN,INFO,lightgbm,HIGH
b7e9ef9a47011729,-5704,53,444,4,0.0002040863037109375,17.0,0,0.85,BENIGN,INFO,lightgbm,HIGH
219887cc26b5d249,3634,53,444,4,0.0002028942108154297,17.0,0,0.85,BENIGN,INFO,lightgbm,HIGH
62a2cecceb29b337,-547,53,328,4,0.00020599365234375,17.0,0,0.85,BENIGN,INFO,lightgbm,HIGH
5c04ab641a1ce05c,7831,53,390,4,0.0001590251922607422,17.0,0,0.85,BENIGN,INFO,lightgbm,HIGH
6629210ddc89874f,-13043,88,878,4,0.0003910064697265625,17.0,0,0.85,BENIGN,INFO,lightgbm,HIGH
1229cca51757a214,-20579,53,494,4,0.00020194053649902344,17.0,0,0.85,BENIGN,INFO,lightgbm,HIGH
cce488347607b6a2,-7422,53,444,4,0.00021004676818847656,17.0,0,0.85,BENIGN,INFO,lightgbm,HIGH
948a394cd756f017,26106,53,444,4,0.00019693374633789062,17.0,0,0.85,BENIGN,INFO,lightgbm,HIGH
27ad36fe3654eaf6,-7230,53,328,4,0.0002181529998779297,17.0,0,0.85,BENIGN,INFO,lightgbm,HIGH
955f3f445fb12194,23473,53,390,4,0.00021696090698242188,17.0,0,0.85,BENIGN,INFO,lightgbm,HIGH
71c3267be57e0f4e,-13361,88,3528,4,0.0006999969482421875,17.0,0,0.85,BENIGN,INFO,lightgbm,HIGH
2f83aa2553e4ef18,22360,53,494,4,0.00018906593322753906,17.0,0,0.85,BENIGN,INFO,lightgbm,HIGH
d925ebe7c228af63,-12220,53,444,4,0.000202178955078125,17.0,0,0.85,BENIGN,INFO,lightgbm,HIGH
582351ffc0ec9f77,20120,53,444,4,0.00020194053649902344,17.0,0,0.85,BENIGN,INFO,lightgbm,HIGH
a17165cf77565018,27978,53,328,4,0.00021409988403320312,17.0,0,0.85,BENIGN,INFO,lightgbm,HIGH
228b4bbad9d1db02,23726,53,390,4,0.0001659393310546875,17.0,0,0.85,BENIGN,INFO,lightgbm,HIGH
96d165f78f311445,-3271,53,328,4,0.0002129077911376953,17.0,0,0.85,BENIGN,INFO,lightgbm,HIGH
0c59b8efbc88edaa,4547,53,390,4,0.0001659393310546875,17.0,0,0.85,BENIGN,INFO,lightgbm,HIGH
efac5af5c5118300,-32065,88,7642,20,0.0012111663818359375,6.0,0,0.85,BENIGN,INFO,lightgbm,HIGH
9096c9af778c9876,14710,53,494,4,0.00022792816162109375,17.0,0,0.85,BENIGN,INFO,lightgbm,HIGH
be536be3bfbeb8f6,-16150,22,13802,80,1.287674903869629,6.0,11,0.85,SSH-Patator,MEDIUM,lightgbm,HIGH
d969cf4fe1d67c5c,123,123,2340,26,306.0157470703125,17.0,0,0.85,BENIGN,INFO,lightgbm,HIGH
00cf5e8aaa1b0bed,22647,53,452,4,0.0491938591003418,17.0,0,0.85,BENIGN,INFO,lightgbm,HIGH
05c1820ae5831be0,-23752,53,348,4,0.047718048095703125,17.0,0,0.85,BENIGN,INFO,lightgbm,HIGH
4829f4a7c6209a73,-3964,53,440,4,32.38642501831055,17.0,0,0.85,BENIGN,INFO,lightgbm,HIGH
05f914baf930fd4d,25544,53,340,4,0.024153947830200195,17.0,0,0.85,BENIGN,INFO,lightgbm,HIGH
6236130a89feca39,-4975,53,192,2,0.023797988891601562,17.0,0,0.85,BENIGN,INFO,lightgbm,HIGH
58b8622689f2e2f2,-9547,53,508,4,0.0001800060272216797,17.0,0,0.85,BENIGN,INFO,lightgbm,HIGH
dc87de6640ab3ad2,1535,53,340,4,0.0001800060272216797,17.0,0,0.85,BENIGN,INFO,lightgbm,HIGH
0473b22fd7cb86a6,-28995,80,11831,43,27.90224266052246,6.0,4,0.85,DoS_Hulk,HIGH,lightgbm,HIGH
a28e73c9d354aa2d,-6892,80,9024,27,27.903236389160156,6.0,4,0.85,DoS_Hulk,HIGH,lightgbm,HIGH
7380a5b653c4d919,-27960,80,11988,42,27.881195068359375,6.0,4,0.85,DoS_Hulk,HIGH,lightgbm,HIGH
be157e39c2a3008e,-21076,21,43680,455,27.885995864868164,6.0,7,0.85,FTP-Patator,MEDIUM,lightgbm,HIGH
bdc6f91c983768fe,-11017,80,12246,32,27.857349395751953,6.0,4,0.85,DoS_Hulk,HIGH,lightgbm,HIGH
5eec12e2c9da12a1,123,123,2160,24,250.1024169921875,17.0,0,0.85,BENIGN,INFO,lightgbm,HIGH
f4f1be60f246abb1,-20462,11271,346,5,0.6135399341583252,6.0,0,0.85,BENIGN,INFO,lightgbm,HIGH
d962305068b9d6b1,-22635,-15459,346,5,0.6145570278167725,6.0,0,0.85,BENIGN,INFO,lightgbm,HIGH
950ddbdcd14f6e49,-14767,53,696,4,0.14641213417053223,17.0,0,0.85,BENIGN,INFO,lightgbm,HIGH
394ade2728d1ecdf,123,123,2160,24,246.021484375,17.0,0,0.85,BENIGN,INFO,lightgbm,HIGH
27fb4035ea83387f,-15774,443,7123,20,64.66472625732422,6.0,0,0.85,BENIGN,INFO,lightgbm,HIGH
fcd602fb6bb9e912,-15773,443,7956,17,0.49640989303588867,6.0,0,0.85,BENIGN,INFO,lightgbm,HIGH
14e9e23e2f02e2db,-30336,-13031,346,5,0.6145329475402832,6.0,0,0.85,BENIGN,INFO,lightgbm,HIGH
d7b112ba11632b5a,-15269,53,710,4,0.08641481399536133,17.0,0,0.85,BENIGN,INFO,lightgbm,HIGH
ec975f6dda13b03b,-4172,53,210,2,0.0860300064086914,17.0,0,0.85,BENIGN,INFO,lightgbm,HIGH
36326077bec51b87,-15772,443,7807,18,64.6363525390625,6.0,0,0.85,BENIGN,INFO,lightgbm,HIGH
78b7e54c769a271f,123,123,2070,23,286.01641845703125,17.0,0,0.85,BENIGN,INFO,lightgbm,HIGH
d12420a990a98728,-25822,-12685,346,5,0.6359891891479492,6.0,0,0.85,BENIGN,INFO,lightgbm,HIGH
29e4335d6622002a,-8285,53,870,4,0.060339927673339844,17.0,0,0.85,BENIGN,INFO,lightgbm,HIGH
0fe9fdc5870be8b8,-15771,80,1275296,1000,0.30324697494506836,6.0,4,0.85,DoS_Hulk,HIGH,lightgbm,HIGH
4f2cc5c4a43ec8e5,-21002,15538,346,5,0.6161818504333496,6.0,0,0.85,BENIGN,INFO,lightgbm,HIGH
1611c49c340fb6a6,123,123,2160,24,277.0238952636719,17.0,0,0.85,BENIGN,INFO,lightgbm,HIGH
d0df84fc0d771ea2,-8182,-2706,346,5,0.6140871047973633,6.0,0,0.85,BENIGN,INFO,lightgbm,HIGH
d786c20c9c88be2a,-22350,30064,346,5,0.6538739204406738,6.0,10,0.85,PortScan,MEDIUM,lightgbm,HIGH
6f3542a5e0cf1cf9,123,123,1980,22,301.08502197265625,17.0,0,0.85,BENIGN,INFO,lightgbm,HIGH
b5bf5bb6c840e154,-31242,8774,346,5,0.6149928569793701,6.0,0,0.85,BENIGN,INFO,lightgbm,HIGH
697f9cddf970bd22,123,123,1980,22,279.0679626464844,17.0,0,0.85,BENIGN,INFO,lightgbm,HIGH
cfe76c479ef117f8,-24324,9465,346,5,0.6150188446044922,6.0,0,0.85,BENIGN,INFO,lightgbm,HIGH
f10bfcae12f083ce,-19481,-22428,346,5,0.6228060722351074,6.0,0,0.85,BENIGN,INFO,lightgbm,HIGH
22d3cd0d7abae166,123,123,1800,20,267.0887145996094,17.0,0,0.85,BENIGN,INFO,lightgbm,HIGH
5b182495c37868df,-8620,-21542,346,5,0.6295979022979736,6.0,0,0.85,BENIGN,INFO,lightgbm,HIGH
24b588a8556115b9,123,123,900,10,262.0940856933594,17.0,0,0.85,BENIGN,INFO,lightgbm,HIGH
e8fd928b7468cb89,123,123,1440,16,268.9998779296875,17.0,0,0.85,BENIGN,INFO,lightgbm,HIGH
aabe0fa020763adb,-6756,31048,346,5,0.6287760734558105,6.0,0,0.85,BENIGN,INFO,lightgbm,HIGH
5c08080d7f52fbdc,-25278,17435,346,5,0.6142089366912842,6.0,0,0.85,BENIGN,INFO,lightgbm,HIGH
3dba0a2f1b801b23,-29787,-11050,346,5,0.613793134689331,6.0,0,0.85,BENIGN,INFO,lightgbm,HIGH
0e5a24b91885886a,-30023,19163,346,5,0.6127679347991943,6.0,0,0.85,BENIGN,INFO,lightgbm,HIGH
774d84c2408a4cfe,123,123,1800,20,271.02362060546875,17.0,0,0.85,BENIGN,INFO,lightgbm,HIGH
31f896004e4dcade,-24077,27923,346,5,0.6133079528808594,6.0,10,0.85,PortScan,MEDIUM,lightgbm,HIGH
3bfed02cb71effd2,123,123,1800,20,265.0446472167969,17.0,0,0.85,BENIGN,INFO,lightgbm,HIGH
16c0d8fce04b0d50,-17719,16576,346,5,0.613867998123169,6.0,0,0.85,BENIGN,INFO,lightgbm,HIGH
b2f365dc08f40678,-20244,18634,346,5,0.6131019592285156,6.0,0,0.85,BENIGN,INFO,lightgbm,HIGH
bd0d872f50400154,123,123,900,10,261.0365295410156,17.0,0,0.85,BENIGN,INFO,lightgbm,HIGH
d79797bff1b67329,-26761,27617,346,5,0.612785816192627,6.0,10,0.85,PortScan,MEDIUM,lightgbm,HIGH
bbd51cb7a2dc5bb9,-8482,18788,346,5,0.613084077835083,6.0,0,0.85,BENIGN,INFO,lightgbm,HIGH
9baa58c283424f54,-21929,19500,346,5,0.61344313621521,6.0,0,0.85,BENIGN,INFO,lightgbm,HIGH
ae784f7a31d0b133,-27741,-4460,346,5,0.6140568256378174,6.0,0,0.85,BENIGN,INFO,lightgbm,HIGH
9c79c9ef12b984c9,-23074,-15955,346,5,0.6148929595947266,6.0,0,0.85,BENIGN,INFO,lightgbm,HIGH
b55f26350eb5f675,-18827,-22658,346,5,0.6160190105438232,6.0,0,0.85,BENIGN,INFO,lightgbm,HIGH
19596093de787847,4471,53,444,4,0.00022792816162109375,17.0,0,0.85,BENIGN,INFO,lightgbm,HIGH
a92439fb8d62584a,-19193,53,444,4,0.00021696090698242188,17.0,0,0.85,BENIGN,INFO,lightgbm,HIGH
195bb43ddf59b4ec,-4738,53,328,4,0.00019598007202148438,17.0,0,0.85,BENIGN,INFO,lightgbm,HIGH
cb43c1c76170875b,21657,53,390,4,0.0002429485321044922,17.0,0,0.85,BENIGN,INFO,lightgbm,HIGH
86299892035366e0,-6480,88,886,4,0.0004200935363769531,17.0,0,0.85,BENIGN,INFO,lightgbm,HIGH
6b803e932805acc7,-2534,53,494,4,0.00020694732666015625,17.0,0,0.85,BENIGN,INFO,lightgbm,HIGH
f865f3d7a2e9ce51,-29359,53,444,4,0.0002090930938720703,17.0,0,0.85,BENIGN,INFO,lightgbm,HIGH
2eb6bd7acf4fc409,29231,53,444,4,0.00020003318786621094,17.0,0,0.85,BENIGN,INFO,lightgbm,HIGH
ee0630098de54809,-27124,53,328,4,0.00021195411682128906,17.0,0,0.85,BENIGN,INFO,lightgbm,HIGH
937606c23ab80e18,18016,53,390,4,0.000164031982421875,17.0,0,0.85,BENIGN,INFO,lightgbm,HIGH
dbee7c029510de4a,-8462,88,3472,4,0.0006661415100097656,17.0,0,0.85,BENIGN,INFO,lightgbm,HIGH
23c1590012eca565,20981,53,494,4,0.0001850128173828125,17.0,0,0.85,BENIGN,INFO,lightgbm,HIGH
afb5f0963b217683,-13583,53,444,4,0.00017404556274414062,17.0,0,0.85,BENIGN,INFO,lightgbm,HIGH
4f85db067f67013f,-12105,53,444,4,0.00019788742065429688,17.0,0,0.85,BENIGN,INFO,lightgbm,HIGH
22c6b52658bc575e,30300,53,328,4,0.00021505355834960938,17.0,0,0.85,BENIGN,INFO,lightgbm,HIGH
1e8aec61c72dad16,-2317,53,390,4,0.00021505355834960938,17.0,0,0.85,BENIGN,INFO,lightgbm,HIGH
516c01c16f002387,16254,53,328,4,0.0002110004425048828,17.0,0,0.85,BENIGN,INFO,lightgbm,HIGH
d59f63c85d57e24c,29763,53,390,4,0.000164031982421875,17.0,0,0.85,BENIGN,INFO,lightgbm,HIGH
c420d744d2db5eb1,-32028,88,7610,20,0.0012187957763671875,6.0,0,0.85,BENIGN,INFO,lightgbm,HIGH
ae2361c6f9aa8991,-13327,53,494,4,0.0001971721649169922,17.0,0,0.85,BENIGN,INFO,lightgbm,HIGH
480a9e6f7c2639b7,-9276,-18666,346,5,0.614886999130249,6.0,0,0.85,BENIGN,INFO,lightgbm,HIGH
1c6fb60328be0c7f,-12988,-10374,346,5,0.6145751476287842,6.0,0,0.85,BENIGN,INFO,lightgbm,HIGH
f3f0973fd2386e4c,-1546,53,570,4,0.00025081634521484375,17.0,0,0.85,BENIGN,INFO,lightgbm,HIGH
cff023d5081e9f18,-15770,443,5251,13,0.2819521427154541,6.0,0,0.85,BENIGN,INFO,lightgbm,HIGH
5d73f66878389cdd,-31370,5994,346,5,0.6141011714935303,6.0,0,0.85,BENIGN,INFO,lightgbm,HIGH
3eb567df44cabdcd,-9534,-11325,346,5,0.6147589683532715,6.0,0,0.85,BENIGN,INFO,lightgbm,HIGH
51528a8b6c6be982,-10391,15802,346,5,0.614091157913208,6.0,0,0.85,BENIGN,INFO,lightgbm,HIGH
bd31d03515a43788,-10759,-5209,346,5,0.6147089004516602,6.0,0,0.85,BENIGN,INFO,lightgbm,HIGH
7e08cd2fe8942770,-12650,53,636,4,0.02381587028503418,17.0,0,0.85,BENIGN,INFO,lightgbm,HIGH
494607f2591be0b4,-15938,80,56193,46,60.15354537963867,6.0,4,0.85,DoS_Hulk,HIGH,lightgbm,HIGH
311cb88d496ababe,-12328,-16447,346,5,0.6153538227081299,6.0,0,0.85,BENIGN,INFO,lightgbm,HIGH
b14a5c5cdb5ff28a,-10514,-27596,346,5,0.6146960258483887,6.0,0,0.85,BENIGN,INFO,lightgbm,HIGH
6d14d9b0bca4ef78,-28804,28903,346,5,0.613257884979248,6.0,10,0.85,PortScan,MEDIUM,lightgbm,HIGH
3b9b98ba8f3a881f,123,123,1800,20,267.0281982421875,17.0,0,0.85,BENIGN,INFO,lightgbm,HIGH
27de42bd05faa566,-31763,-12012,346,5,0.6147618293762207,6.0,0,0.85,BENIGN,INFO,lightgbm,HIGH
46ed3e0cb6dc75df,-17951,-9325,346,5,0.6146800518035889,6.0,0,0.85,BENIGN,INFO,lightgbm,HIGH
4a8baae87af5e70a,-13137,6726,346,5,0.6146538257598877,6.0,0,0.85,BENIGN,INFO,lightgbm,HIGH
8bbc6752eb272527,123,123,900,10,261.09393310546875,17.0,0,0.85,BENIGN,INFO,lightgbm,HIGH
a9e2e10cfa2f42a6,-17674,-4192,346,5,0.6147730350494385,6.0,0,0.85,BENIGN,INFO,lightgbm,HIGH
72b8e526c204de5c,123,123,1800,20,264.0163269042969,17.0,0,0.85,BENIGN,INFO,lightgbm,HIGH
417d78d5435d09bf,123,123,1800,20,272.0638427734375,17.0,0,0.85,BENIGN,INFO,lightgbm,HIGH
394f81018d839a45,123,123,1800,20,271.01776123046875,17.0,0,0.85,BENIGN,INFO,lightgbm,HIGH
6d044e800f86ebdd,-31291,-5812,346,5,0.6131448745727539,6.0,0,0.85,BENIGN,INFO,lightgbm,HIGH
52da20f1992f3f08,-6574,-27723,346,5,0.6133880615234375,6.0,0,0.85,BENIGN,INFO,lightgbm,HIGH
87e144ba2cda92be,123,123,1800,20,267.02252197265625,17.0,0,0.85,BENIGN,INFO,lightgbm,HIGH
613983e2f5d1d736,-10331,53,646,6,0.07198381423950195,17.0,0,0.85,BENIGN,INFO,lightgbm,HIGH
ad7909792ab6552b,-4840,53,251,2,0.07148599624633789,17.0,0,0.85,BENIGN,INFO,lightgbm,HIGH
3bde49249909c4a5,-16149,80,1188,12,35.78367233276367,6.0,4,0.85,DoS_Hulk,HIGH,lightgbm,HIGH
5f5516e8e087b2f1,-7034,18933,346,5,0.6125569343566895,6.0,0,0.85,BENIGN,INFO,lightgbm,HIGH
fd4c1fb847624d3a,-30228,-10705,346,5,0.6144170761108398,6.0,0,0.85,BENIGN,INFO,lightgbm,HIGH
96dab25eeb48e6ed,-30139,-7931,346,5,0.6131389141082764,6.0,0,0.85,BENIGN,INFO,lightgbm,HIGH
b3132c5bdc22bf44,-23411,19295,346,5,0.6132669448852539,6.0,0,0.85,BENIGN,INFO,lightgbm,HIGH
a8b9377dd89c5581,-30438,13999,346,5,0.3683888912200928,6.0,0,0.85,BENIGN,INFO,lightgbm,HIGH
795d14a75b18d632,-2536,53,344,4,0.023746967315673828,17.0,0,0.85,BENIGN,INFO,lightgbm,HIGH
58035638b22e54d5,-5362,53,194,2,0.023396015167236328,17.0,0,0.85,BENIGN,INFO,lightgbm,HIGH
f806439473913d3a,-15937,443,4960,18,0.5907928943634033,6.0,0,0.85,BENIGN,INFO,lightgbm,HIGH
470456e96ede5b11,-9953,53,344,4,0.00015020370483398438,17.0,0,0.85,BENIGN,INFO,lightgbm,HIGH
b9fadeafdaf80c57,-8139,53,826,8,276.6263122558594,17.0,0,0.85,BENIGN,INFO,lightgbm,HIGH
ad01598378cf251b,-3906,53,247,2,0.04793596267700195,17.0,0,0.85,BENIGN,INFO,lightgbm,HIGH
d2dee1f09a58ae4a,-1203,53,570,6,0.15145421028137207,17.0,0,0.85,BENIGN,INFO,lightgbm,HIGH
5b6f9dc8c3d4f5d5,-4709,53,231,2,0.15112614631652832,17.0,0,0.85,BENIGN,INFO,lightgbm,HIGH
0143ae9723adc73b,-15936,80,3288,10,0.09914898872375488,6.0,4,0.85,DoS_Hulk,HIGH,lightgbm,HIGH
46d15ecce594f1a2,-12487,53,380,4,0.0001499652862548828,17.0,0,0.85,BENIGN,INFO,lightgbm,HIGH
4795ea5955c1bcc9,-6293,53,480,4,0.0655360221862793,17.0,0,0.85,BENIGN,INFO,lightgbm,HIGH
c16aabc6ef3e4a6d,-3944,53,262,2,0.0652000904083252,17.0,0,0.85,BENIGN,INFO,lightgbm,HIGH
7ca2ee57d5d496f6,-15935,80,91581,86,5.409425735473633,6.0,4,0.85,DoS_Hulk,HIGH,lightgbm,HIGH
18a723df62e447f3,-15934,21,3472,50,0.15984416007995605,6.0,7,0.85,FTP-Patator,MEDIUM,lightgbm,HIGH
bbf3fbcb49fffb69,-15933,-9044,22212,29,0.030330896377563477,6.0,0,0.85,BENIGN,INFO,lightgbm,HIGH
59cb83618476716c,-14807,53,424,4,0.00018906593322753906,17.0,0,0.85,BENIGN,INFO,lightgbm,HIGH
7e9a6e156b86bc95,-3841,53,618,6,0.23024702072143555,17.0,0,0.85,BENIGN,INFO,lightgbm,HIGH
08ceb069e4a36463,-3668,53,256,2,0.22986721992492676,17.0,0,0.85,BENIGN,INFO,lightgbm,HIGH
53175debe6a19b98,-15932,443,8442,41,181.07691955566406,6.0,0,0.85,BENIGN,INFO,lightgbm,HIGH
9530359e4dea3891,-14529,53,316,4,0.04808521270751953,17.0,0,0.85,BENIGN,INFO,lightgbm,HIGH
eef8564d52544489,-2774,53,372,4,0.00014710426330566406,17.0,0,0.85,BENIGN,INFO,lightgbm,HIGH
2405364917b2cc91,-16368,53,396,4,0.05044198036193848,17.0,0,0.85,BENIGN,INFO,lightgbm,HIGH
40514157ddbc4319,-1037,53,560,6,0.1317272186279297,17.0,0,0.85,BENIGN,INFO,lightgbm,HIGH
e27ec62738f1a34c,-5374,53,227,2,0.13138508796691895,17.0,0,0.85,BENIGN,INFO,lightgbm,HIGH
b7b5d182c342477b,-15931,80,2288,12,4.4880218505859375,6.0,4,0.85,DoS_Hulk,HIGH,lightgbm,HIGH
ec8f5ca1ddd768fa,-8709,53,316,4,0.00013589859008789062,17.0,0,0.85,BENIGN,INFO,lightgbm,HIGH
98809a196fbec8fb,-4650,53,442,4,0.02383899688720703,17.0,0,0.85,BENIGN,INFO,lightgbm,HIGH
7472d43d83a08daa,-6953,53,554,6,0.10042095184326172,17.0,0,0.85,BENIGN,INFO,lightgbm,HIGH
6ec91eb0ce068e55,-15930,80,40367,64,116.72868347167969,6.0,4,0.85,DoS_Hulk,HIGH,lightgbm,HIGH
10b2eced972ca008,-11653,53,372,4,0.00014519691467285156,17.0,0,0.85,BENIGN,INFO,lightgbm,HIGH
625504e646ff6a28,-1906,53,452,4,0.06624603271484375,17.0,0,0.85,BENIGN,INFO,lightgbm,HIGH
bff3d49760a4e798,-5066,53,488,4,261.6070861816406,17.0,0,0.85,BENIGN,INFO,lightgbm,HIGH
b44b45fce04b3f3d,-15929,80,4500,35,122.67446899414062,6.0,4,0.85,DoS_Hulk,HIGH,lightgbm,HIGH
a03ba8ed0c96f17f,-10892,53,352,4,0.0001709461212158203,17.0,0,0.85,BENIGN,INFO,lightgbm,HIGH
55082956348ebe3c,-10261,53,376,4,0.00017690658569335938,17.0,0,0.85,BENIGN,INFO,lightgbm,HIGH
1c65806c7239c299,-15928,80,334388,323,13.189706802368164,6.0,4,0.85,DoS_Hulk,HIGH,lightgbm,HIGH
617e62e11fbc2a00,-15927,80,56154,66,9.259380340576172,6.0,4,0.85,DoS_Hulk,HIGH,lightgbm,HIGH
b72f26d582ba7492,-15926,80,153732,154,10.000290870666504,6.0,4,0.85,DoS_Hulk,HIGH,lightgbm,HIGH
ef724357484166fb,-15925,80,102056,124,9.752284049987793,6.0,4,0.85,DoS_Hulk,HIGH,lightgbm,HIGH
a8f76dae311ca7a7,-15924,80,89458,98,9.233864784240723,6.0,4,0.85,DoS_Hulk,HIGH,lightgbm,HIGH
81da0fe4b5c62d76,-15923,80,50132,56,9.711295127868652,6.0,4,0.85,DoS_Hulk,HIGH,lightgbm,HIGH
993144438bd7fcd4,-1367,53,424,4,0.00018715858459472656,17.0,0,0.85,BENIGN,INFO,lightgbm,HIGH
b24c08eee0512175,-9624,53,434,4,0.07324385643005371,17.0,0,0.85,BENIGN,INFO,lightgbm,HIGH
f981ddd741f11490,-15922,80,113431,128,117.56083679199219,6.0,4,0.85,DoS_Hulk,HIGH,lightgbm,HIGH
f6f0feeec0bfe66b,-15921,80,87342,106,116.55445861816406,6.0,4,0.85,DoS_Hulk,HIGH,lightgbm,HIGH
187749227b8fa74f,-6345,53,566,6,0.10020303726196289,17.0,0,0.85,BENIGN,INFO,lightgbm,HIGH
9aeebc6bcf959eaa,-3441,53,228,2,0.09984183311462402,17.0,0,0.85,BENIGN,INFO,lightgbm,HIGH
45a84240a6a035e2,-15920,443,6128,19,0.14689302444458008,6.0,0,0.85,BENIGN,INFO,lightgbm,HIGH
6748d370ea90c393,-15919,443,23283,52,180.8115692138672,6.0,0,0.85,BENIGN,INFO,lightgbm,HIGH
833a36d461f997fe,-12062,53,372,4,0.0001780986785888672,17.0,0,0.85,BENIGN,INFO,lightgbm,HIGH
7f9ffb1e053d58a4,-15781,53,396,4,0.082183837890625,17.0,0,0.85,BENIGN,INFO,lightgbm,HIGH
a3b29be9a4838916,-10203,53,854,6,0.384782075881958,17.0,0,0.85,BENIGN,INFO,lightgbm,HIGH
1fedd90c498abbaf,-12577,53,348,4,0.023724079132080078,17.0,0,0.85,BENIGN,INFO,lightgbm,HIGH
52e4b30e9eb55274,-15918,443,20988,44,69.18482971191406,6.0,0,0.85,BENIGN,INFO,lightgbm,HIGH
bbdfef702db7725c,-1177,53,348,4,0.00013899803161621094,17.0,0,0.85,BENIGN,INFO,lightgbm,HIGH
7fd740ef97585d82,-7278,53,452,4,0.023685932159423828,17.0,0,0.85,BENIGN,INFO,lightgbm,HIGH
f432a96cd3307b30,-15917,80,9857,61,212.2305908203125,6.0,4,0.85,DoS_Hulk,HIGH,lightgbm,HIGH
1eccc8e8cae0a1a6,-4980,53,528,4,0.0001800060272216797,17.0,0,0.85,BENIGN,INFO,lightgbm,HIGH
81c3fcd6ab7bd10e,-15916,80,18971,44,115.69384765625,6.0,4,0.85,DoS_Hulk,HIGH,lightgbm,HIGH
5b5cbbe7c6638711,-15915,80,20639,47,115.68836975097656,6.0,4,0.85,DoS_Hulk,HIGH,lightgbm,HIGH
f3e64290387df019,-15914,80,17509,45,115.68502807617188,6.0,4,0.85,DoS_Hulk,HIGH,lightgbm,HIGH
38509fcb0a8c28dc,-6051,53,466,4,0.061280012130737305,17.0,0,0.85,BENIGN,INFO,lightgbm,HIGH
1bab9cf7296d5433,-16148,80,194,3,9.037124633789062,6.0,4,0.85,DoS_Hulk,HIGH,lightgbm,HIGH
7c9f109c72c7b759,-3707,53,680,6,0.19832205772399902,17.0,0,0.85,BENIGN,INFO,lightgbm,HIGH
482f461a0403d784,-3936,53,278,2,0.19791889190673828,17.0,0,0.85,BENIGN,INFO,lightgbm,HIGH
26023aea1fef9435,-15913,80,1937,12,4.287499904632568,6.0,4,0.85,DoS_Hulk,HIGH,lightgbm,HIGH
7485b539b16b18b8,-15912,80,120291,122,115.19169616699219,6.0,4,0.85,DoS_Hulk,HIGH,lightgbm,HIGH
337fe9cd4d371d67,-15911,80,372,6,6.017762184143066,6.0,4,0.85,DoS_Hulk,HIGH,lightgbm,HIGH
024245c8b50cd4aa,-11480,53,380,4,0.0001690387725830078,17.0,0,0.85,BENIGN,INFO,lightgbm,HIGH
9b68d790ff30a103,-8015,53,460,4,0.07114005088806152,17.0,0,0.85,BENIGN,INFO,lightgbm,HIGH
feca89b7b65af141,-3466,53,252,2,0.07079410552978516,17.0,0,0.85,BENIGN,INFO,lightgbm,HIGH
3bef12bf3eaacf42,-7683,53,456,4,0.00016999244689941406,17.0,0,0.85,BENIGN,INFO,lightgbm,HIGH
f42eb45d67bf9341,-3176,53,404,4,0.0001499652862548828,17.0,0,0.85,BENIGN,INFO,lightgbm,HIGH
6f55514afca2a39c,-8171,53,428,4,0.00015115737915039062,17.0,0,0.85,BENIGN,INFO,lightgbm,HIGH
7811b4fc138e9465,-15910,80,366,6,6.171016693115234,6.0,4,0.85,DoS_Hulk,HIGH,lightgbm,HIGH
9fc306da5702ed82,-15909,443,8807,47,181.4318084716797,6.0,0,0.85,BENIGN,INFO,lightgbm,HIGH
a4baa88350bf64ea,-7463,53,328,4,0.02393484115600586,17.0,0,0.85,BENIGN,INFO,lightgbm,HIGH
181bf23841c86658,-14961,53,328,4,0.000141143798828125,17.0,0,0.85,BENIGN,INFO,lightgbm,HIGH
ed13361683173401,-13124,53,434,4,0.04864192008972168,17.0,0,0.85,BENIGN,INFO,lightgbm,HIGH
48ed44127672b4a4,-3255,53,239,2,0.048304080963134766,17.0,0,0.85,BENIGN,INFO,lightgbm,HIGH
609952d7b3255390,-15680,53,352,4,0.1092679500579834,17.0,0,0.85,BENIGN,INFO,lightgbm,HIGH
9483104d0956201e,1196,443,24937,62,181.77102661132812,6.0,0,0.85,BENIGN,INFO,lightgbm,HIGH
73bd1d18f0b9d755,-2662,53,308,4,0.00015091896057128906,17.0,0,0.85,BENIGN,INFO,lightgbm,HIGH
6ce03d03d6ac2c0b,-9292,53,440,4,0.0666649341583252,17.0,0,0.85,BENIGN,INFO,lightgbm,HIGH
db0207e05c0f790e,-3311,53,242,2,0.06632280349731445,17.0,0,0.85,BENIGN,INFO,lightgbm,HIGH
10c4b040dfcfc49c,-1500,53,702,4,0.08369898796081543,17.0,0,0.85,BENIGN,INFO,lightgbm,HIGH
7dc9420f605e2029,-364,53,340,4,0.023529052734375,17.0,0,0.85,BENIGN,INFO,lightgbm,HIGH
1afd02b93545f0c5,-3354,53,192,2,0.02320384979248047,17.0,0,0.85,BENIGN,INFO,lightgbm,HIGH
da7991d62a6158a0,1197,80,1894,10,0.07069516181945801,6.0,4,0.85,DoS_Hulk,HIGH,lightgbm,HIGH
1906105a95b64199,-518,53,340,4,0.00013899803161621094,17.0,0,0.85,BENIGN,INFO,lightgbm,HIGH
839c25508ed6225f,-8313,53,364,4,0.023864030838012695,17.0,0,0.85,BENIGN,INFO,lightgbm,HIGH
0d15f1877387bfbe,-3918,53,426,4,5.729560852050781,17.0,0,0.85,BENIGN,INFO,lightgbm,HIGH
d3ff81e28c2aff1a,1198,443,5010,16,5.493655204772949,6.0,0,0.85,BENIGN,INFO,lightgbm,HIGH
0956b45cd054db53,1199,443,5010,16,5.4939470291137695,6.0,0,0.85,BENIGN,INFO,lightgbm,HIGH
0f5553841752babe,1200,443,4956,15,5.493875026702881,6.0,0,0.85,BENIGN,INFO,lightgbm,HIGH
85e3fd153a3d8e18,1201,443,5010,16,5.4931321144104,6.0,0,0.85,BENIGN,INFO,lightgbm,HIGH
0b6d9d6f03a0c94e,1202,443,4956,15,5.493312835693359,6.0,0,0.85,BENIGN,INFO,lightgbm,HIGH
2fbf761763fc2722,1203,443,4956,15,5.493289947509766,6.0,0,0.85,BENIGN,INFO,lightgbm,HIGH
437dba9a2c7f4a33,-3991,53,608,4,0.00018787384033203125,17.0,0,0.85,BENIGN,INFO,lightgbm,HIGH
fc4a744667fe134d,-12192,53,522,4,0.023746013641357422,17.0,0,0.85,BENIGN,INFO,lightgbm,HIGH
e9997a0f895102bd,17890,53,876,4,0.09534502029418945,17.0,0,0.85,BENIGN,INFO,lightgbm,HIGH
41032c20a01136c2,12944,53,620,4,0.12427520751953125,17.0,0,0.85,BENIGN,INFO,lightgbm,HIGH
965969ca1dddaee6,-3389,53,410,2,0.12298202514648438,17.0,0,0.85,BENIGN,INFO,lightgbm,HIGH
4167af4e424b54e0,-3211,53,340,2,0.0005500316619873047,17.0,0,0.85,BENIGN,INFO,lightgbm,HIGH
9ed3c455bab32241,-10540,53,466,4,0.14249014854431152,17.0,0,0.85,BENIGN,INFO,lightgbm,HIGH
935f1abd27e81eca,1204,443,26466,46,1.1438779830932617,6.0,0,0.85,BENIGN,INFO,lightgbm,HIGH
d174b605ac6287f9,1205,443,6268,26,0.11243104934692383,6.0,0,0.85,BENIGN,INFO,lightgbm,HIGH
a446dc9b4a8044d8,1206,443,38350,56,0.14344406127929688,6.0,0,0.85,BENIGN,INFO,lightgbm,HIGH
16d170656a6166a8,1207,443,1100203,1000,0.38007092475891113,6.0,0,0.85,BENIGN,INFO,lightgbm,HIGH
b874aaeb1def7c0f,1208,443,4006,16,5.800156116485596,6.0,0,0.85,BENIGN,INFO,lightgbm,HIGH
d53fb98d7f9f6104,-8199,53,444,4,0.0001289844512939453,17.0,0,0.85,BENIGN,INFO,lightgbm,HIGH
9e6fd7e83ba024ff,1209,443,3953,15,5.799833297729492,6.0,0,0.85,BENIGN,INFO,lightgbm,HIGH
602fda7a79be49ee,-4413,53,492,4,0.0619659423828125,17.0,0,0.85,BENIGN,INFO,lightgbm,HIGH
959a86a15cb33cee,-4771,53,268,2,0.0615849494934082,17.0,0,0.85,BENIGN,INFO,lightgbm,HIGH
441ebbda2aba28d7,-2871,53,424,4,0.00020694732666015625,17.0,0,0.85,BENIGN,INFO,lightgbm,HIGH
0327e1f8ad182b0e,1210,443,9093,40,180.80967712402344,6.0,0,0.85,BENIGN,INFO,lightgbm,HIGH
ef97375f6dc497db,-564,53,372,4,0.00017499923706054688,17.0,0,0.85,BENIGN,INFO,lightgbm,HIGH
3b67c85f34dd0fc7,-3243,53,396,4,0.0001709461212158203,17.0,0,0.85,BENIGN,INFO,lightgbm,HIGH
9443284dc7f526f1,-9244,53,396,4,0.00015687942504882812,17.0,0,0.85,BENIGN,INFO,lightgbm,HIGH
13ae322543d50d6b,-11422,53,352,4,0.0001399517059326172,17.0,0,0.85,BENIGN,INFO,lightgbm,HIGH
cc6bf40e9cc67572,-8495,53,376,4,0.00014901161193847656,17.0,0,0.85,BENIGN,INFO,lightgbm,HIGH
62635e0da35db33a,1211,80,9720,44,119.67215728759766,6.0,4,0.85,DoS_Hulk,HIGH,lightgbm,HIGH
8182aed7ef7cb064,-8366,53,416,4,0.06113696098327637,17.0,0,0.85,BENIGN,INFO,lightgbm,HIGH
2ff0fc861e6d38dd,-4717,53,200,2,0.06078791618347168,17.0,0,0.85,BENIGN,INFO,lightgbm,HIGH
1bf202ec270d41c3,-11529,53,452,4,0.0008020401000976562,17.0,0,0.85,BENIGN,INFO,lightgbm,HIGH
d32051ba4dba613d,-5276,53,248,2,0.00046896934509277344,17.0,0,0.85,BENIGN,INFO,lightgbm,HIGH
58e11e17f38104b7,-167,53,456,4,0.20270109176635742,17.0,0,0.85,BENIGN,INFO,lightgbm,HIGH
8afd74546c61b278,-3719,53,224,2,0.20236897468566895,17.0,0,0.85,BENIGN,INFO,lightgbm,HIGH
13ea5d4b0dd98753,1212,443,44279,89,185.5991973876953,6.0,0,0.85,BENIGN,INFO,lightgbm,HIGH
a2c4084d06fd2e10,-2419,53,612,4,0.07856106758117676,17.0,0,0.85,BENIGN,INFO,lightgbm,HIGH
22ec3bf2b0d05fe9,-7328,53,536,4,0.1754000186920166,17.0,0,0.85,BENIGN,INFO,lightgbm,HIGH
299bc74a865fa02d,-8838,53,520,4,0.15214991569519043,17.0,0,0.85,BENIGN,INFO,lightgbm,HIGH
0c531a87a79153ca,-5316,53,282,2,0.1517012119293213,17.0,0,0.85,BENIGN,INFO,lightgbm,HIGH
5766129eba939535,-11559,53,376,4,0.00016498565673828125,17.0,0,0.85,BENIGN,INFO,lightgbm,HIGH
34eec00ff27796f4,-5770,53,400,4,0.00015807151794433594,17.0,0,0.85,BENIGN,INFO,lightgbm,HIGH
7d9e97722afb22af,-2170,53,412,4,0.00016498565673828125,17.0,0,0.85,BENIGN,INFO,lightgbm,HIGH
f210f9ffbaccb579,-15981,53,372,4,0.00014495849609375,17.0,0,0.85,BENIGN,INFO,lightgbm,HIGH
3f7784b10475fcd6,-2766,53,396,4,0.00016021728515625,17.0,0,0.85,BENIGN,INFO,lightgbm,HIGH
6026ec07eef0068a,1213,443,74036,81,0.24084186553955078,6.0,0,0.85,BENIGN,INFO,lightgbm,HIGH
56a98017fdf94d18,-15118,53,356,4,0.000141143798828125,17.0,0,0.85,BENIGN,INFO,lightgbm,HIGH
3ebd95c5a309f01d,1214,443,19052,39,0.20482182502746582,6.0,0,0.85,BENIGN,INFO,lightgbm,HIGH
fe9f1766fc8b4837,1215,443,33599,68,182.4875946044922,6.0,0,0.85,BENIGN,INFO,lightgbm,HIGH
1d0a3824165ffd67,1216,443,5823,23,0.16084909439086914,6.0,0,0.85,BENIGN,INFO,lightgbm,HIGH
27dae0c12e025142,-12955,53,380,4,0.023487091064453125,17.0,0,0.85,BENIGN,INFO,lightgbm,HIGH
45858ed547eda51c,-2422,53,612,4,0.00019097328186035156,17.0,0,0.85,BENIGN,INFO,lightgbm,HIGH
c6c2898cf27abb21,-3356,53,518,4,0.00015401840209960938,17.0,0,0.85,BENIGN,INFO,lightgbm,HIGH
67585ec1c1ed7c27,1217,443,12851,45,115.34800720214844,6.0,0,0.85,BENIGN,INFO,lightgbm,HIGH
4273f7c00497d33d,1218,443,6496,16,5.324505805969238,6.0,0,0.85,BENIGN,INFO,lightgbm,HIGH
5a791c85001410aa,1219,80,3217,32,115.28715515136719,6.0,4,0.85,DoS_Hulk,HIGH,lightgbm,HIGH
35410d753b078c23,1220,80,3217,32,115.28662872314453,6.0,4,0.85,DoS_Hulk,HIGH,lightgbm,HIGH
6410e0b5d78c93bf,1221,80,3217,32,115.2881088256836,6.0,4,0.85,DoS_Hulk,HIGH,lightgbm,HIGH
b814f9ed69a7dac1,1222,80,3217,32,115.2865219116211,6.0,4,0.85,DoS_Hulk,HIGH,lightgbm,HIGH
9d5207b464591cf4,1223,80,372,6,5.262686729431152,6.0,4,0.85,DoS_Hulk,HIGH,lightgbm,HIGH
327c4b22b4dd5c87,1224,443,6688,18,6.481420993804932,6.0,0,0.85,BENIGN,INFO,lightgbm,HIGH
db9a92dd73ff82e4,1225,443,9545,32,66.19808197021484,6.0,0,0.85,BENIGN,INFO,lightgbm,HIGH
b9478292d6c0a0ec,-12982,53,520,4,0.00015783309936523438,17.0,0,0.85,BENIGN,INFO,lightgbm,HIGH
a5dd5457283a485f,-14134,53,620,4,0.060647010803222656,17.0,0,0.85,BENIGN,INFO,lightgbm,HIGH
d803c3351e65f3a6,1226,443,10680,46,116.30616760253906,6.0,0,0.85,BENIGN,INFO,lightgbm,HIGH
a5a21a064572605b,1227,443,24017,53,180.36038208007812,6.0,0,0.85,BENIGN,INFO,lightgbm,HIGH
068412f06cea2f1c,-12481,53,364,4,0.0001361370086669922,17.0,0,0.85,BENIGN,INFO,lightgbm,HIGH
04597fb0aacf25e3,-4091,53,456,4,0.00015306472778320312,17.0,0,0.85,BENIGN,INFO,lightgbm,HIGH
38560f365baf2749,1228,443,6132,19,0.14949488639831543,6.0,0,0.85,BENIGN,INFO,lightgbm,HIGH
749b8b5889243bdb,1229,443,32389,60,180.33767700195312,6.0,0,0.85,BENIGN,INFO,lightgbm,HIGH
01319aa3acf9191b,1230,443,5891,21,0.23656797409057617,6.0,0,0.85,BENIGN,INFO,lightgbm,HIGH
63676636f7dbcbf0,-3023,53,404,4,0.00014495849609375,17.0,0,0.85,BENIGN,INFO,lightgbm,HIGH
f24473031c076b64,-14799,53,428,4,0.04999804496765137,17.0,0,0.85,BENIGN,INFO,lightgbm,HIGH
dea08f10e1693756,1231,80,5859,38,119.17926788330078,6.0,4,0.85,DoS_Hulk,HIGH,lightgbm,HIGH
7de24e2f9eeb15ca,1232,80,4452,34,119.1780776977539,6.0,4,0.85,DoS_Hulk,HIGH,lightgbm,HIGH
67b4d9608aeb9574,1233,80,1896,10,0.07058596611022949,6.0,4,0.85,DoS_Hulk,HIGH,lightgbm,HIGH
d6ad191d07d4c14b,-1234,53,418,4,0.00023818016052246094,17.0,0,0.85,BENIGN,INFO,lightgbm,HIGH
355a41128e640f07,-6313,53,380,4,0.00015616416931152344,17.0,0,0.85,BENIGN,INFO,lightgbm,HIGH
d6dad1c397c01027,-9011,53,480,4,0.0001499652862548828,17.0,0,0.85,BENIGN,INFO,lightgbm,HIGH
c936874014cf69ab,1234,80,3292,10,0.09880900382995605,6.0,4,0.85,DoS_Hulk,HIGH,lightgbm,HIGH
e0b9fe032bb3acbc,1235,80,3286,10,0.09930992126464844,6.0,4,0.85,DoS_Hulk,HIGH,lightgbm,HIGH
34943538eceda54d,1236,80,372,6,5.7224578857421875,6.0,4,0.85,DoS_Hulk,HIGH,lightgbm,HIGH
1b75265434eeee47,-5902,53,352,4,0.06116604804992676,17.0,0,0.85,BENIGN,INFO,lightgbm,HIGH
cc437ba1c621d57e,-4137,53,469,4,187.0363006591797,17.0,0,0.85,BENIGN,INFO,lightgbm,HIGH
a04e0098d57d67c5,1237,443,16731,49,181.39505004882812,6.0,0,0.85,BENIGN,INFO,lightgbm,HIGH
c31e453ed3dc793c,1238,443,13782,34,0.4155569076538086,6.0,0,0.85,BENIGN,INFO,lightgbm,HIGH
f70073750c88daf0,-853,53,608,4,0.06777691841125488,17.0,0,0.85,BENIGN,INFO,lightgbm,HIGH
3e831ca6664b50ee,-3972,53,326,2,0.06737303733825684,17.0,0,0.85,BENIGN,INFO,lightgbm,HIGH
636837ef8c0aa56b,-7662,53,444,4,0.04967188835144043,17.0,0,0.85,BENIGN,INFO,lightgbm,HIGH
f9104d9661c35766,1239,443,7912,21,0.1992330551147461,6.0,0,0.85,BENIGN,INFO,lightgbm,HIGH
dbe1bda30589ff31,1240,443,18389,63,183.3350372314453,6.0,0,0.85,BENIGN,INFO,lightgbm,HIGH
55f493a8732c65b5,-5538,53,380,4,0.00014090538024902344,17.0,0,0.85,BENIGN,INFO,lightgbm,HIGH
0ab0938a12b62f35,-10957,53,468,4,0.04976797103881836,17.0,0,0.85,BENIGN,INFO,lightgbm,HIGH
e8d3b1e5fe4f8ffa,1241,443,9372,41,115.17445373535156,6.0,0,0.85,BENIGN,INFO,lightgbm,HIGH
6e2f500efdd1357d,-16132,53,608,4,0.0001850128173828125,17.0,0,0.85,BENIGN,INFO,lightgbm,HIGH
9d11c48b87d20908,-14906,53,514,4,0.00014591217041015625,17.0,0,0.85,BENIGN,INFO,lightgbm,HIGH
649cd78e2ff0dd6a,1242,443,6555,17,5.126591682434082,6.0,0,0.85,BENIGN,INFO,lightgbm,HIGH
13c6ea0b9617771e,-2889,53,436,4,0.052088022232055664,17.0,0,0.85,BENIGN,INFO,lightgbm,HIGH
4234045d5a573a2e,-3379,53,240,2,0.051728010177612305,17.0,0,0.85,BENIGN,INFO,lightgbm,HIGH
d4443affc819aae6,1243,465,8409,44,1.9482471942901611,6.0,0,0.85,BENIGN,INFO,lightgbm,HIGH
7941f15980a83778,-6793,53,394,4,0.024677038192749023,17.0,0,0.85,BENIGN,INFO,lightgbm,HIGH
0a64e3642f2dca14,-7720,53,426,4,0.00015401840209960938,17.0,0,0.85,BENIGN,INFO,lightgbm,HIGH
b80ef82d9f76eb89,1244,443,5634,21,0.11139798164367676,6.0,0,0.85,BENIGN,INFO,lightgbm,HIGH
47bb4221089396ed,1245,443,10813,52,181.9707794189453,6.0,0,0.85,BENIGN,INFO,lightgbm,HIGH
41172cb00f287649,1246,443,6755,29,0.16246891021728516,6.0,0,0.85,BENIGN,INFO,lightgbm,HIGH
e0409e28f4b4f037,-4775,53,380,4,0.00013899803161621094,17.0,0,0.85,BENIGN,INFO,lightgbm,HIGH
9cf582105b627dc9,-13996,53,404,4,0.00014901161193847656,17.0,0,0.85,BENIGN,INFO,lightgbm,HIGH
42905019500c749d,-6597,53,456,4,0.00015783309936523438,17.0,0,0.85,BENIGN,INFO,lightgbm,HIGH
9e5570e583c29b37,1247,443,9208,45,182.9780731201172,6.0,0,0.85,BENIGN,INFO,lightgbm,HIGH
e6bba1f7bd9e87e3,-5199,53,404,4,0.00014400482177734375,17.0,0,0.85,BENIGN,INFO,lightgbm,HIGH
04c49584784c7dbb,-15326,53,428,4,0.00016880035400390625,17.0,0,0.85,BENIGN,INFO,lightgbm,HIGH
f753aa5cef354d82,1248,443,5674,21,0.1349630355834961,6.0,0,0.85,BENIGN,INFO,lightgbm,HIGH
d28a54d579a4184a,1249,443,5675,21,0.1348731517791748,6.0,0,0.85,BENIGN,INFO,lightgbm,HIGH
0b2422c2718bb00b,1250,443,5746,19,0.1460881233215332,6.0,0,0.85,BENIGN,INFO,lightgbm,HIGH
3e51834836a4cd99,1251,22,14166,82,1.5381450653076172,6.0,11,0.85,SSH-Patator,MEDIUM,lightgbm,HIGH
41b97b18e9a2a746,-11614,53,404,4,0.0001659393310546875,17.0,0,0.85,BENIGN,INFO,lightgbm,HIGH
582d2f91fbbf88aa,-14599,53,404,4,0.0001499652862548828,17.0,0,0.85,BENIGN,INFO,lightgbm,HIGH
cd1fdfea6b4c133e,1252,22,13470,76,1.5696899890899658,6.0,11,0.85,SSH-Patator,MEDIUM,lightgbm,HIGH
8d1a2f9a915fc4e4,-3309,53,458,4,0.05054521560668945,17.0,0,0.85,BENIGN,INFO,lightgbm,HIGH
1c5ee090f8fa01c8,-12166,53,468,4,0.050412893295288086,17.0,0,0.85,BENIGN,INFO,lightgbm,HIGH
8dd02de6b0223819,-4323,53,256,2,0.05002903938293457,17.0,0,0.85,BENIGN,INFO,lightgbm,HIGH
51cd71164e929f5f,1253,443,296427,322,182.97169494628906,6.0,0,0.85,BENIGN,INFO,lightgbm,HIGH
a806d8fe36537d8f,1254,443,18329,38,0.25665903091430664,6.0,0,0.85,BENIGN,INFO,lightgbm,HIGH
57ec2a9e0b1cc163,1255,443,9156,29,0.25034308433532715,6.0,0,0.85,BENIGN,INFO,lightgbm,HIGH
81156fc9a62eeba3,-7699,53,400,4,0.00014495849609375,17.0,0,0.85,BENIGN,INFO,lightgbm,HIGH
72a775e188f8ced8,-16119,53,424,4,0.00019407272338867188,17.0,0,0.85,BENIGN,INFO,lightgbm,HIGH
98e00027cca67f47,1256,443,6053,19,0.268848180770874,6.0,0,0.85,BENIGN,INFO,lightgbm,HIGH
9e1e2dcb6054fc8c,1257,443,5721,21,0.2496190071105957,6.0,0,0.85,BENIGN,INFO,lightgbm,HIGH
510f8c6105963cc0,1258,443,5721,21,0.1908888816833496,6.0,0,0.85,BENIGN,INFO,lightgbm,HIGH
499a7950d70925dd,-13905,53,504,4,0.05019497871398926,17.0,0,0.85,BENIGN,INFO,lightgbm,HIGH
ac93aed8044f9033,1259,80,372,6,5.6489739418029785,6.0,4,0.85,DoS_Hulk,HIGH,lightgbm,HIGH
66b232b63f895f67,1260,443,6957,34,180.82888793945312,6.0,0,0.85,BENIGN,INFO,lightgbm,HIGH
60532b7fd44a8eb1,1261,443,7508,27,0.2395491600036621,6.0,0,0.85,BENIGN,INFO,lightgbm,HIGH
a245cf70654fd913,-13221,53,460,4,0.00017595291137695312,17.0,0,0.85,BENIGN,INFO,lightgbm,HIGH
1a3969aba7949f5b,-12882,53,388,4,0.049491167068481445,17.0,0,0.85,BENIGN,INFO,lightgbm,HIGH
b349542c6636002d,-4828,53,216,2,0.04916095733642578,17.0,0,0.85,BENIGN,INFO,lightgbm,HIGH
1bfce13d4fe8ce10,1262,80,372,6,5.646350860595703,6.0,4,0.85,DoS_Hulk,HIGH,lightgbm,HIGH
cee153fa24b79c94,1263,80,372,6,5.616152763366699,6.0,4,0.85,DoS_Hulk,HIGH,lightgbm,HIGH
b9e081598ed924e7,-3327,53,328,4,0.0504300594329834,17.0,0,0.85,BENIGN,INFO,lightgbm,HIGH
375ce8ea088b7d32,1264,443,7972,39,180.57638549804688,6.0,0,0.85,BENIGN,INFO,lightgbm,HIGH
b155ee58ff30fbaf,-10470,53,328,4,0.00014209747314453125,17.0,0,0.85,BENIGN,INFO,lightgbm,HIGH
e0808855ea1174a7,-10244,53,352,4,0.00019407272338867188,17.0,0,0.85,BENIGN,INFO,lightgbm,HIGH
5da1e856c5ee8267,-8800,53,324,4,0.05060100555419922,17.0,0,0.85,BENIGN,INFO,lightgbm,HIGH
d3a8bb30be8dc6bd,1265,443,8465,38,180.30984497070312,6.0,0,0.85,BENIGN,INFO,lightgbm,HIGH
4827a72eb0349d99,-12708,53,324,4,0.0001468658447265625,17.0,0,0.85,BENIGN,INFO,lightgbm,HIGH
20031c64f4afc534,-15870,53,348,4,0.05033707618713379,17.0,0,0.85,BENIGN,INFO,lightgbm,HIGH
737f931ea497ee4d,-4954,53,483,4,76.73897552490234,17.0,0,0.85,BENIGN,INFO,lightgbm,HIGH
02a96463c64e4c93,-8228,53,704,4,0.0012660026550292969,17.0,0,0.85,BENIGN,INFO,lightgbm,HIGH
a35aefc316857307,-5435,53,366,2,0.0007340908050537109,17.0,0,0.85,BENIGN,INFO,lightgbm,HIGH
68a77bf500897493,-1296,53,704,4,0.00021600723266601562,17.0,0,0.85,BENIGN,INFO,lightgbm,HIGH
75aa3dd5edd8ea44,-15196,53,368,4,0.04865002632141113,17.0,0,0.85,BENIGN,INFO,lightgbm,HIGH
e107e30c90bde059,-15811,53,324,4,0.0001480579376220703,17.0,0,0.85,BENIGN,INFO,lightgbm,HIGH
14c2577a016077eb,-2527,53,460,4,0.04827404022216797,17.0,0,0.85,BENIGN,INFO,lightgbm,HIGH
80c5ac860f5bc98b,-4948,53,526,4,172.43951416015625,17.0,0,0.85,BENIGN,INFO,lightgbm,HIGH
5fbde8ca7968edfa,1151,443,3092,13,0.1651301383972168,6.0,0,0.85,BENIGN,INFO,lightgbm,HIGH
7bec844d75c9e526,-559,53,562,4,0.06057476997375488,17.0,0,0.85,BENIGN,INFO,lightgbm,HIGH
c3fac7a8db5564fc,-1460,53,562,4,0.06038093566894531,17.0,0,0.85,BENIGN,INFO,lightgbm,HIGH
b8350fd7e077ebb1,-4800,53,210,2,0.06012988090515137,17.0,0,0.85,BENIGN,INFO,lightgbm,HIGH
b89b2e2ababa6fd9,-5862,53,562,4,0.00017213821411132812,17.0,0,0.85,BENIGN,INFO,lightgbm,HIGH
abefda3223a6ffcf,-9304,53,376,4,0.00015115737915039062,17.0,0,0.85,BENIGN,INFO,lightgbm,HIGH
43008a8a74917120,-11824,53,376,4,0.00023794174194335938,17.0,0,0.85,BENIGN,INFO,lightgbm,HIGH
eba211b33ae27f6c,1152,80,2662,32,115.07050323486328,6.0,4,0.85,DoS_Hulk,HIGH,lightgbm,HIGH
fcb4e5198cdaf36b,-13163,53,444,4,0.07319307327270508,17.0,0,0.85,BENIGN,INFO,lightgbm,HIGH
a39467d3671589bf,-14791,53,408,4,0.00015282630920410156,17.0,0,0.85,BENIGN,INFO,lightgbm,HIGH
82ac70930788175f,-16328,465,5336,50,1.7415788173675537,6.0,0,0.85,BENIGN,INFO,lightgbm,HIGH
7cfe3d5761b1b782,-14378,53,876,4,0.0002789497375488281,17.0,0,0.85,BENIGN,INFO,lightgbm,HIGH
4dd69a1a9bb3e634,-15769,443,13093,33,60.496280670166016,6.0,0,0.85,BENIGN,INFO,lightgbm,HIGH
9eff5b210782057e,-9684,53,736,4,0.00021195411682128906,17.0,0,0.85,BENIGN,INFO,lightgbm,HIGH
5dbf99c2e11b3486,-16147,443,8614,18,60.4661865234375,6.0,0,0.85,BENIGN,INFO,lightgbm,HIGH
cd214ed33b407268,-22946,53,400,4,1.2183151245117188,17.0,0,0.85,BENIGN,INFO,lightgbm,HIGH
02dff881c2f6a5e3,-30818,53,368,4,0.16988205909729004,17.0,0,0.85,BENIGN,INFO,lightgbm,HIGH
e21a7c67ca3574fa,-4354,53,222,2,1.217844009399414,17.0,0,0.85,BENIGN,INFO,lightgbm,HIGH
3f03c26645fcddf6,-3113,53,824,6,171.4009246826172,17.0,0,0.85,BENIGN,INFO,lightgbm,HIGH
8b57a3fdb623b67e,-6003,443,4639,16,0.6672558784484863,6.0,0,0.85,BENIGN,INFO,lightgbm,HIGH
f171785d69a4b2c6,13332,53,584,4,0.2071208953857422,17.0,0,0.85,BENIGN,INFO,lightgbm,HIGH
fe428749d11e7755,2159,53,632,4,0.20772600173950195,17.0,0,0.85,BENIGN,INFO,lightgbm,HIGH
ce359c99f98a0d96,-4749,53,338,2,0.20719695091247559,17.0,0,0.85,BENIGN,INFO,lightgbm,HIGH
f268e6a8ac44bfc5,-21810,80,3492,32,115.68142700195312,6.0,4,0.85,DoS_Hulk,HIGH,lightgbm,HIGH
43bdbb0ed56d0174,-16344,137,1196,13,2.193450927734375e-05,17.0,0,0.85,BENIGN,INFO,lightgbm,HIGH
41db8972dcc98af2,137,-16344,208,2,4.792213439941406e-05,17.0,0,0.85,BENIGN,INFO,lightgbm,HIGH
c87622cb5e541ae1,-16327,139,11314,84,0.07645797729492188,6.0,0,0.85,BENIGN,INFO,lightgbm,HIGH
03f2ec41a5c06192,-20788,53,260,4,0.0002028942108154297,17.0,0,0.85,BENIGN,INFO,lightgbm,HIGH
0e3655f5203f35ea,-11897,53,260,4,0.0002009868621826172,17.0,0,0.85,BENIGN,INFO,lightgbm,HIGH
bbc6b8eca5b9bc73,-9048,53,260,4,0.0001709461212158203,17.0,0,0.85,BENIGN,INFO,lightgbm,HIGH
a8833bc28bd5954d,3736,53,260,4,0.00016999244689941406,17.0,0,0.85,BENIGN,INFO,lightgbm,HIGH
93bd922d304ff151,3593,53,260,4,0.00020003318786621094,17.0,0,0.85,BENIGN,INFO,lightgbm,HIGH
45b7700ddbdd9b10,15287,53,260,4,0.0001537799835205078,17.0,0,0.85,BENIGN,INFO,lightgbm,HIGH
eef983800753b47b,-30319,53,260,4,0.00020194053649902344,17.0,0,0.85,BENIGN,INFO,lightgbm,HIGH
4dfa3ef1248b86e9,22403,53,260,4,0.00015497207641601562,17.0,0,0.85,BENIGN,INFO,lightgbm,HIGH
914e977dcfe40b5f,-9202,53,260,4,0.0001537799835205078,17.0,0,0.85,BENIGN,INFO,lightgbm,HIGH
6b7b3008bad6ffd9,-15170,53,260,4,0.00015115737915039062,17.0,0,0.85,BENIGN,INFO,lightgbm,HIGH
f6e7c180dbbc7ecc,-2642,53,260,4,0.00019621849060058594,17.0,0,0.85,BENIGN,INFO,lightgbm,HIGH
5ce11fb330e02b3c,-10991,53,260,4,0.0001480579376220703,17.0,0,0.85,BENIGN,INFO,lightgbm,HIGH
2f2f72d04ac8ed13,17429,53,260,4,0.0001990795135498047,17.0,0,0.85,BENIGN,INFO,lightgbm,HIGH
984010efda02c07d,-23901,53,260,4,0.00015211105346679688,17.0,0,0.85,BENIGN,INFO,lightgbm,HIGH
b62173f87475db46,10159,53,260,4,0.0002009868621826172,17.0,0,0.85,BENIGN,INFO,lightgbm,HIGH
b690b632f3381676,27109,53,260,4,0.00015401840209960938,17.0,0,0.85,BENIGN,INFO,lightgbm,HIGH
8bbf5a7f449c2d1b,-15768,443,7360,17,0.2644329071044922,6.0,0,0.85,BENIGN,INFO,lightgbm,HIGH
dc4f46b824140da9,-15767,443,7440,17,0.26189208030700684,6.0,0,0.85,BENIGN,INFO,lightgbm,HIGH
0dc14330b071e4e6,-2908,53,696,4,0.06045699119567871,17.0,0,0.85,BENIGN,INFO,lightgbm,HIGH
4eb868898f5458fd,-15766,443,7122,20,125.45266723632812,6.0,0,0.85,BENIGN,INFO,lightgbm,HIGH
dba327910df05f7f,-15765,443,8010,18,0.49608802795410156,6.0,0,0.85,BENIGN,INFO,lightgbm,HIGH
b7bd029e9cbfb358,-5817,53,710,4,0.06076812744140625,17.0,0,0.85,BENIGN,INFO,lightgbm,HIGH
7fe1f81f9b56e60f,-15764,443,7807,18,125.56786346435547,6.0,0,0.85,BENIGN,INFO,lightgbm,HIGH
99403ba98b6ce723,-15763,443,8316,18,0.2697432041168213,6.0,0,0.85,BENIGN,INFO,lightgbm,HIGH
9d1ad4d60aac46dc,-16301,53,810,6,0.16713809967041016,17.0,0,0.85,BENIGN,INFO,lightgbm,HIGH
458812bb935df1e6,-5318,53,548,4,236.4528045654297,17.0,0,0.85,BENIGN,INFO,lightgbm,HIGH
f4af44f04178f146,-15762,80,43113,39,64.2907943725586,6.0,4,0.85,DoS_Hulk,HIGH,lightgbm,HIGH
e1a0fd538c8431b1,-13664,53,848,6,0.22955918312072754,17.0,0,0.85,BENIGN,INFO,lightgbm,HIGH
fd5516c66e8c84f2,-4606,53,354,2,0.2290489673614502,17.0,0,0.85,BENIGN,INFO,lightgbm,HIGH
8458a4610a4d2496,-15761,80,1197561,1000,17.484603881835938,6.0,4,0.85,DoS_Hulk,HIGH,lightgbm,HIGH
581c793e047057ef,-14545,53,854,6,0.8824141025543213,17.0,0,0.85,BENIGN,INFO,lightgbm,HIGH
2d4104727fd56cb9,-4436,53,366,2,0.8818461894989014,17.0,0,0.85,BENIGN,INFO,lightgbm,HIGH
e0ba4ffa40838980,-15760,443,8316,18,0.3809549808502197,6.0,0,0.85,BENIGN,INFO,lightgbm,HIGH
c764801bd1e99563,27694,53,444,4,0.00020694732666015625,17.0,0,0.85,BENIGN,INFO,lightgbm,HIGH
4db1b25d63cbcf65,7176,53,444,4,0.00021219253540039062,17.0,0,0.85,BENIGN,INFO,lightgbm,HIGH
b94cb9c32cb2b93d,-399,53,328,4,0.00019884109497070312,17.0,0,0.85,BENIGN,INFO,lightgbm,HIGH
7bd24b965ff39035,23234,53,390,4,0.00024509429931640625,17.0,0,0.85,BENIGN,INFO,lightgbm,HIGH
ca4e4346f38f59a0,-13013,88,886,4,0.00045990943908691406,17.0,0,0.85,BENIGN,INFO,lightgbm,HIGH
deab40263304a0f6,13119,53,494,4,0.00021386146545410156,17.0,0,0.85,BENIGN,INFO,lightgbm,HIGH
7a8f49a604c9b0ec,3068,53,444,4,0.00021505355834960938,17.0,0,0.85,BENIGN,INFO,lightgbm,HIGH
e76aa04e29fdc32d,7384,53,444,4,0.00020003318786621094,17.0,0,0.85,BENIGN,INFO,lightgbm,HIGH
f26db8a0b9799af3,20829,53,328,4,0.00021600723266601562,17.0,0,0.85,BENIGN,INFO,lightgbm,HIGH
aca9834fce027e29,-10052,53,390,4,0.0001690387725830078,17.0,0,0.85,BENIGN,INFO,lightgbm,HIGH
8afa98457c25f20a,-12019,88,968,4,0.000759124755859375,17.0,0,0.85,BENIGN,INFO,lightgbm,HIGH
43fc0866382ee738,24874,53,494,4,0.00020003318786621094,17.0,0,0.85,BENIGN,INFO,lightgbm,HIGH
40d62a34e42c1e4f,-2146,53,494,4,0.00019478797912597656,17.0,0,0.85,BENIGN,INFO,lightgbm,HIGH
1be1e8ebf2028f6a,6182,53,494,4,0.00019693374633789062,17.0,0,0.85,BENIGN,INFO,lightgbm,HIGH
20877a4ddafe587b,-5750,53,868,6,0.32176995277404785,17.0,0,0.85,BENIGN,INFO,lightgbm,HIGH
d8867352fab7b57e,-16146,443,9362,33,67.43431091308594,6.0,0,0.85,BENIGN,INFO,lightgbm,HIGH
2c47ce034b0d5343,-21853,53,340,4,0.00019979476928710938,17.0,0,0.85,BENIGN,INFO,lightgbm,HIGH
ad39123f94901020,-18525,53,436,4,0.00026106834411621094,17.0,0,0.85,BENIGN,INFO,lightgbm,HIGH
55817d1eb625cef3,-31784,53,508,4,0.0002570152282714844,17.0,0,0.85,BENIGN,INFO,lightgbm,HIGH
db96e38880f25415,20168,53,652,4,0.0002589225769042969,17.0,0,0.85,BENIGN,INFO,lightgbm,HIGH
d44fc5b44422bd39,-28375,80,2953,19,9.109991073608398,6.0,4,0.85,DoS_Hulk,HIGH,lightgbm,HIGH
8b6578f912e17b3e,27978,53,340,4,0.02366495132446289,17.0,0,0.85,BENIGN,INFO,lightgbm,HIGH
771e3a7f6118b171,-7296,53,364,4,0.023998022079467773,17.0,0,0.85,BENIGN,INFO,lightgbm,HIGH
cad757e14f87418a,-3778,53,192,2,0.023298025131225586,17.0,0,0.85,BENIGN,INFO,lightgbm,HIGH
f902f8977b0879d3,-24412,80,1286955,1000,0.7365460395812988,6.0,4,0.85,DoS_Hulk,HIGH,lightgbm,HIGH
868cff205cf94f03,-4773,53,204,2,0.023632049560546875,17.0,0,0.85,BENIGN,INFO,lightgbm,HIGH
ddc5adce9bc92716,18055,53,452,4,0.048544883728027344,17.0,0,0.85,BENIGN,INFO,lightgbm,HIGH
6cd44b42b7891374,-4063,53,548,4,0.04889488220214844,17.0,0,0.85,BENIGN,INFO,lightgbm,HIGH
00e20e3954adfe05,-3789,53,589,4,164.423583984375,17.0,0,0.85,BENIGN,INFO,lightgbm,HIGH
d6565a432abfceb5,-9151,80,10917,42,9.086013793945312,6.0,4,0.85,DoS_Hulk,HIGH,lightgbm,HIGH
90f2f66fbcaeeb37,-26474,80,1321418,1000,1.847938060760498,6.0,4,0.85,DoS_Hulk,HIGH,lightgbm,HIGH
e8309c00456cbf1d,-9705,53,444,4,0.00021791458129882812,17.0,0,0.85,BENIGN,INFO,lightgbm,HIGH
76c97cb335486a8d,-16914,53,444,4,0.00021409988403320312,17.0,0,0.85,BENIGN,INFO,lightgbm,HIGH
6988e9486feabb6c,-4657,53,328,4,0.00019598007202148438,17.0,0,0.85,BENIGN,INFO,lightgbm,HIGH
722c02dff856e8d9,5088,53,390,4,0.0002410411834716797,17.0,0,0.85,BENIGN,INFO,lightgbm,HIGH
c1a2c5c9291ee42d,-26292,88,886,4,0.00043010711669921875,17.0,0,0.85,BENIGN,INFO,lightgbm,HIGH
c68ae2854c5dc926,-23791,53,494,4,0.00021409988403320312,17.0,0,0.85,BENIGN,INFO,lightgbm,HIGH
3bda4454f2e31008,2361,53,444,4,0.0002110004425048828,17.0,0,0.85,BENIGN,INFO,lightgbm,HIGH
d36ad74ba21de21e,17152,53,444,4,0.00020194053649902344,17.0,0,0.85,BENIGN,INFO,lightgbm,HIGH
bf01f020fc2b4387,30052,53,328,4,0.0002238750457763672,17.0,0,0.85,BENIGN,INFO,lightgbm,HIGH
d14ca43b6ea2c124,6589,53,390,4,0.00022411346435546875,17.0,0,0.85,BENIGN,INFO,lightgbm,HIGH
a27067b375dc7024,-29904,88,968,4,0.0005991458892822266,17.0,0,0.85,BENIGN,INFO,lightgbm,HIGH
8079b23f48fbe7e4,-5429,53,494,4,0.0002079010009765625,17.0,0,0.85,BENIGN,INFO,lightgbm,HIGH
ccb84cc4cc835b5e,-15398,53,494,4,0.0001938343048095703,17.0,0,0.85,BENIGN,INFO,lightgbm,HIGH
21ccf0c8b9110eb3,25787,53,494,4,0.00019121170043945312,17.0,0,0.85,BENIGN,INFO,lightgbm,HIGH
0f7f4d2671cf38cf,-15759,443,5949,14,63.219364166259766,6.0,0,0.85,BENIGN,INFO,lightgbm,HIGH
f8568960c04914f1,-15758,443,10775,17,0.4553060531616211,6.0,0,0.85,BENIGN,INFO,lightgbm,HIGH
70c25636b5e27f62,-15757,443,29696,28,1.6825978755950928,6.0,0,0.85,BENIGN,INFO,lightgbm,HIGH
db8e33599350ccc7,-16326,3268,11444,35,99.88681030273438,6.0,0,0.85,BENIGN,INFO,lightgbm,HIGH
22dea1f01e87b007,-16325,389,11444,35,99.86796569824219,6.0,0,0.85,BENIGN,INFO,lightgbm,HIGH
e8243f7f6af8ece9,-12596,53,576,4,0.22610807418823242,17.0,0,0.85,BENIGN,INFO,lightgbm,HIGH
f8354adda0a80549,-4589,53,310,2,0.22546887397766113,17.0,0,0.85,BENIGN,INFO,lightgbm,HIGH
78497c02c362b842,-16324,443,40449,47,0.30300402641296387,6.0,0,0.85,BENIGN,INFO,lightgbm,HIGH
f1f528c9e1c259f1,-15337,53,564,4,0.3396780490875244,17.0,0,0.85,BENIGN,INFO,lightgbm,HIGH
e9c7ec144a9b6bc3,-4868,53,304,2,0.33924293518066406,17.0,0,0.85,BENIGN,INFO,lightgbm,HIGH
ecde6cac614ce7f2,-1133,53,430,4,0.18569183349609375,17.0,0,0.85,BENIGN,INFO,lightgbm,HIGH
546b149c224b5ae6,-4098,53,471,4,208.30702209472656,17.0,0,0.85,BENIGN,INFO,lightgbm,HIGH
a96e3495ccf8c164,-12485,53,340,4,0.0001838207244873047,17.0,0,0.85,BENIGN,INFO,lightgbm,HIGH
239a1a77c38186d3,-8331,53,650,4,0.41028380393981934,17.0,0,0.85,BENIGN,INFO,lightgbm,HIGH
2c18352705bfa501,-16323,443,22463,36,11.95925521850586,6.0,0,0.85,BENIGN,INFO,lightgbm,HIGH
756e8788c5dd4c9e,-10523,53,582,6,0.08660221099853516,17.0,0,0.85,BENIGN,INFO,lightgbm,HIGH
d469e754a058add6,-16322,443,71583,76,67.40259552001953,6.0,0,0.85,BENIGN,INFO,lightgbm,HIGH
d82fda31f7996ebd,-5037,53,702,4,0.0010821819305419922,17.0,0,0.85,BENIGN,INFO,lightgbm,HIGH
de40ce477466bb22,-5401,53,326,2,0.0006082057952880859,17.0,0,0.85,BENIGN,INFO,lightgbm,HIGH
c5b449265c3621f9,-15756,443,19515,51,115.87177276611328,6.0,0,0.85,BENIGN,INFO,lightgbm,HIGH
7a527201d63b7a8b,-10876,53,702,4,0.0002510547637939453,17.0,0,0.85,BENIGN,INFO,lightgbm,HIGH
85b5c720772e91dd,-15755,443,5006,16,5.577780723571777,6.0,0,0.85,BENIGN,INFO,lightgbm,HIGH
3b7f33e4ae25fb50,-15754,443,5126,18,5.79990816116333,6.0,0,0.85,BENIGN,INFO,lightgbm,HIGH
398d356969b0b2f3,-15753,443,21848,52,115.87113189697266,6.0,0,0.85,BENIGN,INFO,lightgbm,HIGH
14a889d4d2c20568,-15752,443,4952,15,5.577017784118652,6.0,0,0.85,BENIGN,INFO,lightgbm,HIGH
c17d84a4a9851cc2,-164,53,608,4,0.00019621849060058594,17.0,0,0.85,BENIGN,INFO,lightgbm,HIGH
05f86d9fb4342dff,-15751,443,4952,15,5.576582908630371,6.0,0,0.85,BENIGN,INFO,lightgbm,HIGH
c51b2c21c32f0d86,-837,53,702,4,0.0002181529998779297,17.0,0,0.85,BENIGN,INFO,lightgbm,HIGH
16b07a2967b89b2c,-2615,53,702,4,0.0002040863037109375,17.0,0,0.85,BENIGN,INFO,lightgbm,HIGH
f1b2989fc30cac63,-5840,53,608,4,0.00019288063049316406,17.0,0,0.85,BENIGN,INFO,lightgbm,HIGH
a4e1bdddfd2ce955,-16321,80,115451,109,67.20619201660156,6.0,4,0.85,DoS_Hulk,HIGH,lightgbm,HIGH
a88ddeab68d59759,-16320,80,27776,33,67.2058334350586,6.0,4,0.85,DoS_Hulk,HIGH,lightgbm,HIGH
f94d411f8296879f,-16319,80,47551,51,67.20592498779297,6.0,4,0.85,DoS_Hulk,HIGH,lightgbm,HIGH
c396429a9bcfd1d0,-16318,80,76439,73,67.20584869384766,6.0,4,0.85,DoS_Hulk,HIGH,lightgbm,HIGH
1a0e183b23dded06,-16317,80,1720,12,0.32959890365600586,6.0,4,0.85,DoS_Hulk,HIGH,lightgbm,HIGH
955b3f637756fadc,-2588,53,576,4,0.16438603401184082,17.0,0,0.85,BENIGN,INFO,lightgbm,HIGH
6df5aefeb9ff4901,-3928,53,310,2,0.16394495964050293,17.0,0,0.85,BENIGN,INFO,lightgbm,HIGH
6bd2d436d2506068,-16316,80,6740,14,66.72144317626953,6.0,4,0.85,DoS_Hulk,HIGH,lightgbm,HIGH
d2c44fa9d98a5bea,-11011,53,510,4,0.04649209976196289,17.0,0,0.85,BENIGN,INFO,lightgbm,HIGH
43f51564ec972a08,-1362,53,508,4,0.10627889633178711,17.0,0,0.85,BENIGN,INFO,lightgbm,HIGH
68ca38c31e74f60e,-4578,53,495,4,149.0305938720703,17.0,0,0.85,BENIGN,INFO,lightgbm,HIGH
bff64192fddcfaa2,-16315,443,142907,142,66.59345245361328,6.0,0,0.85,BENIGN,INFO,lightgbm,HIGH
31cb03371e3781f4,-16314,443,8317,28,0.7172501087188721,6.0,0,0.85,BENIGN,INFO,lightgbm,HIGH
07a431b056363af9,-16313,80,46145,75,32.38465118408203,6.0,4,0.85,DoS_Hulk,HIGH,lightgbm,HIGH
431b645274b9e489,-14358,53,588,4,0.2085270881652832,17.0,0,0.85,BENIGN,INFO,lightgbm,HIGH
ffd46e88210ad27f,-3300,53,316,2,0.2079789638519287,17.0,0,0.85,BENIGN,INFO,lightgbm,HIGH
1ce6695631c21357,-5187,53,666,4,0.12129402160644531,17.0,0,0.85,BENIGN,INFO,lightgbm,HIGH
05463d0e484f9a2d,-3183,53,355,2,0.12081503868103027,17.0,0,0.85,BENIGN,INFO,lightgbm,HIGH
6093ec66fe09337f,-2595,53,456,4,0.0001938343048095703,17.0,0,0.85,BENIGN,INFO,lightgbm,HIGH
5ea12f1630e40748,-16312,443,37027,57,65.98717498779297,6.0,0,0.85,BENIGN,INFO,lightgbm,HIGH
f7a664c8c4619b69,-16311,443,7026,21,16.270265579223633,6.0,0,0.85,BENIGN,INFO,lightgbm,HIGH
aac72add23d84712,-2090,53,546,4,0.18183398246765137,17.0,0,0.85,BENIGN,INFO,lightgbm,HIGH
5b459059d0cd70ff,-3624,53,295,2,0.18126988410949707,17.0,0,0.85,BENIGN,INFO,lightgbm,HIGH
4fe9010fe7c89022,-12892,53,416,4,0.0001659393310546875,17.0,0,0.85,BENIGN,INFO,lightgbm,HIGH
6e6c495b550371cd,-16310,443,74086,71,65.97293090820312,6.0,0,0.85,BENIGN,INFO,lightgbm,HIGH
bdaa5d2b98eedb14,-14457,53,480,4,0.18624210357666016,17.0,0,0.85,BENIGN,INFO,lightgbm,HIGH
e43ad463ee41e07c,-16309,443,7698,23,65.86861419677734,6.0,0,0.85,BENIGN,INFO,lightgbm,HIGH
c48a4dd8524309bf,-16308,80,130181,110,65.80016326904297,6.0,4,0.85,DoS_Hulk,HIGH,lightgbm,HIGH
03bdd312b3d7920b,-16307,80,25112,36,65.79994201660156,6.0,4,0.85,DoS_Hulk,HIGH,lightgbm,HIGH
f2660c2e4084467e,-16306,80,46907,49,65.79889678955078,6.0,4,0.85,DoS_Hulk,HIGH,lightgbm,HIGH
91c899274469716e,-16305,80,30941,38,65.79875183105469,6.0,4,0.85,DoS_Hulk,HIGH,lightgbm,HIGH
05dac6c5019e4c85,-16304,80,45006,44,65.79248046875,6.0,4,0.85,DoS_Hulk,HIGH,lightgbm,HIGH
cf8eb3a4e7d410c3,-8872,53,328,4,0.02385401725769043,17.0,0,0.85,BENIGN,INFO,lightgbm,HIGH
05b0fae2e3c92563,-3872,53,414,4,135.5336151123047,17.0,0,0.85,BENIGN,INFO,lightgbm,HIGH
dfa61254918cdc94,-16303,443,9281,31,65.97606658935547,6.0,0,0.85,BENIGN,INFO,lightgbm,HIGH
891dc1af0449f3f0,-7426,53,536,4,0.06399798393249512,17.0,0,0.85,BENIGN,INFO,lightgbm,HIGH
8872ea99fd492265,-16302,443,29037,43,65.77954864501953,6.0,0,0.85,BENIGN,INFO,lightgbm,HIGH
4c36e509167abb22,-9441,53,464,4,0.04860115051269531,17.0,0,0.85,BENIGN,INFO,lightgbm,HIGH
22efdd58f1b42011,-3297,53,254,2,0.0481719970703125,17.0,0,0.85,BENIGN,INFO,lightgbm,HIGH
d1eba9668085c514,-4480,53,704,4,0.23580694198608398,17.0,0,0.85,BENIGN,INFO,lightgbm,HIGH
d66bf25834b9c3ce,-4799,53,374,2,0.23520517349243164,17.0,0,0.85,BENIGN,INFO,lightgbm,HIGH
fb18d48509d7c793,-16301,443,6508,21,10.469053268432617,6.0,0,0.85,BENIGN,INFO,lightgbm,HIGH
8d89bdb0cf93c4f3,-16300,443,7859,28,0.7090530395507812,6.0,0,0.85,BENIGN,INFO,lightgbm,HIGH
524d1d7a582c5f1e,-16299,443,11114,32,65.73931121826172,6.0,0,0.85,BENIGN,INFO,lightgbm,HIGH
02c1920feaa49244,-16298,443,5509,23,65.53507232666016,6.0,0,0.85,BENIGN,INFO,lightgbm,HIGH
a632f500de1a95fe,-16297,443,5915,24,65.53523254394531,6.0,0,0.85,BENIGN,INFO,lightgbm,HIGH
101c95d30cd6877f,-4447,53,444,4,0.0466609001159668,17.0,0,0.85,BENIGN,INFO,lightgbm,HIGH
e206eddaee214245,-5147,53,244,2,0.04630088806152344,17.0,0,0.85,BENIGN,INFO,lightgbm,HIGH
ed99a023dabc6cb3,-15806,53,394,4,0.023554086685180664,17.0,0,0.85,BENIGN,INFO,lightgbm,HIGH
d444d9d7802ca863,-8931,53,408,4,0.0001900196075439453,17.0,0,0.85,BENIGN,INFO,lightgbm,HIGH
b1ea1c3a7b6ae9b4,-14978,53,496,4,0.0007641315460205078,17.0,0,0.85,BENIGN,INFO,lightgbm,HIGH
a611880e5f2d5e5c,-16296,443,7964,27,65.24282836914062,6.0,0,0.85,BENIGN,INFO,lightgbm,HIGH
8b196455f398f9fe,-14797,53,488,4,0.13111209869384766,17.0,0,0.85,BENIGN,INFO,lightgbm,HIGH
6159f011938852cb,-3330,53,504,4,205.99951171875,17.0,0,0.85,BENIGN,INFO,lightgbm,HIGH
4aeddab3b31d7d7e,-16295,443,7319,28,1.2139229774475098,6.0,0,0.85,BENIGN,INFO,lightgbm,HIGH
333de30388108692,-16294,443,26167,40,0.20090198516845703,6.0,0,0.85,BENIGN,INFO,lightgbm,HIGH
e627a33b0906ffa7,-16293,443,15131,34,65.04422760009766,6.0,0,0.85,BENIGN,INFO,lightgbm,HIGH
415eee7395b41f04,-6324,53,448,4,0.19350314140319824,17.0,0,0.85,BENIGN,INFO,lightgbm,HIGH
52dfca2fe072fbf4,-3005,53,246,2,0.19320011138916016,17.0,0,0.85,BENIGN,INFO,lightgbm,HIGH
4728b7c377bbbe9d,-9421,53,648,4,0.13384509086608887,17.0,0,0.85,BENIGN,INFO,lightgbm,HIGH
e50a50ce7b52a9ea,-9667,53,426,4,0.0009629726409912109,17.0,0,0.85,BENIGN,INFO,lightgbm,HIGH
b69d6d319a472ee8,-5997,53,456,4,0.0002219676971435547,17.0,0,0.85,BENIGN,INFO,lightgbm,HIGH
268e5fc5d660a848,-16292,443,22400,46,65.04341888427734,6.0,0,0.85,BENIGN,INFO,lightgbm,HIGH
0cacd7d56cf6b22c,-16291,443,21893,37,65.03218078613281,6.0,0,0.85,BENIGN,INFO,lightgbm,HIGH
f2e15bfad384a8ea,-6311,53,368,4,0.0596010684967041,17.0,0,0.85,BENIGN,INFO,lightgbm,HIGH
a30aebccdf194c5d,-3716,53,206,2,0.05920290946960449,17.0,0,0.85,BENIGN,INFO,lightgbm,HIGH
8e27fe4022e5d911,-16290,443,5235,21,64.95955657958984,6.0,0,0.85,BENIGN,INFO,lightgbm,HIGH
a0819ef3914d7506,-16289,443,8975,25,64.9003677368164,6.0,0,0.85,BENIGN,INFO,lightgbm,HIGH
9c1d6d53fbd4d0ce,-16288,443,4667,20,64.86945343017578,6.0,0,0.85,BENIGN,INFO,lightgbm,HIGH
52e14fc8e2dd3e7a,-16287,443,27516,46,64.83085632324219,6.0,0,0.85,BENIGN,INFO,lightgbm,HIGH
f2fde110eaf37bc8,-1347,53,328,4,0.4665210247039795,17.0,0,0.85,BENIGN,INFO,lightgbm,HIGH
9d10f49812028423,-13248,53,328,4,0.02465677261352539,17.0,0,0.85,BENIGN,INFO,lightgbm,HIGH
2cf0c9047085126a,-1044,53,520,4,0.07190608978271484,17.0,0,0.85,BENIGN,INFO,lightgbm,HIGH
3783bea6503cd859,-1594,53,368,4,0.05982613563537598,17.0,0,0.85,BENIGN,INFO,lightgbm,HIGH
3f6733be1129a645,-16286,443,12809,28,14.522331237792969,6.0,0,0.85,BENIGN,INFO,lightgbm,HIGH
bff5c519d0f63839,-16285,443,7340,21,12.824981689453125,6.0,0,0.85,BENIGN,INFO,lightgbm,HIGH
b2651aaa673fbbe7,-13620,53,504,4,0.0001819133758544922,17.0,0,0.85,BENIGN,INFO,lightgbm,HIGH
28d83d01c3b734d4,-16284,443,6682,23,64.75354766845703,6.0,0,0.85,BENIGN,INFO,lightgbm,HIGH
c9fc595f1dda5107,-16283,443,7710,27,64.77638244628906,6.0,0,0.85,BENIGN,INFO,lightgbm,HIGH
4e0201ee80b44498,-16282,443,792,11,0.047415971755981445,6.0,0,0.85,BENIGN,INFO,lightgbm,HIGH
4dfc42558af94b59,-13362,53,418,4,0.09659790992736816,17.0,0,0.85,BENIGN,INFO,lightgbm,HIGH
41ce24480144ffdf,-4924,53,231,2,0.09621500968933105,17.0,0,0.85,BENIGN,INFO,lightgbm,HIGH
29307b98e0a1f969,-2253,53,410,4,0.1196599006652832,17.0,0,0.85,BENIGN,INFO,lightgbm,HIGH
6d0d76b9e9c5a31d,-12091,53,374,4,0.11844420433044434,17.0,0,0.85,BENIGN,INFO,lightgbm,HIGH
cdf6eb8827b798f3,-4365,53,209,2,0.11806178092956543,17.0,0,0.85,BENIGN,INFO,lightgbm,HIGH
08aadb70c75edaa9,-16281,443,765,11,0.0482938289642334,6.0,0,0.85,BENIGN,INFO,lightgbm,HIGH
33362df4ed517579,-16280,443,7570,26,64.59060668945312,6.0,0,0.85,BENIGN,INFO,lightgbm,HIGH
8a833bc7d0f85893,-16279,443,6894,24,64.56908416748047,6.0,0,0.85,BENIGN,INFO,lightgbm,HIGH
aeca48ae74638745,-16278,443,6759,24,64.57095336914062,6.0,0,0.85,BENIGN,INFO,lightgbm,HIGH
cf4522bfcc71b03a,-16277,443,765,11,0.5429668426513672,6.0,0,0.85,BENIGN,INFO,lightgbm,HIGH
24226c87079be3c8,-16276,443,6611,23,1.0868699550628662,6.0,0,0.85,BENIGN,INFO,lightgbm,HIGH
d43aedb30aace0a1,-4011,53,352,4,0.023975849151611328,17.0,0,0.85,BENIGN,INFO,lightgbm,HIGH
a3a0dd8783c80dd0,-5308,53,198,2,0.023640155792236328,17.0,0,0.85,BENIGN,INFO,lightgbm,HIGH
281e1d6571c1dae5,-2389,53,352,4,0.024039030075073242,17.0,0,0.85,BENIGN,INFO,lightgbm,HIGH
830d0d3b37ca3fa4,-16275,443,7172,21,13.668606758117676,6.0,0,0.85,BENIGN,INFO,lightgbm,HIGH
41f4a95f4fb5fecb,-16274,443,7218,20,13.201574325561523,6.0,0,0.85,BENIGN,INFO,lightgbm,HIGH
494ad9bf03ecfed4,-3477,53,642,4,0.12929415702819824,17.0,0,0.85,BENIGN,INFO,lightgbm,HIGH
8fde18de0d8dba15,-5416,53,343,2,0.12882399559020996,17.0,0,0.85,BENIGN,INFO,lightgbm,HIGH
4e1591df842c78e0,-16273,80,30846,34,63.338233947753906,6.0,4,0.85,DoS_Hulk,HIGH,lightgbm,HIGH
f90b5172e278422c,-13664,53,374,4,0.023643016815185547,17.0,0,0.85,BENIGN,INFO,lightgbm,HIGH
d460649e203c8b96,-5229,53,194,2,0.023298978805541992,17.0,0,0.85,BENIGN,INFO,lightgbm,HIGH
ef044574dbf41837,-16272,443,12084,41,63.038272857666016,6.0,0,0.85,BENIGN,INFO,lightgbm,HIGH
622d1e42e4eba82e,-16271,443,7879,23,62.69289779663086,6.0,0,0.85,BENIGN,INFO,lightgbm,HIGH
25cfbd959edb3c9d,-1820,53,372,4,0.02379012107849121,17.0,0,0.85,BENIGN,INFO,lightgbm,HIGH
7d40e8b785b24b81,-16270,443,8457,28,62.62820816040039,6.0,0,0.85,BENIGN,INFO,lightgbm,HIGH
aa3b1c69cb3a04b3,-8367,53,316,4,0.0238039493560791,17.0,0,0.85,BENIGN,INFO,lightgbm,HIGH
a33b55a92eff53e9,-16269,80,27913,31,61.96791458129883,6.0,4,0.85,DoS_Hulk,HIGH,lightgbm,HIGH
ab5db42fac014122,-16268,443,5435,22,0.6766479015350342,6.0,0,0.85,BENIGN,INFO,lightgbm,HIGH
aa7543cf6e4871d8,-1330,53,648,4,0.08870291709899902,17.0,0,0.85,BENIGN,INFO,lightgbm,HIGH
0f151eb11ff0fd82,-16267,443,530,6,0.46427297592163086,6.0,0,0.85,BENIGN,INFO,lightgbm,HIGH
fcae5df49112c99f,32604,53,444,4,0.000186920166015625,17.0,0,0.85,BENIGN,INFO,lightgbm,HIGH
552aa8f7441def9c,-15638,53,444,4,0.0002009868621826172,17.0,0,0.85,BENIGN,INFO,lightgbm,HIGH
9b7661557d9da656,18447,53,328,4,0.00022292137145996094,17.0,0,0.85,BENIGN,INFO,lightgbm,HIGH
39a2556f932f268e,6704,53,390,4,0.00022482872009277344,17.0,0,0.85,BENIGN,INFO,lightgbm,HIGH
7b07e661e0c1ddd1,-8478,88,886,4,0.0004181861877441406,17.0,0,0.85,BENIGN,INFO,lightgbm,HIGH
7462a2e0cc596902,-99,53,494,4,0.00022482872009277344,17.0,0,0.85,BENIGN,INFO,lightgbm,HIGH
630e13bd371695fd,25375,53,444,4,0.0002129077911376953,17.0,0,0.85,BENIGN,INFO,lightgbm,HIGH
931f624c6eb6614c,23727,53,444,4,0.0002028942108154297,17.0,0,0.85,BENIGN,INFO,lightgbm,HIGH
d1783baefc7ea911,17966,53,328,4,0.0002148151397705078,17.0,0,0.85,BENIGN,INFO,lightgbm,HIGH
9a965c60d56deeff,-32415,53,390,4,0.00016808509826660156,17.0,0,0.85,BENIGN,INFO,lightgbm,HIGH
b379601b151f978a,-24643,88,3472,4,0.0006971359252929688,17.0,0,0.85,BENIGN,INFO,lightgbm,HIGH
df5760c3bf608353,23388,53,494,4,0.0001850128173828125,17.0,0,0.85,BENIGN,INFO,lightgbm,HIGH
1b203193f0ad6562,-2407,53,444,4,0.00017118453979492188,17.0,0,0.85,BENIGN,INFO,lightgbm,HIGH
26032faad8118e76,5544,53,444,4,0.00019407272338867188,17.0,0,0.85,BENIGN,INFO,lightgbm,HIGH
ea91f60462860ea3,5040,53,328,4,0.0002090930938720703,17.0,0,0.85,BENIGN,INFO,lightgbm,HIGH
0f8e21cc8e3b4c3c,13553,53,390,4,0.0001621246337890625,17.0,0,0.85,BENIGN,INFO,lightgbm,HIGH
e38ab6a13f9bd2fe,-16393,53,328,4,0.00021409988403320312,17.0,0,0.85,BENIGN,INFO,lightgbm,HIGH
45d0ee9bc2bcfe1e,3062,53,390,4,0.0001659393310546875,17.0,0,0.85,BENIGN,INFO,lightgbm,HIGH
35e6822de6237937,-32025,88,7610,20,0.0012559890747070312,6.0,0,0.85,BENIGN,INFO,lightgbm,HIGH
5abe3364247b34e1,13236,53,494,4,0.00021696090698242188,17.0,0,0.85,BENIGN,INFO,lightgbm,HIGH
f6582d27d80119e1,-16266,443,580,7,1.40761399269104,6.0,0,0.85,BENIGN,INFO,lightgbm,HIGH
8eb4c637f4ad3600,-6001,53,328,4,0.04860115051269531,17.0,0,0.85,BENIGN,INFO,lightgbm,HIGH
307226ff154703c1,-16265,443,16575,47,61.05289077758789,6.0,0,0.85,BENIGN,INFO,lightgbm,HIGH
c10cae71fb141b28,-15149,53,444,4,0.0002300739288330078,17.0,0,0.85,BENIGN,INFO,lightgbm,HIGH
4764fa22f7e76be2,-654,53,444,4,0.00021910667419433594,17.0,0,0.85,BENIGN,INFO,lightgbm,HIGH
e38b3f957c75a92e,-30554,53,328,4,0.00019288063049316406,17.0,0,0.85,BENIGN,INFO,lightgbm,HIGH
99a0a0011ce48bc2,-22173,53,390,4,0.00023794174194335938,17.0,0,0.85,BENIGN,INFO,lightgbm,HIGH
87a9e474ff53705c,-24920,88,886,4,0.00042891502380371094,17.0,0,0.85,BENIGN,INFO,lightgbm,HIGH
f2fd4a5054b2e37c,29465,53,494,4,0.0002148151397705078,17.0,0,0.85,BENIGN,INFO,lightgbm,HIGH
65aef859e5a096b4,-18698,53,444,4,0.00021386146545410156,17.0,0,0.85,BENIGN,INFO,lightgbm,HIGH
b3a643d682cfc714,-8140,53,444,4,0.00020194053649902344,17.0,0,0.85,BENIGN,INFO,lightgbm,HIGH
6d48de30c5b69f05,-19658,53,328,4,0.00021696090698242188,17.0,0,0.85,BENIGN,INFO,lightgbm,HIGH
9951df99f5fd2051,-14852,53,390,4,0.00016999244689941406,17.0,0,0.85,BENIGN,INFO,lightgbm,HIGH
d76d77da62704bc6,-28856,88,3472,4,0.0006930828094482422,17.0,0,0.85,BENIGN,INFO,lightgbm,HIGH
87378d8457b56071,-24078,53,494,4,0.00018596649169921875,17.0,0,0.85,BENIGN,INFO,lightgbm,HIGH
0cae67d09846ce88,-31395,53,444,4,0.00016379356384277344,17.0,0,0.85,BENIGN,INFO,lightgbm,HIGH
19dd974deac884e8,9110,53,444,4,0.0001990795135498047,17.0,0,0.85,BENIGN,INFO,lightgbm,HIGH
4f90808f095101bb,-30891,53,328,4,0.0002200603485107422,17.0,0,0.85,BENIGN,INFO,lightgbm,HIGH
fbf4ff4ffc85fd12,15889,53,390,4,0.0002219676971435547,17.0,0,0.85,BENIGN,INFO,lightgbm,HIGH
7ca3d1b02d407b2f,-30770,53,328,4,0.00021696090698242188,17.0,0,0.85,BENIGN,INFO,lightgbm,HIGH
41d77d73e28fdf2c,-13226,53,390,4,0.0001709461212158203,17.0,0,0.85,BENIGN,INFO,lightgbm,HIGH
a8caa5af3ed00b3c,-32024,88,7610,20,0.0012030601501464844,6.0,0,0.85,BENIGN,INFO,lightgbm,HIGH
4e0ab448ddc8bcec,9513,53,494,4,0.00019097328186035156,17.0,0,0.85,BENIGN,INFO,lightgbm,HIGH
2d5bddfb45c32232,9297,53,368,4,0.02391982078552246,17.0,0,0.85,BENIGN,INFO,lightgbm,HIGH
ad8a17d9ce6f3228,-5221,53,206,2,0.023488998413085938,17.0,0,0.85,BENIGN,INFO,lightgbm,HIGH
c10e4c09b9e1afc6,-28228,53,336,4,0.11232304573059082,17.0,0,0.85,BENIGN,INFO,lightgbm,HIGH
4d82bac1367def98,26016,53,442,4,0.11074614524841309,17.0,0,0.85,BENIGN,INFO,lightgbm,HIGH
bd28463eed1b8301,-22926,443,134,2,0.0828402042388916,6.0,0,0.85,BENIGN,INFO,lightgbm,HIGH
f0fa401517b8cebf,-22924,443,134,2,0.08276200294494629,6.0,0,0.85,BENIGN,INFO,lightgbm,HIGH
ef8212297b7eb604,30711,53,368,4,0.0001621246337890625,17.0,0,0.85,BENIGN,INFO,lightgbm,HIGH
55d45749ace77026,13703,53,444,4,0.00020885467529296875,17.0,0,0.85,BENIGN,INFO,lightgbm,HIGH
6d0d7c1eb675af45,-15168,53,510,4,0.0002658367156982422,17.0,0,0.85,BENIGN,INFO,lightgbm,HIGH
d3da127337511d18,-692,53,666,4,0.07051610946655273,17.0,0,0.85,BENIGN,INFO,lightgbm,HIGH
9f0549e8591791d4,-4319,53,355,2,0.07005715370178223,17.0,0,0.85,BENIGN,INFO,lightgbm,HIGH
72061627b8fa122b,-4738,53,338,2,0.0005290508270263672,17.0,0,0.85,BENIGN,INFO,lightgbm,HIGH
e8844d1df31c18c1,-21540,443,13490,36,61.39905548095703,6.0,0,0.85,BENIGN,INFO,lightgbm,HIGH
f3b2843c8ddbc718,-21538,443,4605,18,5.319075107574463,6.0,0,0.85,BENIGN,INFO,lightgbm,HIGH
2ae33f8c686d1394,4592,53,404,4,0.0003509521484375,17.0,0,0.85,BENIGN,INFO,lightgbm,HIGH
5e292787612989b7,4436,53,372,4,0.06147909164428711,17.0,0,0.85,BENIGN,INFO,lightgbm,HIGH
9c1bd63d9b292263,-4019,53,246,2,0.06087207794189453,17.0,0,0.85,BENIGN,INFO,lightgbm,HIGH
895aef8612604924,16196,53,404,4,0.0001850128173828125,17.0,0,0.85,BENIGN,INFO,lightgbm,HIGH
bc28538daa566246,-16332,80,3361,32,115.25761413574219,6.0,4,0.85,DoS_Hulk,HIGH,lightgbm,HIGH
60d68c8e10b3ee65,-16334,80,3361,32,115.25780487060547,6.0,4,0.85,DoS_Hulk,HIGH,lightgbm,HIGH
30cff0d99665f401,-16330,80,412,6,5.051311016082764,6.0,4,0.85,DoS_Hulk,HIGH,lightgbm,HIGH
76815334e48e7b45,-28167,53,708,4,0.1436750888824463,17.0,0,0.85,BENIGN,INFO,lightgbm,HIGH
b6dea5ce1928c5a4,-753,53,452,4,0.09655594825744629,17.0,0,0.85,BENIGN,INFO,lightgbm,HIGH
215f661d78e73bfd,-5071,53,893,6,112.89759826660156,17.0,0,0.85,BENIGN,INFO,lightgbm,HIGH
b771121184c53d2b,-4536,53,335,2,0.09535908699035645,17.0,0,0.85,BENIGN,INFO,lightgbm,HIGH
4445c480136e98a7,-32088,443,5215,17,5.578650951385498,6.0,0,0.85,BENIGN,INFO,lightgbm,HIGH
7c7af84417485380,-32086,443,5215,17,5.579075813293457,6.0,0,0.85,BENIGN,INFO,lightgbm,HIGH
c66fb70600b92b7d,-32084,443,5215,17,5.577698707580566,6.0,0,0.85,BENIGN,INFO,lightgbm,HIGH
f2bf74535d8c1986,-32082,443,5017,14,5.578169822692871,6.0,0,0.85,BENIGN,INFO,lightgbm,HIGH
b2b1abb327ae75fb,-32080,443,5215,17,5.578495025634766,6.0,0,0.85,BENIGN,INFO,lightgbm,HIGH
e4ed8fee3b44e5d5,-32078,443,5149,16,5.578080177307129,6.0,0,0.85,BENIGN,INFO,lightgbm,HIGH
77270647a6554276,-4257,53,518,4,0.046957969665527344,17.0,0,0.85,BENIGN,INFO,lightgbm,HIGH
cc8dbb271ebf8450,-15908,443,9473,43,115.51759338378906,6.0,0,0.85,BENIGN,INFO,lightgbm,HIGH
a195450eb2d43761,-14261,53,428,4,0.0001678466796875,17.0,0,0.85,BENIGN,INFO,lightgbm,HIGH
e3690981f5b11889,-11449,53,502,4,0.023777008056640625,17.0,0,0.85,BENIGN,INFO,lightgbm,HIGH
ef30072de973b4b9,-12541,53,492,4,0.04736590385437012,17.0,0,0.85,BENIGN,INFO,lightgbm,HIGH
96db6e8bdd46a266,-3826,53,268,2,0.046972036361694336,17.0,0,0.85,BENIGN,INFO,lightgbm,HIGH
93e6c5175908594c,-15907,443,6835,28,60.67397689819336,6.0,0,0.85,BENIGN,INFO,lightgbm,HIGH
8eceabe50f95c5cb,-15906,443,6850,28,60.67592239379883,6.0,0,0.85,BENIGN,INFO,lightgbm,HIGH
e3081a4df969cc32,-15905,443,6808,27,60.676063537597656,6.0,0,0.85,BENIGN,INFO,lightgbm,HIGH
803f67074e540b26,-10076,53,384,4,0.00017404556274414062,17.0,0,0.85,BENIGN,INFO,lightgbm,HIGH
7ac9d3dfa84343b8,-15904,443,11156,32,60.674659729003906,6.0,0,0.85,BENIGN,INFO,lightgbm,HIGH
8eef44c5bf785f46,-15903,443,8647,30,60.6735725402832,6.0,0,0.85,BENIGN,INFO,lightgbm,HIGH
3f28122cf8dcbc1c,-15902,443,7020,28,60.67494583129883,6.0,0,0.85,BENIGN,INFO,lightgbm,HIGH
4f01c2a4c6f7ff60,-11939,53,522,4,0.02357792854309082,17.0,0,0.85,BENIGN,INFO,lightgbm,HIGH
ac28266815ef6dcb,-3444,53,283,2,0.023231029510498047,17.0,0,0.85,BENIGN,INFO,lightgbm,HIGH
3911ca0997e03b0e,-15901,80,372,6,5.746941566467285,6.0,4,0.85,DoS_Hulk,HIGH,lightgbm,HIGH
9c405f96fb8fc94d,-15900,80,3211,32,116.05406188964844,6.0,4,0.85,DoS_Hulk,HIGH,lightgbm,HIGH
a0a2a9b3bf7ef57b,-15899,80,3211,32,116.0539779663086,6.0,4,0.85,DoS_Hulk,HIGH,lightgbm,HIGH
0efb3fdb420cb95e,-15898,80,3211,32,116.0539321899414,6.0,4,0.85,DoS_Hulk,HIGH,lightgbm,HIGH
6bef566392547a9e,-15897,80,372,6,5.746695041656494,6.0,4,0.85,DoS_Hulk,HIGH,lightgbm,HIGH
458edc9116ba7118,-8174,53,664,4,0.07238602638244629,17.0,0,0.85,BENIGN,INFO,lightgbm,HIGH
b2fc29b316ccfd5e,-15896,443,6472,27,60.4635124206543,6.0,0,0.85,BENIGN,INFO,lightgbm,HIGH
a0ee4efb618499c7,-20,53,648,4,0.0002410411834716797,17.0,0,0.85,BENIGN,INFO,lightgbm,HIGH
d50979c647e552c8,-16264,80,3871,14,34.291927337646484,6.0,4,0.85,DoS_Hulk,HIGH,lightgbm,HIGH
5152a9bba54856c1,8612,8612,6240,104,164.85623168945312,17.0,0,0.85,BENIGN,INFO,lightgbm,HIGH
d336c01b5278b819,8612,8610,6240,104,164.85623168945312,17.0,0,0.85,BENIGN,INFO,lightgbm,HIGH
3a2828762186f04e,30149,53,708,4,1.850996971130371,17.0,0,0.85,BENIGN,INFO,lightgbm,HIGH
5f9c07cccc9b8f6a,-21099,53,388,4,2.2682788372039795,17.0,0,0.85,BENIGN,INFO,lightgbm,HIGH
45301acb92a0affa,-4201,53,376,2,1.8504328727722168,17.0,0,0.85,BENIGN,INFO,lightgbm,HIGH
586cb24c10b7deef,-32151,53,368,4,0.0001800060272216797,17.0,0,0.85,BENIGN,INFO,lightgbm,HIGH
566d15d642c04d45,-25138,3289,780,13,1.9073486328125e-05,17.0,0,0.85,BENIGN,INFO,lightgbm,HIGH
7ec52962d402e4b5,-4976,1124,1027,13,2.09808349609375e-05,17.0,10,0.85,PortScan,MEDIUM,lightgbm,HIGH
054d3a4169c6b36d,-14348,443,6952,22,1.0918681621551514,6.0,0,0.85,BENIGN,INFO,lightgbm,HIGH
b820d33e9a04eac6,25425,53,562,4,0.14753508567810059,17.0,0,0.85,BENIGN,INFO,lightgbm,HIGH
3169989369b0a86d,10017,53,498,4,0.04802203178405762,17.0,0,0.85,BENIGN,INFO,lightgbm,HIGH
70daa9dc62947895,-15317,53,562,4,0.14737915992736816,17.0,0,0.85,BENIGN,INFO,lightgbm,HIGH
8c25c7728836de0e,-4726,53,329,2,0.046732187271118164,17.0,0,0.85,BENIGN,INFO,lightgbm,HIGH
00e3f48d02139f86,-5044,53,501,4,92.823974609375,17.0,0,0.85,BENIGN,INFO,lightgbm,HIGH
4a778974e1fd9916,-22442,80,2806,32,115.50628662109375,6.0,4,0.85,DoS_Hulk,HIGH,lightgbm,HIGH
c5e2be35aed37645,-2478,53,552,4,0.00021791458129882812,17.0,0,0.85,BENIGN,INFO,lightgbm,HIGH
750c70be0774a938,-2477,389,704,4,0.00013709068298339844,17.0,0,0.85,BENIGN,INFO,lightgbm,HIGH
adffd361c134c33b,19583,53,444,4,0.04946589469909668,17.0,0,0.85,BENIGN,INFO,lightgbm,HIGH
537559d23d5964c6,29998,53,510,4,0.00023293495178222656,17.0,0,0.85,BENIGN,INFO,lightgbm,HIGH
2ef82c8dd0c84ffb,-9501,53,552,4,0.00018787384033203125,17.0,0,0.85,BENIGN,INFO,lightgbm,HIGH
6fb046056cfbf025,-9500,389,704,4,0.0001239776611328125,17.0,0,0.85,BENIGN,INFO,lightgbm,HIGH
dee338b6174a715f,-8817,53,400,4,0.023831844329833984,17.0,0,0.85,BENIGN,INFO,lightgbm,HIGH
c7d4ab426acb0885,-3837,53,210,2,0.0233919620513916,17.0,0,0.85,BENIGN,INFO,lightgbm,HIGH
3fd258a4f5c70192,-15750,443,10836,22,60.11067199707031,6.0,0,0.85,BENIGN,INFO,lightgbm,HIGH
5ba2354ccd4cfa8b,-5975,22,15722,92,1.2949771881103516,6.0,11,0.85,SSH-Patator,MEDIUM,lightgbm,HIGH
a07d624c52b6d356,-16145,443,101226,93,1.2706360816955566,6.0,0,0.85,BENIGN,INFO,lightgbm,HIGH
94d3c13d033ef1b7,-5974,22,14806,82,1.256392002105713,6.0,11,0.85,SSH-Patator,MEDIUM,lightgbm,HIGH
a1b0cdc97fe4e74d,-11021,53,704,4,0.0010688304901123047,17.0,0,0.85,BENIGN,INFO,lightgbm,HIGH
396793cdd8909cfe,-3452,53,286,2,0.0005369186401367188,17.0,0,0.85,BENIGN,INFO,lightgbm,HIGH
8685dde1c58f4e3d,-5419,53,704,4,0.00021409988403320312,17.0,0,0.85,BENIGN,INFO,lightgbm,HIGH
f92291a1db78ef91,-1914,53,528,4,0.00017690658569335938,17.0,0,0.85,BENIGN,INFO,lightgbm,HIGH
5d95470ff0bca198,-15895,80,94756,95,5.064276695251465,6.0,4,0.85,DoS_Hulk,HIGH,lightgbm,HIGH
90cdc5cdfd9d3758,-15894,80,380188,410,10.999817848205566,6.0,4,0.85,DoS_Hulk,HIGH,lightgbm,HIGH
0333d4aaf394b478,-15893,80,585202,582,10.75858211517334,6.0,4,0.85,DoS_Hulk,HIGH,lightgbm,HIGH
9faaa218a3ac137c,-15892,80,178253,194,10.491588592529297,6.0,4,0.85,DoS_Hulk,HIGH,lightgbm,HIGH
61e9569d555e41f1,-15891,80,416494,466,10.49248218536377,6.0,4,0.85,DoS_Hulk,HIGH,lightgbm,HIGH
167f4ab93e649d6e,-15890,80,332828,314,117.45841217041016,6.0,4,0.85,DoS_Hulk,HIGH,lightgbm,HIGH
ec60100affa2acd8,-15889,80,390023,367,117.45757293701172,6.0,4,0.85,DoS_Hulk,HIGH,lightgbm,HIGH
f3e1b813337c0528,-15888,80,386891,362,117.45710754394531,6.0,4,0.85,DoS_Hulk,HIGH,lightgbm,HIGH
0d65251090c48516,-15887,80,374554,404,10.439453125,6.0,4,0.85,DoS_Hulk,HIGH,lightgbm,HIGH
71a35041fcea609b,-15886,80,337217,320,117.45558166503906,6.0,4,0.85,DoS_Hulk,HIGH,lightgbm,HIGH
2217d176f76f6a58,-15885,80,396374,368,117.454345703125,6.0,4,0.85,DoS_Hulk,HIGH,lightgbm,HIGH
780cf2e5821b1037,-15884,80,399845,375,117.44856262207031,6.0,4,0.85,DoS_Hulk,HIGH,lightgbm,HIGH
eefe62ea36163e7f,-15883,80,17756,23,9.94364070892334,6.0,4,0.85,DoS_Hulk,HIGH,lightgbm,HIGH
834b7363742bc76e,-10252,53,368,4,0.00019812583923339844,17.0,0,0.85,BENIGN,INFO,lightgbm,HIGH
43d1ed804c626669,8629,53,368,4,0.00017189979553222656,17.0,0,0.85,BENIGN,INFO,lightgbm,HIGH
4bc97f3c7e5e331e,-13464,53,854,6,0.21496200561523438,17.0,0,0.85,BENIGN,INFO,lightgbm,HIGH
c524fead7cc379ba,-15068,53,528,4,0.00017595291137695312,17.0,0,0.85,BENIGN,INFO,lightgbm,HIGH
93bd7630501a6db2,-9108,53,712,4,0.00021696090698242188,17.0,0,0.85,BENIGN,INFO,lightgbm,HIGH
5d65d3e3387740ce,-16144,443,5247,31,68.3831558227539,6.0,0,0.85,BENIGN,INFO,lightgbm,HIGH
d25ad3a670861581,-7164,53,704,4,0.0013051033020019531,17.0,0,0.85,BENIGN,INFO,lightgbm,HIGH
177b6af100d92c2b,-10887,53,704,4,0.0002288818359375,17.0,0,0.85,BENIGN,INFO,lightgbm,HIGH
5c0e4e3d3a3d038d,-11541,53,886,6,0.17522287368774414,17.0,0,0.85,BENIGN,INFO,lightgbm,HIGH
df3a66749ace656a,-15749,443,6858,16,0.22792887687683105,6.0,0,0.85,BENIGN,INFO,lightgbm,HIGH
fd3bf137ae619632,-10676,53,510,4,0.06068110466003418,17.0,0,0.85,BENIGN,INFO,lightgbm,HIGH
40b56b05bedb5c2d,27613,53,368,4,0.0001552104949951172,17.0,0,0.85,BENIGN,INFO,lightgbm,HIGH
a9ed0fb627a9dd78,-15748,443,9086,19,0.31110501289367676,6.0,0,0.85,BENIGN,INFO,lightgbm,HIGH
b98a333ca615f0fb,-1375,53,710,4,0.02391505241394043,17.0,0,0.85,BENIGN,INFO,lightgbm,HIGH
14e7eaf2bfe95b37,-4277,53,210,2,0.02354288101196289,17.0,0,0.85,BENIGN,INFO,lightgbm,HIGH
c81f57ec197921e2,-15747,443,7596,15,0.16521692276000977,6.0,0,0.85,BENIGN,INFO,lightgbm,HIGH
2e3d3a4d756ff692,-1246,53,810,6,0.06916689872741699,17.0,0,0.85,BENIGN,INFO,lightgbm,HIGH
85bdf610bd4d9e29,-4220,53,237,2,0.06881499290466309,17.0,0,0.85,BENIGN,INFO,lightgbm,HIGH
41d4613ecf6b11f4,-15746,80,1092396,1000,11.431741714477539,6.0,4,0.85,DoS_Hulk,HIGH,lightgbm,HIGH
e154e95bbb6cd6d3,-15745,443,17658,21,0.5264050960540771,6.0,0,0.85,BENIGN,INFO,lightgbm,HIGH
833be40331071e1f,-32083,53,368,4,0.0001659393310546875,17.0,0,0.85,BENIGN,INFO,lightgbm,HIGH
1fa518289913f521,-4273,53,592,4,0.00022077560424804688,17.0,0,0.85,BENIGN,INFO,lightgbm,HIGH
334bad261eb3c5e0,-15744,443,18855,35,38.7518310546875,6.0,0,0.85,BENIGN,INFO,lightgbm,HIGH
c2b5cf268f18525d,-9500,53,834,6,0.06977105140686035,17.0,0,0.85,BENIGN,INFO,lightgbm,HIGH
bc449b0e7c7538e1,-15743,443,14267,39,61.36238098144531,6.0,0,0.85,BENIGN,INFO,lightgbm,HIGH
0b280fbefb5561f1,-9668,53,572,4,0.00017595291137695312,17.0,0,0.85,BENIGN,INFO,lightgbm,HIGH
d27bb726d2a38abf,-5676,53,632,4,0.023688077926635742,17.0,0,0.85,BENIGN,INFO,lightgbm,HIGH
1a18f514343403c7,-3671,53,338,2,0.023331165313720703,17.0,0,0.85,BENIGN,INFO,lightgbm,HIGH
4efe7902e3df0986,-6539,53,894,6,0.1282501220703125,17.0,0,0.85,BENIGN,INFO,lightgbm,HIGH
32ebbedc063d2073,-4135,53,376,2,0.12778401374816895,17.0,0,0.85,BENIGN,INFO,lightgbm,HIGH
986610d19ddeb5eb,-15742,443,14466,41,110.35700225830078,6.0,0,0.85,BENIGN,INFO,lightgbm,HIGH
3c1ed7adb6ae9fcd,-6530,53,612,4,0.00020503997802734375,17.0,0,0.85,BENIGN,INFO,lightgbm,HIGH
031e9bc4999550a4,-15080,53,530,4,0.0236358642578125,17.0,0,0.85,BENIGN,INFO,lightgbm,HIGH
b7ee8dc98350451d,-4205,53,287,2,0.02329087257385254,17.0,0,0.85,BENIGN,INFO,lightgbm,HIGH
3eec236276134eda,-5974,53,368,4,0.000186920166015625,17.0,0,0.85,BENIGN,INFO,lightgbm,HIGH
1b1ef6d47b951898,-12057,53,1004,8,1.0700969696044922,17.0,0,0.85,BENIGN,INFO,lightgbm,HIGH
7fac31c21d6beb36,-5102,53,366,2,1.069594144821167,17.0,0,0.85,BENIGN,INFO,lightgbm,HIGH
5b6a3f6e2977af2d,-16143,445,14288,49,10.697999954223633,6.0,0,0.85,BENIGN,INFO,lightgbm,HIGH
1cec747a851a06a3,-2978,53,876,4,0.07056808471679688,17.0,0,0.85,BENIGN,INFO,lightgbm,HIGH
561d088af1549c4d,-3315,53,460,2,0.07000398635864258,17.0,0,0.85,BENIGN,INFO,lightgbm,HIGH
70c7e84c7a70cfbb,-16142,443,12918,34,61.38311004638672,6.0,0,0.85,BENIGN,INFO,lightgbm,HIGH
b45eb1b164920c54,-8125,53,736,4,0.00021600723266601562,17.0,0,0.85,BENIGN,INFO,lightgbm,HIGH
ba13273b4da0b03e,-16053,53,696,6,0.0617220401763916,17.0,0,0.85,BENIGN,INFO,lightgbm,HIGH
bbb7e8a08fe97795,-4582,53,258,2,0.06129598617553711,17.0,0,0.85,BENIGN,INFO,lightgbm,HIGH
94a119d808491c56,-15741,443,28871,41,0.5271120071411133,6.0,0,0.85,BENIGN,INFO,lightgbm,HIGH
783156ab93735c48,-2912,53,836,6,0.19667887687683105,17.0,0,0.85,BENIGN,INFO,lightgbm,HIGH
deadc3903317bf84,-5040,53,318,2,0.19623112678527832,17.0,0,0.85,BENIGN,INFO,lightgbm,HIGH
828b4e55db88b2ca,-15740,80,1271899,1000,0.20281505584716797,6.0,4,0.85,DoS_Hulk,HIGH,lightgbm,HIGH
d6a9d639d176e2d7,-24999,53,666,4,0.07097101211547852,17.0,0,0.85,BENIGN,INFO,lightgbm,HIGH
f22b49b171aebc0e,-23659,53,570,4,0.07195401191711426,17.0,0,0.85,BENIGN,INFO,lightgbm,HIGH
ed2bd1df4a4714d8,-3650,53,338,2,0.0004069805145263672,17.0,0,0.85,BENIGN,INFO,lightgbm,HIGH
c7ed37127699d00c,-20702,443,4605,18,5.315717697143555,6.0,0,0.85,BENIGN,INFO,lightgbm,HIGH
5219b1cb1f376968,-20700,443,13562,37,60.82532501220703,6.0,0,0.85,BENIGN,INFO,lightgbm,HIGH
1207cae7ec8d92d5,-21717,53,404,4,0.00019216537475585938,17.0,0,0.85,BENIGN,INFO,lightgbm,HIGH
c3c4860a4b747236,-23160,53,502,4,0.00022411346435546875,17.0,0,0.85,BENIGN,INFO,lightgbm,HIGH
3aea54a05a959a29,-10052,80,2769,23,81.8773422241211,6.0,4,0.85,DoS_Hulk,HIGH,lightgbm,HIGH
a6841e9c1d237efe,-10050,80,2769,23,81.87731170654297,6.0,4,0.85,DoS_Hulk,HIGH,lightgbm,HIGH
33b4a2bc83d5887f,-10048,80,412,6,5.049263000488281,6.0,4,0.85,DoS_Hulk,HIGH,lightgbm,HIGH
467625707dc6f2a2,31258,53,708,4,0.0002818107604980469,17.0,0,0.85,BENIGN,INFO,lightgbm,HIGH
8dd67deebe6f28c8,-32103,53,452,4,0.04775881767272949,17.0,0,0.85,BENIGN,INFO,lightgbm,HIGH
40c32141b5935fc5,-28038,443,5215,17,5.680370330810547,6.0,0,0.85,BENIGN,INFO,lightgbm,HIGH
502141271bbfe437,-28036,443,5215,17,5.679986953735352,6.0,0,0.85,BENIGN,INFO,lightgbm,HIGH
8cb00b3f6b0d1fec,-28034,443,5017,14,5.679960250854492,6.0,0,0.85,BENIGN,INFO,lightgbm,HIGH
fc99c85e16195997,-28032,443,5281,18,5.6802520751953125,6.0,0,0.85,BENIGN,INFO,lightgbm,HIGH
67246beb3ce590b8,-28030,443,5215,17,5.669853210449219,6.0,0,0.85,BENIGN,INFO,lightgbm,HIGH
ef3a3be15856ce72,-28028,443,5215,17,5.658728122711182,6.0,0,0.85,BENIGN,INFO,lightgbm,HIGH
3428541961753924,-15882,445,13728,45,10.737302780151367,6.0,0,0.85,BENIGN,INFO,lightgbm,HIGH
b185818d08bcf05c,-15739,443,23498,28,0.2746851444244385,6.0,0,0.85,BENIGN,INFO,lightgbm,HIGH
cee1e97741077bd6,-13526,53,776,6,0.1102759838104248,17.0,0,0.85,BENIGN,INFO,lightgbm,HIGH
bc8bcc92eb8f99b5,-15738,443,6248,14,22.646154403686523,6.0,0,0.85,BENIGN,INFO,lightgbm,HIGH
00d3cee71972985e,-3489,53,724,6,0.12357902526855469,17.0,0,0.85,BENIGN,INFO,lightgbm,HIGH
5a752f5b785c30d2,-15737,80,1168127,1000,0.2338700294494629,6.0,4,0.85,DoS_Hulk,HIGH,lightgbm,HIGH
f2cdd70b793d5c50,-6449,53,662,6,0.18159890174865723,17.0,0,0.85,BENIGN,INFO,lightgbm,HIGH
ae6d38d8910cd665,-16141,443,278706,282,81.4296875,6.0,0,0.85,BENIGN,INFO,lightgbm,HIGH
6d4eaf5caecf89b1,-4447,53,360,4,0.00014710426330566406,17.0,0,0.85,BENIGN,INFO,lightgbm,HIGH
731cf70bb02b598b,-12678,53,450,4,0.04789304733276367,17.0,0,0.85,BENIGN,INFO,lightgbm,HIGH
5d7c4840a8034c9f,-12977,53,492,4,0.051080942153930664,17.0,0,0.85,BENIGN,INFO,lightgbm,HIGH
1342ba017191992d,-16140,80,3053,11,1.5094342231750488,6.0,4,0.85,DoS_Hulk,HIGH,lightgbm,HIGH
b2c94d4c29bfc56f,-12778,53,376,4,0.0001621246337890625,17.0,0,0.85,BENIGN,INFO,lightgbm,HIGH
d35cdb1c68ea02f4,-14658,53,456,4,0.049031972885131836,17.0,0,0.85,BENIGN,INFO,lightgbm,HIGH
7d1927d9d71901bc,-9223,53,662,6,0.22851800918579102,17.0,0,0.85,BENIGN,INFO,lightgbm,HIGH
1f35210f769ba0a2,-6025,53,662,6,0.21010494232177734,17.0,0,0.85,BENIGN,INFO,lightgbm,HIGH
bb847970fb017dbe,-16139,443,32307,57,78.24068450927734,6.0,0,0.85,BENIGN,INFO,lightgbm,HIGH
f57e77ba9fb5b87c,-10213,53,662,6,0.20854496955871582,17.0,0,0.85,BENIGN,INFO,lightgbm,HIGH
1dd944c26bb43abe,-16138,443,64673,90,78.32036590576172,6.0,0,0.85,BENIGN,INFO,lightgbm,HIGH
1fdcd9f974de5a0e,-16137,443,72670,97,73.70523834228516,6.0,0,0.85,BENIGN,INFO,lightgbm,HIGH
aa7810cd87f5a319,-16136,443,18314,43,78.30451965332031,6.0,0,0.85,BENIGN,INFO,lightgbm,HIGH
08e155da9c7468af,-2852,53,480,4,0.07107901573181152,17.0,0,0.85,BENIGN,INFO,lightgbm,HIGH
d84b15962207a756,-1144,53,736,4,0.05180501937866211,17.0,0,0.85,BENIGN,INFO,lightgbm,HIGH
a6c92bcf5158fea7,-5394,53,262,2,0.07065606117248535,17.0,0,0.85,BENIGN,INFO,lightgbm,HIGH
374c20cc2101b043,-363,53,452,4,0.0503079891204834,17.0,0,0.85,BENIGN,INFO,lightgbm,HIGH
fd91312ff623207b,-5060,53,458,4,3.859665870666504,17.0,0,0.85,BENIGN,INFO,lightgbm,HIGH
caa3f5b7506f9741,-13601,53,516,4,0.08507895469665527,17.0,0,0.85,BENIGN,INFO,lightgbm,HIGH
27cf003084cf8cb2,-3914,53,280,2,0.08467292785644531,17.0,0,0.85,BENIGN,INFO,lightgbm,HIGH
85e78b7c16faa2c0,-16135,443,185503,225,71.58174896240234,6.0,0,0.85,BENIGN,INFO,lightgbm,HIGH
343a51a05bef5c03,-12540,53,376,4,0.0002930164337158203,17.0,0,0.85,BENIGN,INFO,lightgbm,HIGH
d617e68577dbb768,-13392,53,400,4,0.050575971603393555,17.0,0,0.85,BENIGN,INFO,lightgbm,HIGH
9c3c011e24919f3c,-3915,53,222,2,0.05025911331176758,17.0,0,0.85,BENIGN,INFO,lightgbm,HIGH
c085003108642865,-16134,443,131225,147,67.57378387451172,6.0,0,0.85,BENIGN,INFO,lightgbm,HIGH
f3e7c0054bf9b18a,-4136,53,684,4,0.00021600723266601562,17.0,0,0.85,BENIGN,INFO,lightgbm,HIGH
0072a5e7a425f3b8,-8089,53,388,4,0.05045795440673828,17.0,0,0.85,BENIGN,INFO,lightgbm,HIGH
21a3ddfb5bcbb611,-4894,53,216,2,0.0501399040222168,17.0,0,0.85,BENIGN,INFO,lightgbm,HIGH
03bc6662802e985f,-16133,443,9526,35,80.90380859375,6.0,0,0.85,BENIGN,INFO,lightgbm,HIGH
f8e2f74e960ca3a0,-1281,53,360,4,0.00014591217041015625,17.0,0,0.85,BENIGN,INFO,lightgbm,HIGH
8cab0b7305870b5f,-2243,53,450,4,0.024327993392944336,17.0,0,0.85,BENIGN,INFO,lightgbm,HIGH
673a70247343fc58,-3686,53,247,2,0.02396678924560547,17.0,0,0.85,BENIGN,INFO,lightgbm,HIGH
a68f9791323e446b,-5708,53,396,4,0.00015592575073242188,17.0,0,0.85,BENIGN,INFO,lightgbm,HIGH
315e736d83e60aed,-2095,53,352,4,0.00013709068298339844,17.0,0,0.85,BENIGN,INFO,lightgbm,HIGH
0508fb3f8efdf4c4,-3077,53,376,4,0.05024290084838867,17.0,0,0.85,BENIGN,INFO,lightgbm,HIGH
0e5adebadfbc2ce3,-4817,53,210,2,0.04984092712402344,17.0,0,0.85,BENIGN,INFO,lightgbm,HIGH
cfae440e35e8e37e,-16132,80,9156,35,80.59410095214844,6.0,4,0.85,DoS_Hulk,HIGH,lightgbm,HIGH
1871da255446ad5f,-9887,53,492,4,0.0002930164337158203,17.0,0,0.85,BENIGN,INFO,lightgbm,HIGH
f31aca87cf04a5ff,-16131,80,7869,33,80.4992446899414,6.0,4,0.85,DoS_Hulk,HIGH,lightgbm,HIGH
441d6247670b2302,-16130,443,162848,149,73.51305389404297,6.0,0,0.85,BENIGN,INFO,lightgbm,HIGH
b22558b3f40e2173,-16129,443,76435,81,80.47191619873047,6.0,0,0.85,BENIGN,INFO,lightgbm,HIGH
16ebe1ef5c693334,-16128,443,252959,252,73.0689468383789,6.0,0,0.85,BENIGN,INFO,lightgbm,HIGH
5df7dfbb5963d21e,-16127,443,164803,157,73.68106842041016,6.0,0,0.85,BENIGN,INFO,lightgbm,HIGH
49af8d3b211f93dd,-16126,443,107358,124,73.69648742675781,6.0,0,0.85,BENIGN,INFO,lightgbm,HIGH
910829129b1e3716,-16125,443,183007,179,73.80400848388672,6.0,0,0.85,BENIGN,INFO,lightgbm,HIGH
a9dbd0f203c879a7,-16124,443,62259,75,73.4401626586914,6.0,0,0.85,BENIGN,INFO,lightgbm,HIGH
085e63697e7dabf6,-6816,53,360,4,0.00014400482177734375,17.0,0,0.85,BENIGN,INFO,lightgbm,HIGH
71e636b69426a13d,-4981,53,450,4,0.024412155151367188,17.0,0,0.85,BENIGN,INFO,lightgbm,HIGH
4343a972b8890915,-16123,443,34448,55,80.92354583740234,6.0,0,0.85,BENIGN,INFO,lightgbm,HIGH
08e5818fa0cb1ccf,-16122,443,17984,42,80.46807861328125,6.0,0,0.85,BENIGN,INFO,lightgbm,HIGH
a884906925d2ac4c,-16121,443,15459,39,80.46785736083984,6.0,0,0.85,BENIGN,INFO,lightgbm,HIGH
4fb986fe6328b2ca,-16120,443,15892,40,80.46771240234375,6.0,0,0.85,BENIGN,INFO,lightgbm,HIGH
ee9506e7e5cebc68,-16119,443,80541,89,73.79013061523438,6.0,0,0.85,BENIGN,INFO,lightgbm,HIGH
276be17dcd0cc069,-16118,443,9313,33,80.46045684814453,6.0,0,0.85,BENIGN,INFO,lightgbm,HIGH
ec8548177e760bca,-16117,80,12868,31,71.93314361572266,6.0,4,0.85,DoS_Hulk,HIGH,lightgbm,HIGH
0413408de1fe04b0,-16116,80,2864,11,2.1258981227874756,6.0,4,0.85,DoS_Hulk,HIGH,lightgbm,HIGH
48c9c366417d7985,-16115,80,2918,12,0.3565189838409424,6.0,4,0.85,DoS_Hulk,HIGH,lightgbm,HIGH
5e631666874d44f6,-16114,80,432,7,5.682590961456299,6.0,4,0.85,DoS_Hulk,HIGH,lightgbm,HIGH
a121da6c3f4cae2f,-16113,80,10496,28,72.5987777709961,6.0,4,0.85,DoS_Hulk,HIGH,lightgbm,HIGH
ee6396c8aa6f4193,-16112,80,2864,11,0.8503561019897461,6.0,4,0.85,DoS_Hulk,HIGH,lightgbm,HIGH
08a1e3d5e04f1262,17525,53,444,4,0.00019216537475585938,17.0,0,0.85,BENIGN,INFO,lightgbm,HIGH
0144e3c905b7f29c,12538,53,444,4,0.00019598007202148438,17.0,0,0.85,BENIGN,INFO,lightgbm,HIGH
3c6e579e8b592a42,-24616,53,328,4,0.00014495849609375,17.0,0,0.85,BENIGN,INFO,lightgbm,HIGH
d867101362a17e45,17131,53,390,4,0.0002391338348388672,17.0,0,0.85,BENIGN,INFO,lightgbm,HIGH
ae239947211baa72,-30076,88,890,4,0.0003960132598876953,17.0,0,0.85,BENIGN,INFO,lightgbm,HIGH
27ba849981bd0ec5,13401,53,494,4,0.00015282630920410156,17.0,0,0.85,BENIGN,INFO,lightgbm,HIGH
869697ce95acd80b,-26918,53,444,4,0.0001609325408935547,17.0,0,0.85,BENIGN,INFO,lightgbm,HIGH
87cd0d960641e430,-24080,53,444,4,0.00015807151794433594,17.0,0,0.85,BENIGN,INFO,lightgbm,HIGH
e5d8b2bfce5a0956,10801,53,328,4,0.00016498565673828125,17.0,0,0.85,BENIGN,INFO,lightgbm,HIGH
b8d2edefbef073c5,27561,53,390,4,0.00017404556274414062,17.0,0,0.85,BENIGN,INFO,lightgbm,HIGH
7a27ddd05fdbdcce,-13687,88,3516,4,0.0006539821624755859,17.0,0,0.85,BENIGN,INFO,lightgbm,HIGH
4ef4326e4f5be5d3,24248,53,494,4,0.00029397010803222656,17.0,0,0.85,BENIGN,INFO,lightgbm,HIGH
0a78e21788989263,9252,53,444,4,0.00015091896057128906,17.0,0,0.85,BENIGN,INFO,lightgbm,HIGH
ee997901bf4e065b,-30412,53,444,4,0.0001709461212158203,17.0,0,0.85,BENIGN,INFO,lightgbm,HIGH
8fe228322cc29a37,5139,53,328,4,0.00019288063049316406,17.0,0,0.85,BENIGN,INFO,lightgbm,HIGH
988222ec4a970ead,9568,53,390,4,0.0001590251922607422,17.0,0,0.85,BENIGN,INFO,lightgbm,HIGH
dd1c52d02b2b95c0,-10899,88,3786,4,0.0010170936584472656,17.0,0,0.85,BENIGN,INFO,lightgbm,HIGH
997a6df5c65395ce,-20918,53,494,4,0.00017213821411132812,17.0,0,0.85,BENIGN,INFO,lightgbm,HIGH
c5f6f58c5249e7d0,-11164,53,444,4,0.00017499923706054688,17.0,0,0.85,BENIGN,INFO,lightgbm,HIGH
3b9aed3c8a1cf597,6558,53,328,4,0.00017023086547851562,17.0,0,0.85,BENIGN,INFO,lightgbm,HIGH
55652259d6182e72,-1050,53,390,4,0.00021791458129882812,17.0,0,0.85,BENIGN,INFO,lightgbm,HIGH
99d67c7bfe89c171,-7666,88,7710,20,0.001271963119506836,6.0,0,0.85,BENIGN,INFO,lightgbm,HIGH
0b68e51e4608ec64,29065,53,494,4,0.00020694732666015625,17.0,0,0.85,BENIGN,INFO,lightgbm,HIGH
ad886b92022bcde8,-16111,443,89285,103,73.3229751586914,6.0,0,0.85,BENIGN,INFO,lightgbm,HIGH
dcc97fef31d77620,-16110,443,40060,57,73.2896957397461,6.0,0,0.85,BENIGN,INFO,lightgbm,HIGH
54e5456fb4f9d5a6,-16109,443,113589,117,73.27314758300781,6.0,0,0.85,BENIGN,INFO,lightgbm,HIGH
965e6b3f9420e547,-16108,443,27073,46,80.34208679199219,6.0,0,0.85,BENIGN,INFO,lightgbm,HIGH
50b4b12d1374d231,-16107,443,5396,16,5.299463272094727,6.0,0,0.85,BENIGN,INFO,lightgbm,HIGH
3055c072efd143c8,-7441,53,444,4,0.00022077560424804688,17.0,0,0.85,BENIGN,INFO,lightgbm,HIGH
9976630306d4fcda,-3457,53,380,4,0.00016117095947265625,17.0,0,0.85,BENIGN,INFO,lightgbm,HIGH
f9d2af04080d72ce,-7443,53,468,4,0.0009419918060302734,17.0,0,0.85,BENIGN,INFO,lightgbm,HIGH
f2d8f1c088a397de,-4060,53,256,2,0.0005660057067871094,17.0,0,0.85,BENIGN,INFO,lightgbm,HIGH
2e515ef71078205d,-16106,443,92975,130,66.9215087890625,6.0,0,0.85,BENIGN,INFO,lightgbm,HIGH
d5099dcc8ffc06bb,-16105,443,5710,18,0.13445806503295898,6.0,0,0.85,BENIGN,INFO,lightgbm,HIGH
379970d810c4e902,-7970,53,332,4,0.05087113380432129,17.0,0,0.85,BENIGN,INFO,lightgbm,HIGH
a3d532bf9b013b55,-4047,53,768,4,0.09568214416503906,17.0,0,0.85,BENIGN,INFO,lightgbm,HIGH
b71c5a0615e6ba57,-16104,443,7212,27,58.976280212402344,6.0,0,0.85,BENIGN,INFO,lightgbm,HIGH
420aa712c66b0ad1,-16103,443,6122,19,0.6257569789886475,6.0,0,0.85,BENIGN,INFO,lightgbm,HIGH
ba3c97eeef745e0f,-4901,53,332,4,0.00015401840209960938,17.0,0,0.85,BENIGN,INFO,lightgbm,HIGH
f4235ecd785b7f9b,-9194,53,356,4,0.049672842025756836,17.0,0,0.85,BENIGN,INFO,lightgbm,HIGH
fe7a82c31edab928,-4307,53,200,2,0.04933881759643555,17.0,0,0.85,BENIGN,INFO,lightgbm,HIGH
8fe9a31791389d79,-16102,443,91483,96,73.14290618896484,6.0,0,0.85,BENIGN,INFO,lightgbm,HIGH
75d6fc3d47e941c9,-16101,443,62410,68,73.14249420166016,6.0,0,0.85,BENIGN,INFO,lightgbm,HIGH
32c5e80178b3259b,-13240,53,420,4,0.05096292495727539,17.0,0,0.85,BENIGN,INFO,lightgbm,HIGH
c8d14c69a75636c7,-5305,53,232,2,0.050620079040527344,17.0,0,0.85,BENIGN,INFO,lightgbm,HIGH
316bdae136e9005a,-16100,443,11741,39,73.414794921875,6.0,0,0.85,BENIGN,INFO,lightgbm,HIGH
dce04c2f02920926,-16099,443,8630,36,73.41374206542969,6.0,0,0.85,BENIGN,INFO,lightgbm,HIGH
62c958c0cf96dc46,-11559,53,700,4,0.0002079010009765625,17.0,0,0.85,BENIGN,INFO,lightgbm,HIGH
fcfed25949c3f65e,-9251,53,600,4,0.023989200592041016,17.0,0,0.85,BENIGN,INFO,lightgbm,HIGH
ba33b073ec3d3168,-4765,53,322,2,0.023640871047973633,17.0,0,0.85,BENIGN,INFO,lightgbm,HIGH
654fc449f056d796,-16098,443,8698,29,58.73121643066406,6.0,0,0.85,BENIGN,INFO,lightgbm,HIGH
1a33a7051572a537,-16097,443,5758,19,0.1301112174987793,6.0,0,0.85,BENIGN,INFO,lightgbm,HIGH
5ae7366fee480bee,-16096,443,10679,45,66.63706970214844,6.0,0,0.85,BENIGN,INFO,lightgbm,HIGH
44d0da1d132515e6,-15650,53,360,4,0.0001380443572998047,17.0,0,0.85,BENIGN,INFO,lightgbm,HIGH
bc3d917246249ebd,-12645,53,448,4,0.051869869232177734,17.0,0,0.85,BENIGN,INFO,lightgbm,HIGH
7733e0801f708638,-16095,80,21993,61,72.35499572753906,6.0,4,0.85,DoS_Hulk,HIGH,lightgbm,HIGH
0f5e4c3bce5f13ae,-16094,80,20474,56,72.35639953613281,6.0,4,0.85,DoS_Hulk,HIGH,lightgbm,HIGH
a47132b6ec100164,-16093,80,372,6,5.955379009246826,6.0,4,0.85,DoS_Hulk,HIGH,lightgbm,HIGH
e211c4bdfb8c92fb,-16092,80,372,6,5.955467224121094,6.0,4,0.85,DoS_Hulk,HIGH,lightgbm,HIGH
4cc351f65487978a,-8325,53,458,4,0.0001671314239501953,17.0,0,0.85,BENIGN,INFO,lightgbm,HIGH
7aba49f692f657e3,-16091,443,483114,483,66.40609741210938,6.0,0,0.85,BENIGN,INFO,lightgbm,HIGH
fac8fec925180ba1,-13665,53,400,4,0.0001430511474609375,17.0,0,0.85,BENIGN,INFO,lightgbm,HIGH
e50ee8cc3b61131b,-662,53,424,4,0.05008506774902344,17.0,0,0.85,BENIGN,INFO,lightgbm,HIGH
4a7b6b16a9d1959c,-3191,53,234,2,0.04974818229675293,17.0,0,0.85,BENIGN,INFO,lightgbm,HIGH
dc74841b455e025e,-16090,443,15380,36,0.29164600372314453,6.0,0,0.85,BENIGN,INFO,lightgbm,HIGH
165bcfd5fde7953f,-16089,443,5717,21,0.20627713203430176,6.0,0,0.85,BENIGN,INFO,lightgbm,HIGH
9f33f24ac4e98145,-16088,443,5663,20,0.2476649284362793,6.0,0,0.85,BENIGN,INFO,lightgbm,HIGH
04c77be4bc715fff,-16087,80,3828,24,78.77078247070312,6.0,4,0.85,DoS_Hulk,HIGH,lightgbm,HIGH
b6e838b51dd9df37,-16086,80,3828,24,78.82945251464844,6.0,4,0.85,DoS_Hulk,HIGH,lightgbm,HIGH
94d9d94456ed4a6a,-16085,80,372,6,5.654620170593262,6.0,4,0.85,DoS_Hulk,HIGH,lightgbm,HIGH
44cb8fe574389101,-16084,80,372,6,5.655526161193848,6.0,4,0.85,DoS_Hulk,HIGH,lightgbm,HIGH
20931c0848530be7,-7573,53,648,6,0.15102005004882812,17.0,0,0.85,BENIGN,INFO,lightgbm,HIGH
378fc1afa2e71f10,-4156,53,267,2,0.15059614181518555,17.0,0,0.85,BENIGN,INFO,lightgbm,HIGH
2086ffab5b0550b0,-16083,443,7140,28,71.71656036376953,6.0,0,0.85,BENIGN,INFO,lightgbm,HIGH
b9ca96604979df38,-16082,443,9669,34,71.7489242553711,6.0,0,0.85,BENIGN,INFO,lightgbm,HIGH
884c563de28cadb3,-6702,53,424,4,0.00019097328186035156,17.0,0,0.85,BENIGN,INFO,lightgbm,HIGH
9938a333073417d0,-7590,53,524,4,0.04965400695800781,17.0,0,0.85,BENIGN,INFO,lightgbm,HIGH
71f296cc8cd3b1c8,-4308,53,284,2,0.04930901527404785,17.0,0,0.85,BENIGN,INFO,lightgbm,HIGH
c1c8b7a532db20b4,-9248,53,638,6,0.12007999420166016,17.0,0,0.85,BENIGN,INFO,lightgbm,HIGH
0393aca5f20acd7e,-16081,80,7504,27,70.3380355834961,6.0,4,0.85,DoS_Hulk,HIGH,lightgbm,HIGH
f4ed88a56423cfca,-16080,80,10444,28,70.48004913330078,6.0,4,0.85,DoS_Hulk,HIGH,lightgbm,HIGH
fc4b1835f8bbb005,-78,53,372,4,0.00013899803161621094,17.0,0,0.85,BENIGN,INFO,lightgbm,HIGH
8e8487449bc9c57b,-8352,53,452,4,0.062246084213256836,17.0,0,0.85,BENIGN,INFO,lightgbm,HIGH
aa032f5bedb7a2ee,-5260,53,248,2,0.06172895431518555,17.0,0,0.85,BENIGN,INFO,lightgbm,HIGH
7df13f1e77b6f1d1,-16079,80,372,6,5.118957042694092,6.0,4,0.85,DoS_Hulk,HIGH,lightgbm,HIGH
78d2782910903131,-9182,53,528,4,0.07469820976257324,17.0,0,0.85,BENIGN,INFO,lightgbm,HIGH
7d9c57dc6b628496,-3355,53,286,2,0.07425904273986816,17.0,0,0.85,BENIGN,INFO,lightgbm,HIGH
9bc11e587f50d58b,-2854,53,926,4,0.04958987236022949,17.0,0,0.85,BENIGN,INFO,lightgbm,HIGH
4464ae200b804b91,-4031,53,485,2,0.04897618293762207,17.0,0,0.85,BENIGN,INFO,lightgbm,HIGH
d4f0c46b149488c7,-16078,443,4877,16,6.026329040527344,6.0,0,0.85,BENIGN,INFO,lightgbm,HIGH
268e1abc0cb635dc,-16077,443,9294,37,72.89625549316406,6.0,0,0.85,BENIGN,INFO,lightgbm,HIGH
138035e3c6e7d372,-610,53,896,4,0.00028514862060546875,17.0,0,0.85,BENIGN,INFO,lightgbm,HIGH
956e0f4d51eca1f6,-10346,53,1108,8,7.24346399307251,17.0,0,0.85,BENIGN,INFO,lightgbm,HIGH
559de9fb3dd744ec,-16076,443,26940,37,0.14650702476501465,6.0,0,0.85,BENIGN,INFO,lightgbm,HIGH
bb1a4af7b11c7ad1,-16075,443,37169,50,63.52833557128906,6.0,0,0.85,BENIGN,INFO,lightgbm,HIGH
5846e1bdd00570d4,-4767,53,476,4,0.00019598007202148438,17.0,0,0.85,BENIGN,INFO,lightgbm,HIGH
f796c0992d15fa5e,-10758,53,470,4,0.06067395210266113,17.0,0,0.85,BENIGN,INFO,lightgbm,HIGH
bda9fa78e3f5c9a1,-4969,53,257,2,0.06032681465148926,17.0,0,0.85,BENIGN,INFO,lightgbm,HIGH
4e00e1dae7e9833b,-16074,80,3328,14,0.40907716751098633,6.0,4,0.85,DoS_Hulk,HIGH,lightgbm,HIGH
6769dd11a9aa0594,-16073,80,3142,11,0.32260608673095703,6.0,4,0.85,DoS_Hulk,HIGH,lightgbm,HIGH
d8f7c1c1c4ff5c73,-16072,80,504,8,5.687396049499512,6.0,4,0.85,DoS_Hulk,HIGH,lightgbm,HIGH
06ca089bd6cc70d0,-11826,53,516,4,0.0009601116180419922,17.0,0,0.85,BENIGN,INFO,lightgbm,HIGH
6bdbfc61fc5d7ded,-3540,53,516,4,0.00017499923706054688,17.0,0,0.85,BENIGN,INFO,lightgbm,HIGH
d62e10e309f3480a,-8998,53,360,4,0.00015807151794433594,17.0,0,0.85,BENIGN,INFO,lightgbm,HIGH
4da93df0cd7bd48e,-6019,53,516,4,0.0001678466796875,17.0,0,0.85,BENIGN,INFO,lightgbm,HIGH
3e83e235bbb5ca1a,-3653,53,516,4,0.0001659393310546875,17.0,0,0.85,BENIGN,INFO,lightgbm,HIGH
91d385ee94e0f14b,-2904,53,360,4,0.0001418590545654297,17.0,0,0.85,BENIGN,INFO,lightgbm,HIGH
826da702d9438260,-6450,53,516,4,0.00016617774963378906,17.0,0,0.85,BENIGN,INFO,lightgbm,HIGH
98a9f267fb7eb362,-16071,443,28717,44,70.60871887207031,6.0,0,0.85,BENIGN,INFO,lightgbm,HIGH
19728f4f93061f9c,-14864,53,516,4,0.00016188621520996094,17.0,0,0.85,BENIGN,INFO,lightgbm,HIGH
b650b9ec3c730111,-8099,53,360,4,0.00014400482177734375,17.0,0,0.85,BENIGN,INFO,lightgbm,HIGH
c4d74bce6b41953d,-2120,53,424,4,0.050894975662231445,17.0,0,0.85,BENIGN,INFO,lightgbm,HIGH
a4af195084166ee3,-3708,53,234,2,0.05053210258483887,17.0,0,0.85,BENIGN,INFO,lightgbm,HIGH
35a1e4f453b43564,-5495,53,584,4,0.07558679580688477,17.0,0,0.85,BENIGN,INFO,lightgbm,HIGH
c4bdaae9d5002935,-3390,53,314,2,0.07518601417541504,17.0,0,0.85,BENIGN,INFO,lightgbm,HIGH
96f820eb55855f3d,-16070,443,10653,33,25.40267562866211,6.0,0,0.85,BENIGN,INFO,lightgbm,HIGH
9fe78120b3a9b206,-1907,53,490,4,0.07886219024658203,17.0,0,0.85,BENIGN,INFO,lightgbm,HIGH
8a5f71a0e493cf49,-16069,443,4530,18,5.375236988067627,6.0,0,0.85,BENIGN,INFO,lightgbm,HIGH
fbb87b4f9080a130,-9592,53,930,4,0.02878594398498535,17.0,0,0.85,BENIGN,INFO,lightgbm,HIGH
986debea90e4d15e,-16068,443,9460,27,3.420114040374756,6.0,0,0.85,BENIGN,INFO,lightgbm,HIGH
21459c0f7481dfd2,-16067,443,7843,21,0.3443589210510254,6.0,0,0.85,BENIGN,INFO,lightgbm,HIGH
0d82699bafc4c8cb,-13030,53,608,4,0.0002009868621826172,17.0,0,0.85,BENIGN,INFO,lightgbm,HIGH
ec8f34c5bea819ca,-13049,53,644,4,0.04856109619140625,17.0,0,0.85,BENIGN,INFO,lightgbm,HIGH
8cb61bce6362733d,-16066,443,8350,34,71.55326843261719,6.0,0,0.85,BENIGN,INFO,lightgbm,HIGH
4dc5b643bbafa024,1153,22,14058,80,1.5892560482025146,6.0,11,0.85,SSH-Patator,MEDIUM,lightgbm,HIGH
95d7db13a3903d5c,-703,53,492,4,0.0733802318572998,17.0,0,0.85,BENIGN,INFO,lightgbm,HIGH
fab533c1fd59e04a,-16065,443,9432,27,0.3319680690765381,6.0,0,0.85,BENIGN,INFO,lightgbm,HIGH
5025a624cb64e644,-16064,443,4878,16,5.313912391662598,6.0,0,0.85,BENIGN,INFO,lightgbm,HIGH
555ebce45e91e498,-16063,443,8011,24,0.257443904876709,6.0,0,0.85,BENIGN,INFO,lightgbm,HIGH
0c2315153d7b3c84,-2495,53,418,4,0.08494400978088379,17.0,0,0.85,BENIGN,INFO,lightgbm,HIGH
21e3edbe4b1621bc,-3141,53,212,2,0.08456897735595703,17.0,0,0.85,BENIGN,INFO,lightgbm,HIGH
680b8f186e125192,-16062,443,128970,193,62.81715774536133,6.0,0,0.85,BENIGN,INFO,lightgbm,HIGH
6cc68de652ce8889,-16061,443,6895,20,0.10127496719360352,6.0,0,0.85,BENIGN,INFO,lightgbm,HIGH
2e1bb7611ab16865,-5916,53,372,4,0.00015115737915039062,17.0,0,0.85,BENIGN,INFO,lightgbm,HIGH
8712452b2a8bdf47,-7369,53,452,4,0.06717085838317871,17.0,0,0.85,BENIGN,INFO,lightgbm,HIGH
234b8f2662199b14,-12750,53,792,6,0.13984394073486328,17.0,0,0.85,BENIGN,INFO,lightgbm,HIGH
9283bc51bc01a8b1,-4315,53,343,2,0.1393589973449707,17.0,0,0.85,BENIGN,INFO,lightgbm,HIGH
63a1bdeee05e1a9b,-1308,53,654,6,0.2412729263305664,17.0,0,0.85,BENIGN,INFO,lightgbm,HIGH
b9c966cd858e780e,-3022,53,380,4,0.00015091896057128906,17.0,0,0.85,BENIGN,INFO,lightgbm,HIGH
077703a04df12503,-3812,53,480,4,0.08493399620056152,17.0,0,0.85,BENIGN,INFO,lightgbm,HIGH
074722fb92096e84,-16060,80,3342,11,0.1039118766784668,6.0,4,0.85,DoS_Hulk,HIGH,lightgbm,HIGH
584b60fe8d7f1335,-16059,80,3342,11,0.10309410095214844,6.0,4,0.85,DoS_Hulk,HIGH,lightgbm,HIGH
7cca6fcda3ce1ce5,-16058,80,3408,12,0.10339498519897461,6.0,4,0.85,DoS_Hulk,HIGH,lightgbm,HIGH
a9d2dcfe6636ea62,-16057,80,3408,12,0.10306382179260254,6.0,4,0.85,DoS_Hulk,HIGH,lightgbm,HIGH
28644d483c13203d,-16056,80,3288,10,4.500237941741943,6.0,4,0.85,DoS_Hulk,HIGH,lightgbm,HIGH
d1b32cc56f5ca09a,-16055,443,59154,75,74.27621459960938,6.0,0,0.85,BENIGN,INFO,lightgbm,HIGH
0ef308e5ceab8ea9,-16054,443,9776,31,70.50035095214844,6.0,0,0.85,BENIGN,INFO,lightgbm,HIGH
c6b25659321411ae,-5862,53,612,4,0.00020813941955566406,17.0,0,0.85,BENIGN,INFO,lightgbm,HIGH
a09136600e440da5,-4281,53,518,4,0.04924297332763672,17.0,0,0.85,BENIGN,INFO,lightgbm,HIGH
d305474b54232d2f,-4960,53,281,2,0.048874855041503906,17.0,0,0.85,BENIGN,INFO,lightgbm,HIGH
088abec1ac09f39c,-16053,443,5528,17,5.940786361694336,6.0,0,0.85,BENIGN,INFO,lightgbm,HIGH
2ca8df6425e06c4f,-16052,443,7422,28,70.35992431640625,6.0,0,0.85,BENIGN,INFO,lightgbm,HIGH
78e08f7c432809ae,-14429,53,360,4,0.00015807151794433594,17.0,0,0.85,BENIGN,INFO,lightgbm,HIGH
36f9068126ba06bc,-10384,53,450,4,0.02364516258239746,17.0,0,0.85,BENIGN,INFO,lightgbm,HIGH
210cc64473547b10,-3865,53,468,4,0.024437904357910156,17.0,0,0.85,BENIGN,INFO,lightgbm,HIGH
87de037aa0f4b9f5,-4142,53,256,2,0.024071931838989258,17.0,0,0.85,BENIGN,INFO,lightgbm,HIGH
2258093c77e1845d,1154,445,12404,45,14.316218376159668,6.0,0,0.85,BENIGN,INFO,lightgbm,HIGH
2f359c6a415a1883,-14048,53,436,4,0.05148506164550781,17.0,0,0.85,BENIGN,INFO,lightgbm,HIGH
9ec35fda2a778960,1155,465,8522,45,2.060112953186035,6.0,0,0.85,BENIGN,INFO,lightgbm,HIGH
e032125a2e52887a,1156,22,13802,80,1.4658231735229492,6.0,11,0.85,SSH-Patator,MEDIUM,lightgbm,HIGH
060e4c729b3652f2,-4408,53,340,4,0.06087899208068848,17.0,0,0.85,BENIGN,INFO,lightgbm,HIGH
c2efe28432177b53,-3031,53,192,2,0.06049084663391113,17.0,0,0.85,BENIGN,INFO,lightgbm,HIGH
f56e1d7f1d258187,-16051,443,10104,32,70.64500427246094,6.0,0,0.85,BENIGN,INFO,lightgbm,HIGH
0e6eec04c387c2aa,-16050,443,11465,37,3.5165960788726807,6.0,0,0.85,BENIGN,INFO,lightgbm,HIGH
5ff4e37b93fc8673,-3861,19302,136,2,0.05967903137207031,17.0,0,0.85,BENIGN,INFO,lightgbm,HIGH
5cd1bd100f05ad88,-15961,53,666,6,0.13009905815124512,17.0,0,0.85,BENIGN,INFO,lightgbm,HIGH
754cc306e2198fff,-2718,53,422,4,0.06128692626953125,17.0,0,0.85,BENIGN,INFO,lightgbm,HIGH
0166513515302c53,-4714,53,233,2,0.0609588623046875,17.0,0,0.85,BENIGN,INFO,lightgbm,HIGH
8012ec1734e251f5,-16006,53,634,6,0.11762094497680664,17.0,0,0.85,BENIGN,INFO,lightgbm,HIGH
abcf24b58d0b8490,-10054,53,360,4,0.033966064453125,17.0,0,0.85,BENIGN,INFO,lightgbm,HIGH
641391bf66eba6df,-4616,53,202,2,0.03364706039428711,17.0,0,0.85,BENIGN,INFO,lightgbm,HIGH
a7f0b6d98a413f5f,-9171,53,472,4,0.06847596168518066,17.0,0,0.85,BENIGN,INFO,lightgbm,HIGH
1b4f655ea490df91,-4782,53,252,2,0.0680379867553711,17.0,0,0.85,BENIGN,INFO,lightgbm,HIGH
6cca9212a1cdce10,-8792,53,454,4,0.03518390655517578,17.0,0,0.85,BENIGN,INFO,lightgbm,HIGH
7362dcdb76b0c64b,-4787,53,682,6,0.1270129680633545,17.0,0,0.85,BENIGN,INFO,lightgbm,HIGH
5a35e39d0deb7ab7,-3226,53,538,4,15.983932495117188,17.0,0,0.85,BENIGN,INFO,lightgbm,HIGH
88e51571e95cb418,-16049,443,7099,18,6.1052069664001465,6.0,0,0.85,BENIGN,INFO,lightgbm,HIGH
50ceec3c855abb96,-16048,443,10360,21,0.6996679306030273,6.0,0,0.85,BENIGN,INFO,lightgbm,HIGH
1e0616413db50579,-15081,53,320,4,0.0350191593170166,17.0,0,0.85,BENIGN,INFO,lightgbm,HIGH
b7b61b66f37ad9a2,-16047,443,5981,22,0.49312305450439453,6.0,0,0.85,BENIGN,INFO,lightgbm,HIGH
f5cd6bffcbda0993,-16046,443,5801,19,0.24755406379699707,6.0,0,0.85,BENIGN,INFO,lightgbm,HIGH
e6332cb56180639b,-10316,53,360,4,0.000141143798828125,17.0,0,0.85,BENIGN,INFO,lightgbm,HIGH
c588b97dfa6a60d3,-10059,53,446,4,0.08118104934692383,17.0,0,0.85,BENIGN,INFO,lightgbm,HIGH
92dc74d1f554b16d,-10356,53,498,4,0.09418201446533203,17.0,0,0.85,BENIGN,INFO,lightgbm,HIGH
fe9fa9218a072f57,-16232,53,644,4,0.07054996490478516,17.0,0,0.85,BENIGN,INFO,lightgbm,HIGH
a84bb48ff7d2303d,-1698,53,428,4,0.07252097129821777,17.0,0,0.85,BENIGN,INFO,lightgbm,HIGH
4e82090defc52e76,-16045,443,7060,34,61.05101013183594,6.0,0,0.85,BENIGN,INFO,lightgbm,HIGH
3d69d3a5231c0975,-16044,443,16318,41,64.47394561767578,6.0,0,0.85,BENIGN,INFO,lightgbm,HIGH
ac2e7d5ca190b03a,-834,53,644,4,0.13800883293151855,17.0,0,0.85,BENIGN,INFO,lightgbm,HIGH
2b8c066826273aa1,-16043,443,6265,18,6.080286979675293,6.0,0,0.85,BENIGN,INFO,lightgbm,HIGH
f85f7a107e482578,-16042,443,17714,40,61.45796585083008,6.0,0,0.85,BENIGN,INFO,lightgbm,HIGH
dc85f529b7f44d92,-14204,53,332,4,0.03495502471923828,17.0,0,0.85,BENIGN,INFO,lightgbm,HIGH
653b76f730970768,-3123,53,188,2,0.034657955169677734,17.0,0,0.85,BENIGN,INFO,lightgbm,HIGH
f19fb98474484d6a,-16041,443,6585,19,6.077173233032227,6.0,0,0.85,BENIGN,INFO,lightgbm,HIGH
77088ff6375697e4,-16040,443,17770,45,63.02277755737305,6.0,0,0.85,BENIGN,INFO,lightgbm,HIGH
6493d2942a4a6c92,-2156,53,728,4,0.11391615867614746,17.0,0,0.85,BENIGN,INFO,lightgbm,HIGH
420cdf839435bfdb,-16039,443,7378,29,59.66884231567383,6.0,0,0.85,BENIGN,INFO,lightgbm,HIGH
4b7507286ba277db,-2105,53,444,4,0.10741400718688965,17.0,0,0.85,BENIGN,INFO,lightgbm,HIGH
64ab1e31076732c1,-4132,53,244,2,0.10706710815429688,17.0,0,0.85,BENIGN,INFO,lightgbm,HIGH
24ba7336fd1e1a52,-13229,53,456,4,0.053501129150390625,17.0,0,0.85,BENIGN,INFO,lightgbm,HIGH
23d5c66c1815430b,-16038,443,7124,28,59.64625930786133,6.0,0,0.85,BENIGN,INFO,lightgbm,HIGH
425968d057119be1,-13448,53,416,4,0.03023219108581543,17.0,0,0.85,BENIGN,INFO,lightgbm,HIGH
4a9708a9bb4da8ea,-4148,53,200,2,0.02991008758544922,17.0,0,0.85,BENIGN,INFO,lightgbm,HIGH
249aec1f8674ae3d,-10649,53,474,4,0.11729693412780762,17.0,0,0.85,BENIGN,INFO,lightgbm,HIGH
47d1fba6f2edc343,-14758,53,670,6,0.24828386306762695,17.0,0,0.85,BENIGN,INFO,lightgbm,HIGH
98c8ddcb6b9c8e28,-16037,443,102898,109,65.53730010986328,6.0,0,0.85,BENIGN,INFO,lightgbm,HIGH
29166d13ced74833,-16036,443,9320,23,5.486971855163574,6.0,0,0.85,BENIGN,INFO,lightgbm,HIGH
5669977e09aac691,-3755,53,1024,6,0.15922212600708008,17.0,0,0.85,BENIGN,INFO,lightgbm,HIGH
ec589302695cd50c,-3446,53,448,2,0.1587200164794922,17.0,0,0.85,BENIGN,INFO,lightgbm,HIGH
26b68615cf3c971a,-16035,443,29203,48,59.50553512573242,6.0,0,0.85,BENIGN,INFO,lightgbm,HIGH
ed8c8ad0ad10971b,-16034,443,10813,46,59.53508377075195,6.0,0,0.85,BENIGN,INFO,lightgbm,HIGH
ba844df0b5e29457,-9976,53,662,4,0.0272519588470459,17.0,0,0.85,BENIGN,INFO,lightgbm,HIGH
c7e0d99a09056bde,-16033,443,14030,33,70.43978118896484,6.0,0,0.85,BENIGN,INFO,lightgbm,HIGH
2bbf3c4bf6fa1ce5,-16032,443,13990,34,70.4520492553711,6.0,0,0.85,BENIGN,INFO,lightgbm,HIGH
83326ecd982749b1,-16031,443,7317,31,61.30704879760742,6.0,0,0.85,BENIGN,INFO,lightgbm,HIGH
d90e4c401f9e506a,-16030,443,7315,27,0.9085640907287598,6.0,0,0.85,BENIGN,INFO,lightgbm,HIGH
a7e6fdfe32b250a5,-6438,53,320,4,0.0001480579376220703,17.0,0,0.85,BENIGN,INFO,lightgbm,HIGH
dcbd6565109a6587,-11309,53,394,4,0.05298495292663574,17.0,0,0.85,BENIGN,INFO,lightgbm,HIGH
f80e050c7a22e3ef,-4251,53,219,2,0.05265307426452637,17.0,0,0.85,BENIGN,INFO,lightgbm,HIGH
0bd5f426336fde54,-13239,53,404,4,0.00017905235290527344,17.0,0,0.85,BENIGN,INFO,lightgbm,HIGH
e41a9d24c2d495de,-10841,53,380,4,0.0001990795135498047,17.0,0,0.85,BENIGN,INFO,lightgbm,HIGH
331d0ea04978a579,-16029,443,9369,29,70.37767791748047,6.0,0,0.85,BENIGN,INFO,lightgbm,HIGH
0441fcb7f5b2f49e,-16028,443,12148,31,59.468475341796875,6.0,0,0.85,BENIGN,INFO,lightgbm,HIGH
306a467bcb3fce70,-12810,53,468,4,0.00015878677368164062,17.0,0,0.85,BENIGN,INFO,lightgbm,HIGH
58d8d73fedff380c,-9062,53,492,4,0.00021219253540039062,17.0,0,0.85,BENIGN,INFO,lightgbm,HIGH
44ce659426363962,-15448,53,512,4,0.030990123748779297,17.0,0,0.85,BENIGN,INFO,lightgbm,HIGH
5366723311991998,-3684,53,278,2,0.030618906021118164,17.0,0,0.85,BENIGN,INFO,lightgbm,HIGH
28d9183e1384a3ed,-9939,53,396,4,0.00018310546875,17.0,0,0.85,BENIGN,INFO,lightgbm,HIGH
238cb56da18affba,-6777,53,436,4,0.032208919525146484,17.0,0,0.85,BENIGN,INFO,lightgbm,HIGH
b463c1460db8746c,-15117,53,500,4,0.07747888565063477,17.0,0,0.85,BENIGN,INFO,lightgbm,HIGH
d489af764dc752fa,-5437,53,272,2,0.07713890075683594,17.0,0,0.85,BENIGN,INFO,lightgbm,HIGH
83e88c38de9468f2,-16027,443,28741,49,70.85387420654297,6.0,0,0.85,BENIGN,INFO,lightgbm,HIGH
9b9f229b4c0c33c5,-16026,443,6108,20,0.5401937961578369,6.0,0,0.85,BENIGN,INFO,lightgbm,HIGH
9375f08daa1788a8,-16025,443,7328,26,59.40228271484375,6.0,0,0.85,BENIGN,INFO,lightgbm,HIGH
2d11750b8894f6c3,-9845,53,686,6,0.278609037399292,17.0,0,0.85,BENIGN,INFO,lightgbm,HIGH
42e1dbf1f25797d2,-3015,53,520,4,0.00020003318786621094,17.0,0,0.85,BENIGN,INFO,lightgbm,HIGH
d589cd37061ca47b,-7952,53,586,4,0.0539860725402832,17.0,0,0.85,BENIGN,INFO,lightgbm,HIGH
1b4ad20bfdaa37d0,-3100,53,602,4,2.044757843017578,17.0,0,0.85,BENIGN,INFO,lightgbm,HIGH
15d8b57fd9378312,-5318,53,332,4,0.00014495849609375,17.0,0,0.85,BENIGN,INFO,lightgbm,HIGH
009e9cc5a4c09cd1,-16024,80,2613,13,0.43585896492004395,6.0,4,0.85,DoS_Hulk,HIGH,lightgbm,HIGH
a113293c26fe44d0,-16023,443,5613,17,0.49234700202941895,6.0,0,0.85,BENIGN,INFO,lightgbm,HIGH
ab1b953c826203e3,-16022,443,21986,39,71.51612091064453,6.0,0,0.85,BENIGN,INFO,lightgbm,HIGH
2c6e8c4d0a1c04d7,-16021,80,3288,10,0.23910903930664062,6.0,4,0.85,DoS_Hulk,HIGH,lightgbm,HIGH
fcbc9d4cc4ea35ed,-8213,53,340,4,0.028840065002441406,17.0,0,0.85,BENIGN,INFO,lightgbm,HIGH
bc8d0393b6e4981b,-2992,53,600,4,0.07059001922607422,17.0,0,0.85,BENIGN,INFO,lightgbm,HIGH
52e5ccf5e16a744e,-12291,53,456,4,0.052720069885253906,17.0,0,0.85,BENIGN,INFO,lightgbm,HIGH
63b5fe6d43228d50,-4945,53,322,2,0.07017207145690918,17.0,0,0.85,BENIGN,INFO,lightgbm,HIGH
09c24baeb86cd3a8,-4161,53,250,2,0.05235409736633301,17.0,0,0.85,BENIGN,INFO,lightgbm,HIGH
bf08d52f14544feb,-7021,53,420,4,0.0001728534698486328,17.0,0,0.85,BENIGN,INFO,lightgbm,HIGH
894b55f1e8b7bf0a,-5389,53,540,4,0.00020003318786621094,17.0,0,0.85,BENIGN,INFO,lightgbm,HIGH
ac5b311f77581cd8,-13734,53,412,4,0.028840065002441406,17.0,0,0.85,BENIGN,INFO,lightgbm,HIGH
64e0688ab076620a,-3188,53,228,2,0.028473854064941406,17.0,0,0.85,BENIGN,INFO,lightgbm,HIGH
7e6cc55b936268bc,-7586,53,534,4,0.053495168685913086,17.0,0,0.85,BENIGN,INFO,lightgbm,HIGH
d2d8c28c5d4c075a,-16020,443,9016,31,70.54754638671875,6.0,0,0.85,BENIGN,INFO,lightgbm,HIGH
40b426147a58ded9,-16019,80,4316,24,72.4811782836914,6.0,4,0.85,DoS_Hulk,HIGH,lightgbm,HIGH
1744741aedf9a3aa,-16018,80,504,8,5.484174728393555,6.0,4,0.85,DoS_Hulk,HIGH,lightgbm,HIGH
f68120c45619bc8b,-16017,80,2725,21,70.26859283447266,6.0,4,0.85,DoS_Hulk,HIGH,lightgbm,HIGH
4f989f75f023c491,-16016,443,8780,27,70.61309814453125,6.0,0,0.85,BENIGN,INFO,lightgbm,HIGH
cf0e584d8bbe3f87,-10372,53,428,4,0.00015997886657714844,17.0,0,0.85,BENIGN,INFO,lightgbm,HIGH
53e50297f375bdc1,-12800,53,356,4,0.00018978118896484375,17.0,0,0.85,BENIGN,INFO,lightgbm,HIGH
2ffaadd8ba7a7143,-2457,53,404,4,0.0001900196075439453,17.0,0,0.85,BENIGN,INFO,lightgbm,HIGH
30cdd539c1b9cba6,-11315,53,452,4,0.00019097328186035156,17.0,0,0.85,BENIGN,INFO,lightgbm,HIGH
2424af3428ffb93c,-13475,53,380,4,0.02939295768737793,17.0,0,0.85,BENIGN,INFO,lightgbm,HIGH
a4470801f2b75a9f,-8069,53,428,4,0.05560302734375,17.0,0,0.85,BENIGN,INFO,lightgbm,HIGH
9112a3c481e3859a,-4923,53,212,2,0.029027223587036133,17.0,0,0.85,BENIGN,INFO,lightgbm,HIGH
91e01cc1c0fe7a01,-3215,53,236,2,0.05527615547180176,17.0,0,0.85,BENIGN,INFO,lightgbm,HIGH
3cc53540bc188ef9,-5724,53,720,4,0.00023293495178222656,17.0,0,0.85,BENIGN,INFO,lightgbm,HIGH
2e818b459a5a7fe5,-16015,80,1894,10,0.1288919448852539,6.0,4,0.85,DoS_Hulk,HIGH,lightgbm,HIGH
956e6e2070f6995c,-16014,80,1894,10,0.12856817245483398,6.0,4,0.85,DoS_Hulk,HIGH,lightgbm,HIGH
c5965a5103fde7e7,-16013,443,15516,84,64.12451934814453,6.0,0,0.85,BENIGN,INFO,lightgbm,HIGH
ad9384343e059481,-13494,53,628,4,0.028528928756713867,17.0,0,0.85,BENIGN,INFO,lightgbm,HIGH
18af6e8cdda4de8b,-10219,53,612,4,0.0001888275146484375,17.0,0,0.85,BENIGN,INFO,lightgbm,HIGH
6c3cc17fadfdf83b,-9470,53,518,4,0.05694103240966797,17.0,0,0.85,BENIGN,INFO,lightgbm,HIGH
afd0ba853be44d2b,-4698,53,460,4,0.0001659393310546875,17.0,0,0.85,BENIGN,INFO,lightgbm,HIGH
4efe3cd0a5b83a9d,-8817,53,454,4,0.02968001365661621,17.0,0,0.85,BENIGN,INFO,lightgbm,HIGH
0df7c52ccf55ba9e,-5234,53,249,2,0.029345035552978516,17.0,0,0.85,BENIGN,INFO,lightgbm,HIGH
3fdcc63db07a65cd,-14451,53,606,6,0.16522598266601562,17.0,0,0.85,BENIGN,INFO,lightgbm,HIGH
9eae35179b1dedb9,-861,53,368,4,0.0001418590545654297,17.0,0,0.85,BENIGN,INFO,lightgbm,HIGH
bb9ac6ee3bc015ff,-3206,53,720,8,0.10547089576721191,17.0,0,0.85,BENIGN,INFO,lightgbm,HIGH
3e24a993b16d5902,-2036,53,912,8,0.10530805587768555,17.0,0,0.85,BENIGN,INFO,lightgbm,HIGH
16e10faf4b7b63b9,-3049,53,250,2,0.05282902717590332,17.0,0,0.85,BENIGN,INFO,lightgbm,HIGH
c8c21f1d2fc31772,-9532,53,628,6,0.1711721420288086,17.0,0,0.85,BENIGN,INFO,lightgbm,HIGH
6871bfe79bba3bef,-16012,80,3288,10,1.2444360256195068,6.0,4,0.85,DoS_Hulk,HIGH,lightgbm,HIGH
1f06550a3067668f,-16011,80,3404,12,0.1447310447692871,6.0,4,0.85,DoS_Hulk,HIGH,lightgbm,HIGH
77c3aafd97b03c4a,-16010,80,11306,29,66.22862243652344,6.0,4,0.85,DoS_Hulk,HIGH,lightgbm,HIGH
636fd966e8c56318,-16009,80,372,6,5.352017402648926,6.0,4,0.85,DoS_Hulk,HIGH,lightgbm,HIGH
065e1c46c5285d59,-2685,53,450,4,0.05559682846069336,17.0,0,0.85,BENIGN,INFO,lightgbm,HIGH
8a739c0ecb7da826,-13165,53,612,4,0.00021219253540039062,17.0,0,0.85,BENIGN,INFO,lightgbm,HIGH
49fbd35cd77b7448,-16008,80,372,6,5.240243911743164,6.0,4,0.85,DoS_Hulk,HIGH,lightgbm,HIGH
f719cb2497e3d3a3,-16007,80,366,6,5.24007511138916,6.0,4,0.85,DoS_Hulk,HIGH,lightgbm,HIGH
ee18e59ced8e97a0,-16006,80,3364,10,0.14138078689575195,6.0,4,0.85,DoS_Hulk,HIGH,lightgbm,HIGH
082e9149f033a3dd,-16005,80,3364,10,0.13743090629577637,6.0,4,0.85,DoS_Hulk,HIGH,lightgbm,HIGH
c7a185a6bfb98cfe,-2532,53,804,4,0.07336902618408203,17.0,0,0.85,BENIGN,INFO,lightgbm,HIGH
7e5e348c6bca6921,-4146,53,616,4,1.545163869857788,17.0,0,0.85,BENIGN,INFO,lightgbm,HIGH
4f466bf41eadde6e,-3694,53,852,4,0.00025081634521484375,17.0,0,0.85,BENIGN,INFO,lightgbm,HIGH
b8e8f9fc60b2ef16,-1411,53,780,4,0.0001919269561767578,17.0,0,0.85,BENIGN,INFO,lightgbm,HIGH
2e1027ef1a776dfe,-1502,53,688,4,0.0726780891418457,17.0,0,0.85,BENIGN,INFO,lightgbm,HIGH
e473d2bf52a1d336,-3048,53,366,2,0.07233381271362305,17.0,0,0.85,BENIGN,INFO,lightgbm,HIGH
abbcdab5c1b3ec9b,-7140,53,364,4,0.0001480579376220703,17.0,0,0.85,BENIGN,INFO,lightgbm,HIGH
07da184497bf2cef,-11830,53,454,4,0.03109002113342285,17.0,0,0.85,BENIGN,INFO,lightgbm,HIGH
6e8b4137d9dee2b2,-3919,53,249,2,0.030752182006835938,17.0,0,0.85,BENIGN,INFO,lightgbm,HIGH
74770a8f898580b7,-13827,53,336,4,0.02979302406311035,17.0,0,0.85,BENIGN,INFO,lightgbm,HIGH
a83c1d5a97c417d6,-4769,53,364,4,0.00017905235290527344,17.0,0,0.85,BENIGN,INFO,lightgbm,HIGH
10480a52dc4a132c,-2915,53,600,4,0.00018286705017089844,17.0,0,0.85,BENIGN,INFO,lightgbm,HIGH
0636d1f84462bc81,-10791,53,506,4,0.030035018920898438,17.0,0,0.85,BENIGN,INFO,lightgbm,HIGH
0698a0a89e782177,-15776,53,1220,8,0.1333320140838623,17.0,0,0.85,BENIGN,INFO,lightgbm,HIGH
332bab5343e665ec,-4590,53,327,2,0.11794400215148926,17.0,0,0.85,BENIGN,INFO,lightgbm,HIGH
daea8ad720a7aa7d,-15653,53,360,4,0.00015020370483398438,17.0,0,0.85,BENIGN,INFO,lightgbm,HIGH
2fef27ab5041087a,-7536,53,450,4,0.0001571178436279297,17.0,0,0.85,BENIGN,INFO,lightgbm,HIGH
96d2c05b39e5c851,-16004,443,11392,40,66.25660705566406,6.0,0,0.85,BENIGN,INFO,lightgbm,HIGH
339b01bcc5d96716,-8079,53,336,4,0.00014495849609375,17.0,0,0.85,BENIGN,INFO,lightgbm,HIGH
e6a6d66a2677c18e,-16003,443,8325,32,65.3366928100586,6.0,0,0.85,BENIGN,INFO,lightgbm,HIGH
e23e7441c9b44659,-16002,443,8100,33,65.33720397949219,6.0,0,0.85,BENIGN,INFO,lightgbm,HIGH
9b9c8274a9654a60,-13486,53,434,4,0.05491280555725098,17.0,0,0.85,BENIGN,INFO,lightgbm,HIGH
b9a03dca3079de90,-16001,443,8097,32,65.33706665039062,6.0,0,0.85,BENIGN,INFO,lightgbm,HIGH
7f2a82632d4bc938,-5440,53,239,2,0.05456209182739258,17.0,0,0.85,BENIGN,INFO,lightgbm,HIGH
430b6e8c11e59e26,-16000,443,8367,33,65.3397216796875,6.0,0,0.85,BENIGN,INFO,lightgbm,HIGH
eaa692a47fb9df1b,-15999,443,9138,36,65.80267333984375,6.0,0,0.85,BENIGN,INFO,lightgbm,HIGH
e0a64e1d502ca20b,-15998,443,2541,15,0.17562317848205566,6.0,0,0.85,BENIGN,INFO,lightgbm,HIGH
8fefcffcfc8811cd,-15997,443,9282,22,5.2208170890808105,6.0,0,0.85,BENIGN,INFO,lightgbm,HIGH
3c10858cf2b0322a,-9873,53,448,4,0.0001728534698486328,17.0,0,0.85,BENIGN,INFO,lightgbm,HIGH
1ea1f446105f8590,-15996,443,9380,22,6.367589950561523,6.0,0,0.85,BENIGN,INFO,lightgbm,HIGH
21340d7b2741c44a,-16151,53,472,4,0.032073974609375,17.0,0,0.85,BENIGN,INFO,lightgbm,HIGH
65d3d446bb512df2,-4744,53,258,2,0.03171801567077637,17.0,0,0.85,BENIGN,INFO,lightgbm,HIGH
83d32e9c9956590a,-15995,80,1896,10,0.1111609935760498,6.0,4,0.85,DoS_Hulk,HIGH,lightgbm,HIGH
13ec249070301fb5,-15994,80,1896,10,0.11023211479187012,6.0,4,0.85,DoS_Hulk,HIGH,lightgbm,HIGH
8bfcfbbddb65e91f,-15993,80,1896,10,0.11016511917114258,6.0,4,0.85,DoS_Hulk,HIGH,lightgbm,HIGH
71683c23a484d3e7,-15992,80,1896,10,0.11010909080505371,6.0,4,0.85,DoS_Hulk,HIGH,lightgbm,HIGH
2a4e596eb4f35fef,-15991,80,2028,12,2.0427639484405518,6.0,4,0.85,DoS_Hulk,HIGH,lightgbm,HIGH
2ac251dd5dee1285,-15990,80,1896,10,0.10573601722717285,6.0,4,0.85,DoS_Hulk,HIGH,lightgbm,HIGH
056c956c48d1ac50,-6534,53,430,4,0.0580449104309082,17.0,0,0.85,BENIGN,INFO,lightgbm,HIGH
839d11b2f090d86e,-4720,53,237,2,0.057678937911987305,17.0,0,0.85,BENIGN,INFO,lightgbm,HIGH
58fa5cd4a7e427f0,-3948,53,612,4,0.06927895545959473,17.0,0,0.85,BENIGN,INFO,lightgbm,HIGH
9807aeae03d16d69,-15989,443,5712,18,0.2126319408416748,6.0,0,0.85,BENIGN,INFO,lightgbm,HIGH
6f9e90e1cc5f982d,-15988,443,99752,102,70.37810516357422,6.0,0,0.85,BENIGN,INFO,lightgbm,HIGH
05bce7dc80431d8c,-4124,53,612,4,0.0001819133758544922,17.0,0,0.85,BENIGN,INFO,lightgbm,HIGH
b6af55cbb67ae0bb,-6112,53,530,4,0.06010103225708008,17.0,0,0.85,BENIGN,INFO,lightgbm,HIGH
61a0afd92035794d,-5365,53,287,2,0.05976104736328125,17.0,0,0.85,BENIGN,INFO,lightgbm,HIGH
31bc4f8109b79f3f,-9880,53,358,4,0.061914920806884766,17.0,0,0.85,BENIGN,INFO,lightgbm,HIGH
e0ca18c87593bd33,-4667,53,686,6,0.15703296661376953,17.0,0,0.85,BENIGN,INFO,lightgbm,HIGH
bb8981a13f0ee2cc,-5133,53,283,2,0.15665292739868164,17.0,0,0.85,BENIGN,INFO,lightgbm,HIGH
49ab97d485f59450,-15987,443,4229,16,11.054784774780273,6.0,0,0.85,BENIGN,INFO,lightgbm,HIGH
d1d9e8fc58a31cf6,-15986,443,5318,17,11.054673194885254,6.0,0,0.85,BENIGN,INFO,lightgbm,HIGH
607891b7a8a7e1f9,-4414,53,436,4,0.06017708778381348,17.0,0,0.85,BENIGN,INFO,lightgbm,HIGH
988ed04d6a9a42b1,-14114,53,386,4,0.0001919269561767578,17.0,0,0.85,BENIGN,INFO,lightgbm,HIGH
367160d95524a848,-4006,53,240,2,0.05977988243103027,17.0,0,0.85,BENIGN,INFO,lightgbm,HIGH
15213865a41fdee3,-15985,443,5729,18,0.20862197875976562,6.0,0,0.85,BENIGN,INFO,lightgbm,HIGH
6ced52faf8ffe715,-7094,53,504,4,0.0002541542053222656,17.0,0,0.85,BENIGN,INFO,lightgbm,HIGH
ae5ad6d69a2a7bc1,-4161,53,460,4,0.00029206275939941406,17.0,0,0.85,BENIGN,INFO,lightgbm,HIGH
b71f54cfd74ce36b,-11126,53,388,4,0.0001919269561767578,17.0,0,0.85,BENIGN,INFO,lightgbm,HIGH
f8544e0404fd857b,-15984,443,7571,27,58.31559753417969,6.0,0,0.85,BENIGN,INFO,lightgbm,HIGH
14dc718c337f2d0f,-15983,443,5756,19,0.25687694549560547,6.0,0,0.85,BENIGN,INFO,lightgbm,HIGH
5da880bc828e828d,-8110,53,852,4,0.0010769367218017578,17.0,0,0.85,BENIGN,INFO,lightgbm,HIGH
1c85081174c47d2d,-2433,53,394,4,0.0332949161529541,17.0,0,0.85,BENIGN,INFO,lightgbm,HIGH
e9f22f9275ff3eb1,-4664,53,212,2,0.03292703628540039,17.0,0,0.85,BENIGN,INFO,lightgbm,HIGH
060e5287e9a84c2d,-15982,443,9293,30,62.568031311035156,6.0,0,0.85,BENIGN,INFO,lightgbm,HIGH
8f091354ee0496c4,-15981,443,5195,15,5.603050231933594,6.0,0,0.85,BENIGN,INFO,lightgbm,HIGH
45f6f40fd26c544c,-5283,53,852,4,0.00022602081298828125,17.0,0,0.85,BENIGN,INFO,lightgbm,HIGH
c9038a4043ebd290,-16226,53,380,4,0.0001361370086669922,17.0,0,0.85,BENIGN,INFO,lightgbm,HIGH
46c92c5f5d534b49,-15980,443,6837,29,0.2989621162414551,6.0,0,0.85,BENIGN,INFO,lightgbm,HIGH
ca5c8c6002388456,-15979,443,5735,22,0.2738668918609619,6.0,0,0.85,BENIGN,INFO,lightgbm,HIGH
b153a7db40d71ef6,-15978,443,5821,23,0.273792028427124,6.0,0,0.85,BENIGN,INFO,lightgbm,HIGH
52de116068abfbc1,-15977,443,7948,34,59.160865783691406,6.0,0,0.85,BENIGN,INFO,lightgbm,HIGH
45ef386dd5672142,-3738,53,780,4,0.00020003318786621094,17.0,0,0.85,BENIGN,INFO,lightgbm,HIGH
b700037c77dbf506,-3421,53,404,4,0.03213787078857422,17.0,0,0.85,BENIGN,INFO,lightgbm,HIGH
cc40b5aa81d94e30,-5600,53,864,8,0.09283804893493652,17.0,0,0.85,BENIGN,INFO,lightgbm,HIGH
0ed8a1578c455554,-3890,53,219,2,0.06173396110534668,17.0,0,0.85,BENIGN,INFO,lightgbm,HIGH
75eb487b8b932401,-2806,53,408,4,0.06338310241699219,17.0,0,0.85,BENIGN,INFO,lightgbm,HIGH
63d7d94100ad0e57,-10185,53,652,8,2.9847371578216553,17.0,0,0.85,BENIGN,INFO,lightgbm,HIGH
c566a67ade5d3ba7,-6300,53,328,4,0.00014019012451171875,17.0,0,0.85,BENIGN,INFO,lightgbm,HIGH
207631e82460f1f2,-14264,53,704,8,0.10017085075378418,17.0,0,0.85,BENIGN,INFO,lightgbm,HIGH
dc507bf2f5712351,-11670,53,422,4,0.07093405723571777,17.0,0,0.85,BENIGN,INFO,lightgbm,HIGH
004e7a4db433f47b,-4747,53,233,2,0.0705728530883789,17.0,0,0.85,BENIGN,INFO,lightgbm,HIGH
7c230405c82d7ba5,-15976,443,10332,29,58.987422943115234,6.0,0,0.85,BENIGN,INFO,lightgbm,HIGH
12c3129c700dc211,-11128,53,384,4,0.0001480579376220703,17.0,0,0.85,BENIGN,INFO,lightgbm,HIGH
9150b1dfa3df631c,-15975,443,13189,25,11.053606986999512,6.0,0,0.85,BENIGN,INFO,lightgbm,HIGH
2e757032df2402e8,-15974,443,5697,16,5.318943023681641,6.0,0,0.85,BENIGN,INFO,lightgbm,HIGH
b92c5c5f54513f2a,-15973,443,8172,21,10.456526756286621,6.0,0,0.85,BENIGN,INFO,lightgbm,HIGH
7c977b08fb1955fe,-15972,443,6923,26,0.3894078731536865,6.0,0,0.85,BENIGN,INFO,lightgbm,HIGH
1390b4cde40e448d,-15971,443,4237,16,11.051053047180176,6.0,0,0.85,BENIGN,INFO,lightgbm,HIGH
0085e1a29d88f1da,-15376,53,388,4,0.0001709461212158203,17.0,0,0.85,BENIGN,INFO,lightgbm,HIGH
ca916e696a713a06,-13837,53,476,4,0.0317230224609375,17.0,0,0.85,BENIGN,INFO,lightgbm,HIGH
60eac0e5898ee49a,-5259,53,486,4,0.05699896812438965,17.0,0,0.85,BENIGN,INFO,lightgbm,HIGH
f63aea82562d4ab0,-15970,443,4716,20,6.287044048309326,6.0,0,0.85,BENIGN,INFO,lightgbm,HIGH
46eab27cc9801773,-15969,443,6447,25,7.291261672973633,6.0,0,0.85,BENIGN,INFO,lightgbm,HIGH
c67d9e9965d9d63d,-14753,53,562,6,0.11542582511901855,17.0,0,0.85,BENIGN,INFO,lightgbm,HIGH
bb74fb49597d9d50,-15968,443,5473,18,0.21454787254333496,6.0,0,0.85,BENIGN,INFO,lightgbm,HIGH
5da25c80d8ddf221,-5805,53,530,4,0.0904390811920166,17.0,0,0.85,BENIGN,INFO,lightgbm,HIGH
f0e98c9943d5b4eb,-3227,53,287,2,0.09004998207092285,17.0,0,0.85,BENIGN,INFO,lightgbm,HIGH
79c668ceaad0b781,-15967,80,3342,11,0.15027308464050293,6.0,4,0.85,DoS_Hulk,HIGH,lightgbm,HIGH
a0a6187eda77eeda,-6639,53,492,4,0.00016999244689941406,17.0,0,0.85,BENIGN,INFO,lightgbm,HIGH
04d029e80907e302,-14165,53,492,4,0.00016188621520996094,17.0,0,0.85,BENIGN,INFO,lightgbm,HIGH
1480f00d4f40fe10,-15382,53,520,4,0.11603784561157227,17.0,0,0.85,BENIGN,INFO,lightgbm,HIGH
b03e540b0ee25b6c,-3754,53,576,4,71.17906188964844,17.0,0,0.85,BENIGN,INFO,lightgbm,HIGH
fa5620186226e6eb,-15966,80,3500,21,70.41022491455078,6.0,4,0.85,DoS_Hulk,HIGH,lightgbm,HIGH
618b76f78fe5a91a,-15965,80,3292,10,1.089021921157837,6.0,4,0.85,DoS_Hulk,HIGH,lightgbm,HIGH
63d480d0036a2778,-15964,80,2858,11,0.987220048904419,6.0,4,0.85,DoS_Hulk,HIGH,lightgbm,HIGH
6dca7798bb5b56ee,-15963,80,432,7,5.176398277282715,6.0,4,0.85,DoS_Hulk,HIGH,lightgbm,HIGH
07f85cbdd2cc2edb,-9218,53,552,4,0.0001590251922607422,17.0,0,0.85,BENIGN,INFO,lightgbm,HIGH
56f1bd1e138ac888,-4887,53,618,4,0.05778908729553223,17.0,0,0.85,BENIGN,INFO,lightgbm,HIGH
c2b9a4bd07258bc5,-15962,443,8357,32,61.52854919433594,6.0,0,0.85,BENIGN,INFO,lightgbm,HIGH
e6f35c96744045f0,-15961,443,8411,33,61.5245246887207,6.0,0,0.85,BENIGN,INFO,lightgbm,HIGH
6a4c4831d3ff6235,-15960,443,9330,19,2.14284086227417,6.0,0,0.85,BENIGN,INFO,lightgbm,HIGH
7feeba8d3662517b,-15959,443,8807,21,0.43337416648864746,6.0,0,0.85,BENIGN,INFO,lightgbm,HIGH
aa26e2ee03174934,-2337,53,368,4,0.00013709068298339844,17.0,0,0.85,BENIGN,INFO,lightgbm,HIGH
74f4c7f79ff6b4ff,-6199,53,540,4,0.0002009868621826172,17.0,0,0.85,BENIGN,INFO,lightgbm,HIGH
1c90ab7c091f800d,-15958,443,8703,31,61.40592956542969,6.0,0,0.85,BENIGN,INFO,lightgbm,HIGH
52e569a73cf643c7,-8647,53,454,4,0.07875490188598633,17.0,0,0.85,BENIGN,INFO,lightgbm,HIGH
4fb29759baf5d303,-7000,53,608,4,0.05764889717102051,17.0,0,0.85,BENIGN,INFO,lightgbm,HIGH
b2362c759ae119a0,-4911,53,326,2,0.05731010437011719,17.0,0,0.85,BENIGN,INFO,lightgbm,HIGH
64b1d4a1eccf9a39,-8587,53,768,6,0.2589409351348877,17.0,0,0.85,BENIGN,INFO,lightgbm,HIGH
e546646c16de1fcb,-3223,53,398,4,0.00016117095947265625,17.0,0,0.85,BENIGN,INFO,lightgbm,HIGH
343861e0697486c1,-15957,443,9012,36,60.553218841552734,6.0,0,0.85,BENIGN,INFO,lightgbm,HIGH
b62fa9800c7c461d,-15956,443,7418,28,1.0128490924835205,6.0,0,0.85,BENIGN,INFO,lightgbm,HIGH
f27c3a8f4a1e47e1,-2259,53,658,4,0.034214019775390625,17.0,0,0.85,BENIGN,INFO,lightgbm,HIGH
cf70629f0ca7b5e4,-3152,53,698,6,0.19214606285095215,17.0,0,0.85,BENIGN,INFO,lightgbm,HIGH
d2c457b42ed58d3a,-14995,53,606,6,0.09876394271850586,17.0,0,0.85,BENIGN,INFO,lightgbm,HIGH
5a370fc6be3e553a,-7637,53,336,4,0.034970998764038086,17.0,0,0.85,BENIGN,INFO,lightgbm,HIGH
24cb7f5c4ced3559,-14404,53,534,4,0.00020694732666015625,17.0,0,0.85,BENIGN,INFO,lightgbm,HIGH
ad20f94765f9e648,-3878,53,190,2,0.034661054611206055,17.0,0,0.85,BENIGN,INFO,lightgbm,HIGH
4656291425820c41,-12495,53,458,4,0.035056114196777344,17.0,0,0.85,BENIGN,INFO,lightgbm,HIGH
fd617692448877a9,-6443,53,556,4,0.07652902603149414,17.0,0,0.85,BENIGN,INFO,lightgbm,HIGH
21ef7206c68858f5,-3087,53,248,2,0.03470897674560547,17.0,0,0.85,BENIGN,INFO,lightgbm,HIGH
ad225a1b5418c6a1,-3034,53,492,4,11.907910346984863,17.0,0,0.85,BENIGN,INFO,lightgbm,HIGH
b53de60aa4b39f0e,-2110,53,328,4,0.05845904350280762,17.0,0,0.85,BENIGN,INFO,lightgbm,HIGH
52b466ed58f2a2ad,-15955,443,9374,30,62.28695297241211,6.0,0,0.85,BENIGN,INFO,lightgbm,HIGH
ac8d802cd551836d,-15157,53,336,4,0.03318905830383301,17.0,0,0.85,BENIGN,INFO,lightgbm,HIGH
32ef82580de275d4,-3988,53,190,2,0.0328679084777832,17.0,0,0.85,BENIGN,INFO,lightgbm,HIGH
0e08fc981c667b3c,-1776,53,340,4,0.033041954040527344,17.0,0,0.85,BENIGN,INFO,lightgbm,HIGH
6f9f77c2d77854ed,-4713,53,192,2,0.03269386291503906,17.0,0,0.85,BENIGN,INFO,lightgbm,HIGH
c657bea643d88b0d,-4398,53,942,8,1.2191948890686035,17.0,0,0.85,BENIGN,INFO,lightgbm,HIGH
35818910bf489441,-5141,53,858,6,0.09941697120666504,17.0,0,0.85,BENIGN,INFO,lightgbm,HIGH
155fd090e6cfb7e5,-15954,443,8225,21,10.531816482543945,6.0,0,0.85,BENIGN,INFO,lightgbm,HIGH
a9839368d0ade811,-15953,443,7974,20,10.335504531860352,6.0,0,0.85,BENIGN,INFO,lightgbm,HIGH
838dd38ba8c20315,-15952,443,7382,30,62.80171585083008,6.0,0,0.85,BENIGN,INFO,lightgbm,HIGH
0cf795b729898bed,-15951,443,7472,25,17.41185760498047,6.0,0,0.85,BENIGN,INFO,lightgbm,HIGH
d0ef29506f251626,-15736,135,2632,24,13.607468605041504,6.0,0,0.85,BENIGN,INFO,lightgbm,HIGH
87367cf344353387,-15735,-15870,4858,28,13.606496810913086,6.0,0,0.85,BENIGN,INFO,lightgbm,HIGH
7c774d66bda85767,-2809,53,738,6,0.16181707382202148,17.0,0,0.85,BENIGN,INFO,lightgbm,HIGH
4b410d39075497f3,-11629,53,412,4,0.0726020336151123,17.0,0,0.85,BENIGN,INFO,lightgbm,HIGH
7ffb254496ef86a4,-12296,53,734,4,0.066802978515625,17.0,0,0.85,BENIGN,INFO,lightgbm,HIGH
afbdb61b2e9412d4,-3054,53,389,2,0.06632709503173828,17.0,0,0.85,BENIGN,INFO,lightgbm,HIGH
d2310a9ad4eabe6d,-15678,53,480,4,0.0331568717956543,17.0,0,0.85,BENIGN,INFO,lightgbm,HIGH
66a3410ab1d29888,-4791,53,262,2,0.03274893760681152,17.0,0,0.85,BENIGN,INFO,lightgbm,HIGH
de838a40a8f4da1c,-15950,443,7156,26,31.080780029296875,6.0,0,0.85,BENIGN,INFO,lightgbm,HIGH
d18b1e7145f0e2ee,-15949,443,1365,15,5.870784759521484,6.0,0,0.85,BENIGN,INFO,lightgbm,HIGH
59086302f578e948,-15948,443,7917,23,19.85161781311035,6.0,0,0.85,BENIGN,INFO,lightgbm,HIGH
8ddfafdee11ae0ae,-15947,443,7782,23,1.6414539813995361,6.0,0,0.85,BENIGN,INFO,lightgbm,HIGH
e32da52499ab8355,-15946,443,7994,24,1.306488037109375,6.0,0,0.85,BENIGN,INFO,lightgbm,HIGH
71138e8a6d0904de,-3189,53,332,2,0.058206796646118164,17.0,0,0.85,BENIGN,INFO,lightgbm,HIGH
688e6b98d2a6beca,-15945,443,7820,22,6.19835090637207,6.0,0,0.85,BENIGN,INFO,lightgbm,HIGH
90d16f15defa00a3,-15944,443,6365,30,70.8463363647461,6.0,0,0.85,BENIGN,INFO,lightgbm,HIGH
d2902a0317a13aa6,-7712,53,390,4,0.03386116027832031,17.0,0,0.85,BENIGN,INFO,lightgbm,HIGH
b860bd43f79e80a1,-3635,53,217,2,0.033457040786743164,17.0,0,0.85,BENIGN,INFO,lightgbm,HIGH
359339ca8e286f35,-7022,53,422,4,0.06708979606628418,17.0,0,0.85,BENIGN,INFO,lightgbm,HIGH
98b69556c8d46490,-485,53,1082,4,0.06554794311523438,17.0,0,0.85,BENIGN,INFO,lightgbm,HIGH
220b646a9b9c3819,-4298,53,521,2,0.06489896774291992,17.0,0,0.85,BENIGN,INFO,lightgbm,HIGH
b70e34681bd0146c,-10068,53,610,6,0.15766310691833496,17.0,0,0.85,BENIGN,INFO,lightgbm,HIGH
af634ea9c9317005,-3612,53,245,2,0.15731000900268555,17.0,0,0.85,BENIGN,INFO,lightgbm,HIGH
d7d430f73b9ed1fb,-13557,53,340,4,0.03344297409057617,17.0,0,0.85,BENIGN,INFO,lightgbm,HIGH
3f86573814c24784,-14781,53,674,4,0.06595492362976074,17.0,0,0.85,BENIGN,INFO,lightgbm,HIGH
6c0a6f1dc5780ab6,-3545,53,359,2,0.06553506851196289,17.0,0,0.85,BENIGN,INFO,lightgbm,HIGH
a5ffae8e2b414631,-4842,53,672,6,0.13420391082763672,17.0,0,0.85,BENIGN,INFO,lightgbm,HIGH
6b6f01be15fd7f94,-5266,53,279,2,0.13380098342895508,17.0,0,0.85,BENIGN,INFO,lightgbm,HIGH
067bf8f444eb4fa2,-6330,53,510,4,0.03469204902648926,17.0,0,0.85,BENIGN,INFO,lightgbm,HIGH
156de0438590196c,-3264,53,324,4,0.0001811981201171875,17.0,0,0.85,BENIGN,INFO,lightgbm,HIGH
82a300770aa4a773,-15943,443,1586,13,0.4275169372558594,6.0,0,0.85,BENIGN,INFO,lightgbm,HIGH
39bd0de7e3f12ef2,-8633,53,642,4,0.0005640983581542969,17.0,0,0.85,BENIGN,INFO,lightgbm,HIGH
c12244b182125e7d,-15942,443,7839,31,62.22733688354492,6.0,0,0.85,BENIGN,INFO,lightgbm,HIGH
1b6a5142568a6cba,-15941,443,7779,24,1.5443320274353027,6.0,0,0.85,BENIGN,INFO,lightgbm,HIGH
5cdf5ea1cf669e57,-15940,443,7321,32,71.2891845703125,6.0,0,0.85,BENIGN,INFO,lightgbm,HIGH
04ef2a4b4f9d825a,-15939,443,7618,31,71.25979614257812,6.0,0,0.85,BENIGN,INFO,lightgbm,HIGH
8f0c55e9d27a3e1a,-14308,53,758,6,0.21148300170898438,17.0,0,0.85,BENIGN,INFO,lightgbm,HIGH
8c7c8aa4b6fb4385,-12939,53,360,4,0.058319091796875,17.0,0,0.85,BENIGN,INFO,lightgbm,HIGH
bed9a0ad20318880,-15938,443,17774,31,11.059667587280273,6.0,0,0.85,BENIGN,INFO,lightgbm,HIGH
20456550bdf08e2c,-6191,53,576,4,0.00019598007202148438,17.0,0,0.85,BENIGN,INFO,lightgbm,HIGH
2f7e531d32b31f95,-11707,53,336,4,0.00015115737915039062,17.0,0,0.85,BENIGN,INFO,lightgbm,HIGH
e2ff4c703ae40303,-4448,53,450,4,0.05865287780761719,17.0,0,0.85,BENIGN,INFO,lightgbm,HIGH
89c3fec554ccd322,-3397,53,247,2,0.05828094482421875,17.0,0,0.85,BENIGN,INFO,lightgbm,HIGH
ae8401fea90c905d,-7236,53,450,4,0.05907392501831055,17.0,0,0.85,BENIGN,INFO,lightgbm,HIGH
f5dc945b8c3e3a00,-1383,53,452,4,0.00016188621520996094,17.0,0,0.85,BENIGN,INFO,lightgbm,HIGH
23162b3503d223af,-5386,53,500,4,0.03328394889831543,17.0,0,0.85,BENIGN,INFO,lightgbm,HIGH
5becc2cb74db7128,-4826,53,272,2,0.0329282283782959,17.0,0,0.85,BENIGN,INFO,lightgbm,HIGH
862527786b1b4a4c,-15937,443,11354,37,62.36713409423828,6.0,0,0.85,BENIGN,INFO,lightgbm,HIGH
a74322c2608ed93e,-15936,443,9657,32,61.37449645996094,6.0,0,0.85,BENIGN,INFO,lightgbm,HIGH
6307f091c9bf62a3,-15935,443,12364,39,63.363616943359375,6.0,0,0.85,BENIGN,INFO,lightgbm,HIGH
f61020e6166cbde3,-15934,443,7753,30,59.255977630615234,6.0,0,0.85,BENIGN,INFO,lightgbm,HIGH
0959eacd85f7c663,-15933,443,6018,18,4.219738006591797,6.0,0,0.85,BENIGN,INFO,lightgbm,HIGH
de592ebaf5c2c0b6,-15932,443,10488,25,11.810304641723633,6.0,0,0.85,BENIGN,INFO,lightgbm,HIGH
4d97d5535e4510b1,-15931,443,16322,37,7.761824607849121,6.0,0,0.85,BENIGN,INFO,lightgbm,HIGH
53bb9632b5896acb,-8754,53,328,4,0.00015497207641601562,17.0,0,0.85,BENIGN,INFO,lightgbm,HIGH
d27d38e112fd61c0,-15615,53,420,4,0.034461021423339844,17.0,0,0.85,BENIGN,INFO,lightgbm,HIGH
525f9dc21df003b8,-15930,443,8113,31,61.961055755615234,6.0,0,0.85,BENIGN,INFO,lightgbm,HIGH
b09cbcfe1b4fed01,-11916,53,336,4,0.00015091896057128906,17.0,0,0.85,BENIGN,INFO,lightgbm,HIGH
ccb0ff4892ca7d28,-13040,53,434,4,0.03351283073425293,17.0,0,0.85,BENIGN,INFO,lightgbm,HIGH
dfd6b0210ec6975f,-3334,53,239,2,0.03317904472351074,17.0,0,0.85,BENIGN,INFO,lightgbm,HIGH
3ad2088a284dd0ee,-4988,53,340,4,0.00015497207641601562,17.0,0,0.85,BENIGN,INFO,lightgbm,HIGH
e767d14bfa3cdd0f,-2093,53,406,4,0.03348898887634277,17.0,0,0.85,BENIGN,INFO,lightgbm,HIGH
c937288353434646,-5046,53,608,4,0.07116413116455078,17.0,0,0.85,BENIGN,INFO,lightgbm,HIGH
53a80a655eb252f2,-6545,53,556,4,0.00019407272338867188,17.0,0,0.85,BENIGN,INFO,lightgbm,HIGH
2ef588abdcdf19bc,-12752,53,474,4,0.0333409309387207,17.0,0,0.85,BENIGN,INFO,lightgbm,HIGH
81648c83cf4b01f0,-4566,53,356,4,0.00015401840209960938,17.0,0,0.85,BENIGN,INFO,lightgbm,HIGH
9a1e7ebddbc49e63,-6430,53,444,4,0.0577700138092041,17.0,0,0.85,BENIGN,INFO,lightgbm,HIGH
1019edb24a3fd6a4,-4701,53,480,4,0.0002498626708984375,17.0,0,0.85,BENIGN,INFO,lightgbm,HIGH
e08d00c7001bac48,-6584,53,450,4,0.03310990333557129,17.0,0,0.85,BENIGN,INFO,lightgbm,HIGH
98535d1d4a1e16c6,-15929,443,8094,21,21.105989456176758,6.0,0,0.85,BENIGN,INFO,lightgbm,HIGH
383b12aa84f7f05f,-15928,443,7962,33,62.54183578491211,6.0,0,0.85,BENIGN,INFO,lightgbm,HIGH
0c3243f900e18e3d,-15927,443,6018,18,11.054157257080078,6.0,0,0.85,BENIGN,INFO,lightgbm,HIGH
6fc0e37383667645,-15926,443,7304,19,1.545494794845581,6.0,0,0.85,BENIGN,INFO,lightgbm,HIGH
dbac6c0fa8d600fe,-14077,53,692,4,0.0002129077911376953,17.0,0,0.85,BENIGN,INFO,lightgbm,HIGH
5b61230675bbae89,-12076,53,600,4,0.057788848876953125,17.0,0,0.85,BENIGN,INFO,lightgbm,HIGH
535cbcdea7886499,-5457,53,412,4,0.0001690387725830078,17.0,0,0.85,BENIGN,INFO,lightgbm,HIGH
646df8a370e6f626,-8691,53,436,4,0.07251214981079102,17.0,0,0.85,BENIGN,INFO,lightgbm,HIGH
267fded5b849bfbc,-8806,53,724,4,0.00020313262939453125,17.0,0,0.85,BENIGN,INFO,lightgbm,HIGH
0023d84b8fc3b068,-1830,53,632,4,0.05746197700500488,17.0,0,0.85,BENIGN,INFO,lightgbm,HIGH
5755f7bc1e11f906,-15925,443,7414,27,61.54790496826172,6.0,0,0.85,BENIGN,INFO,lightgbm,HIGH
aa7b7597cbf8bc94,-13767,53,476,4,0.0003178119659423828,17.0,0,0.85,BENIGN,INFO,lightgbm,HIGH
3795740635252b0f,-1736,53,512,4,0.08852910995483398,17.0,0,0.85,BENIGN,INFO,lightgbm,HIGH
9fc48db316c86574,-4095,53,278,2,0.08817291259765625,17.0,0,0.85,BENIGN,INFO,lightgbm,HIGH
6cf8493fec2042f5,-15924,443,6393,29,62.18042755126953,6.0,0,0.85,BENIGN,INFO,lightgbm,HIGH
0957e571f13e357a,-15923,443,5577,18,11.033571243286133,6.0,0,0.85,BENIGN,INFO,lightgbm,HIGH
9e5cd970ce98c436,-15922,443,5433,18,11.033472061157227,6.0,0,0.85,BENIGN,INFO,lightgbm,HIGH
620967cb97b2b32c,-15921,443,5521,16,11.033302307128906,6.0,0,0.85,BENIGN,INFO,lightgbm,HIGH
21357f9a0aa58a35,-15226,53,620,4,0.0002110004425048828,17.0,0,0.85,BENIGN,INFO,lightgbm,HIGH
423b69eee01c943a,-1040,53,404,4,0.00016307830810546875,17.0,0,0.85,BENIGN,INFO,lightgbm,HIGH
260693deee656698,-10129,53,588,4,0.0001919269561767578,17.0,0,0.85,BENIGN,INFO,lightgbm,HIGH
1a06a60382f9839f,-5522,53,486,4,0.00016188621520996094,17.0,0,0.85,BENIGN,INFO,lightgbm,HIGH
e4192ed932c54b90,-8135,53,340,4,0.00015211105346679688,17.0,0,0.85,BENIGN,INFO,lightgbm,HIGH
f8793c742a43b04d,-8497,53,454,4,0.05906200408935547,17.0,0,0.85,BENIGN,INFO,lightgbm,HIGH
f167a36cb1f18cf4,-1927,53,360,4,0.00015592575073242188,17.0,0,0.85,BENIGN,INFO,lightgbm,HIGH
cfa5eb8e2eee3fbd,-15659,53,468,4,0.035058021545410156,17.0,0,0.85,BENIGN,INFO,lightgbm,HIGH
f8b7f49e2ba1cd3a,-12363,53,324,4,0.00015091896057128906,17.0,0,0.85,BENIGN,INFO,lightgbm,HIGH
0247103deccfa059,-11700,53,348,4,0.0001499652862548828,17.0,0,0.85,BENIGN,INFO,lightgbm,HIGH
79f54c88ddd2f726,29840,53,368,4,0.0002009868621826172,17.0,0,0.85,BENIGN,INFO,lightgbm,HIGH
73767e5b1ae60779,-1547,53,968,4,0.0002560615539550781,17.0,0,0.85,BENIGN,INFO,lightgbm,HIGH
09c99b724b9a2a82,-8274,53,452,4,0.03432202339172363,17.0,0,0.85,BENIGN,INFO,lightgbm,HIGH
07105119f9d6ebee,-3925,53,248,2,0.03397393226623535,17.0,0,0.85,BENIGN,INFO,lightgbm,HIGH
b16f8bda8cd33c09,-903,53,436,4,0.0001690387725830078,17.0,0,0.85,BENIGN,INFO,lightgbm,HIGH
143d54f7b7ed519d,-8239,53,472,4,0.03439903259277344,17.0,0,0.85,BENIGN,INFO,lightgbm,HIGH
6f2f77e632490f5e,-4673,53,258,2,0.034020185470581055,17.0,0,0.85,BENIGN,INFO,lightgbm,HIGH
84ffedd8750bd96c,-9142,53,476,4,0.00017881393432617188,17.0,0,0.85,BENIGN,INFO,lightgbm,HIGH
dddd3a2f4d183eca,-3091,53,470,4,0.058660030364990234,17.0,0,0.85,BENIGN,INFO,lightgbm,HIGH
ea115ace713eb3d3,-3801,53,257,2,0.05833101272583008,17.0,0,0.85,BENIGN,INFO,lightgbm,HIGH
734f832885963df9,-12462,53,708,4,0.00020813941955566406,17.0,0,0.85,BENIGN,INFO,lightgbm,HIGH
6eb512637b9986cf,-5571,53,608,4,0.03389906883239746,17.0,0,0.85,BENIGN,INFO,lightgbm,HIGH
71d7d31e3558ba60,-13202,53,360,4,0.00015401840209960938,17.0,0,0.85,BENIGN,INFO,lightgbm,HIGH
1c781ca5b51da7dc,-9313,53,446,4,0.05905604362487793,17.0,0,0.85,BENIGN,INFO,lightgbm,HIGH
eadb19c5d2a8e983,-5070,53,245,2,0.058712005615234375,17.0,0,0.85,BENIGN,INFO,lightgbm,HIGH
f457fe751ee2d7b1,-15920,443,10367,23,2.9362218379974365,6.0,0,0.85,BENIGN,INFO,lightgbm,HIGH
bb8942e488a198d6,-15919,443,6526,22,16.490182876586914,6.0,0,0.85,BENIGN,INFO,lightgbm,HIGH
14360358d06b5f17,-15918,443,5433,18,11.036113739013672,6.0,0,0.85,BENIGN,INFO,lightgbm,HIGH
49a04d6da9562323,-15917,443,7284,19,1.4341039657592773,6.0,0,0.85,BENIGN,INFO,lightgbm,HIGH
5dda39746cd71282,-15916,443,8366,29,1.3273661136627197,6.0,0,0.85,BENIGN,INFO,lightgbm,HIGH
bc1f28eb7fb2842d,-11388,53,364,4,0.00015497207641601562,17.0,0,0.85,BENIGN,INFO,lightgbm,HIGH
7e4ff62d4413a652,-3090,53,462,4,0.0001571178436279297,17.0,0,0.85,BENIGN,INFO,lightgbm,HIGH
c8e5a7f83e052598,-9237,53,388,4,0.00015282630920410156,17.0,0,0.85,BENIGN,INFO,lightgbm,HIGH
5df6166ba9ef8331,-7325,53,526,4,0.058400869369506836,17.0,0,0.85,BENIGN,INFO,lightgbm,HIGH
3153b809250dca6d,-5484,53,285,2,0.05804800987243652,17.0,0,0.85,BENIGN,INFO,lightgbm,HIGH
8936c130281c44e8,-9067,53,608,4,0.00020599365234375,17.0,0,0.85,BENIGN,INFO,lightgbm,HIGH
1d36bd19a6d0bef3,-1804,53,514,4,0.061228036880493164,17.0,0,0.85,BENIGN,INFO,lightgbm,HIGH
1381a1e1728e9aab,-3071,53,279,2,0.0608820915222168,17.0,0,0.85,BENIGN,INFO,lightgbm,HIGH
b7aa56155dfb8949,-15915,443,9852,25,59.92400360107422,6.0,0,0.85,BENIGN,INFO,lightgbm,HIGH
7202f08cb99e4e7b,-15914,443,9093,27,61.44019317626953,6.0,0,0.85,BENIGN,INFO,lightgbm,HIGH
ea1f895b44b341f7,-9543,53,584,4,0.00017213821411132812,17.0,0,0.85,BENIGN,INFO,lightgbm,HIGH
c62d1a5b2a699904,-9342,53,684,4,0.05851888656616211,17.0,0,0.85,BENIGN,INFO,lightgbm,HIGH
de0946f12cdf9643,-5018,53,364,2,0.05817818641662598,17.0,0,0.85,BENIGN,INFO,lightgbm,HIGH
f7395164a20ff701,-15913,443,9998,24,11.356293678283691,6.0,0,0.85,BENIGN,INFO,lightgbm,HIGH
1fb8a08b598daccb,-15912,443,9599,23,11.74868392944336,6.0,0,0.85,BENIGN,INFO,lightgbm,HIGH
53074393fcb28ba6,-14676,53,492,4,0.03465604782104492,17.0,0,0.85,BENIGN,INFO,lightgbm,HIGH
58672d3e2a0ca15b,-3037,53,265,2,0.03426218032836914,17.0,0,0.85,BENIGN,INFO,lightgbm,HIGH
9541adf7b15832a6,-15911,443,4698,14,6.208653926849365,6.0,0,0.85,BENIGN,INFO,lightgbm,HIGH
87a86bc85f33152b,-1090,53,374,4,0.07169795036315918,17.0,0,0.85,BENIGN,INFO,lightgbm,HIGH
437a66d2c56dd09e,-3200,53,209,2,0.07122397422790527,17.0,0,0.85,BENIGN,INFO,lightgbm,HIGH
1b3a563b8a47267d,-5202,53,320,4,0.0001518726348876953,17.0,0,0.85,BENIGN,INFO,lightgbm,HIGH
960157c40c61b4ce,-581,53,386,4,0.0353090763092041,17.0,0,0.85,BENIGN,INFO,lightgbm,HIGH
d7ff63c484f18486,-4789,53,215,2,0.034960031509399414,17.0,0,0.85,BENIGN,INFO,lightgbm,HIGH
f3a57829ed3df349,-9933,53,492,4,0.07510781288146973,17.0,0,0.85,BENIGN,INFO,lightgbm,HIGH
8ad9b3559fb02589,-5194,53,268,2,0.0747380256652832,17.0,0,0.85,BENIGN,INFO,lightgbm,HIGH
8be836fbe3556a3d,-3074,53,492,4,0.00017404556274414062,17.0,0,0.85,BENIGN,INFO,lightgbm,HIGH
53f9020fb1eb377a,-15910,443,6628,28,62.71446228027344,6.0,0,0.85,BENIGN,INFO,lightgbm,HIGH
0df3c9f99af54505,-15909,443,11573,24,11.060065269470215,6.0,0,0.85,BENIGN,INFO,lightgbm,HIGH
e0f6f811d5a66980,-15908,80,3286,10,0.24148988723754883,6.0,4,0.85,DoS_Hulk,HIGH,lightgbm,HIGH
508d6820075ed681,-15907,80,3348,11,0.44711995124816895,6.0,4,0.85,DoS_Hulk,HIGH,lightgbm,HIGH
753d83d5061aa2af,-15906,80,3346,11,0.24414610862731934,6.0,4,0.85,DoS_Hulk,HIGH,lightgbm,HIGH
dea3a1ca8d63c052,-15905,80,1896,10,0.18161892890930176,6.0,4,0.85,DoS_Hulk,HIGH,lightgbm,HIGH
2d865c2dbcb543c5,-15904,80,3502,21,70.43643188476562,6.0,4,0.85,DoS_Hulk,HIGH,lightgbm,HIGH
cbd17ee9e2845c74,-15903,443,4280,17,11.05759048461914,6.0,0,0.85,BENIGN,INFO,lightgbm,HIGH
06580a770a6ab831,-15902,443,6459,28,61.31819152832031,6.0,0,0.85,BENIGN,INFO,lightgbm,HIGH
19391c68b1d3e49b,-15901,80,3543,21,70.464599609375,6.0,4,0.85,DoS_Hulk,HIGH,lightgbm,HIGH
ba3ee3c4c44e200c,-15900,443,4280,17,11.056230545043945,6.0,0,0.85,BENIGN,INFO,lightgbm,HIGH
1e0e4d3fbb8bdf9f,-9522,53,628,4,0.00017380714416503906,17.0,0,0.85,BENIGN,INFO,lightgbm,HIGH
743c769927109eb7,-5613,53,636,4,0.05933380126953125,17.0,0,0.85,BENIGN,INFO,lightgbm,HIGH
2967af27f7b6ec4a,-5315,53,340,2,0.058984994888305664,17.0,0,0.85,BENIGN,INFO,lightgbm,HIGH
235526374e50837b,-15899,443,11720,37,63.231266021728516,6.0,0,0.85,BENIGN,INFO,lightgbm,HIGH
ce88ea02829a895b,-15898,80,1896,10,0.46251702308654785,6.0,4,0.85,DoS_Hulk,HIGH,lightgbm,HIGH
e8adc59d9a11a769,-15897,80,1896,10,0.46159911155700684,6.0,4,0.85,DoS_Hulk,HIGH,lightgbm,HIGH
b22f5bed3a7b4a98,-6193,53,840,6,0.10853886604309082,17.0,0,0.85,BENIGN,INFO,lightgbm,HIGH
84b709bea9540f44,-4262,53,372,2,0.10804486274719238,17.0,0,0.85,BENIGN,INFO,lightgbm,HIGH
9b7a2f6333fe7590,-4017,53,324,4,0.07287192344665527,17.0,0,0.85,BENIGN,INFO,lightgbm,HIGH
142259cdd928a931,-3632,53,184,2,0.07254600524902344,17.0,0,0.85,BENIGN,INFO,lightgbm,HIGH
e45e8f8cc515a32b,-8221,53,324,4,0.00014281272888183594,17.0,0,0.85,BENIGN,INFO,lightgbm,HIGH
5e786bfa22e9e5b7,-7981,53,454,4,0.03644108772277832,17.0,0,0.85,BENIGN,INFO,lightgbm,HIGH
4aa8ff7199334cdf,-4857,53,249,2,0.03611111640930176,17.0,0,0.85,BENIGN,INFO,lightgbm,HIGH
defc3a4b0a88c659,-12889,53,704,4,0.000225067138671875,17.0,0,0.85,BENIGN,INFO,lightgbm,HIGH
58c120e366da07f4,-6521,53,604,4,0.061363935470581055,17.0,0,0.85,BENIGN,INFO,lightgbm,HIGH
1eca0914d2ee2f43,-5575,53,492,4,0.00017189979553222656,17.0,0,0.85,BENIGN,INFO,lightgbm,HIGH
54d853369d810ff9,-4977,53,492,4,0.00016999244689941406,17.0,0,0.85,BENIGN,INFO,lightgbm,HIGH
5304199f9b9abd21,-15896,80,1894,10,0.7680768966674805,6.0,4,0.85,DoS_Hulk,HIGH,lightgbm,HIGH
c6a4f0abe0b30820,-15895,80,1894,10,0.6839621067047119,6.0,4,0.85,DoS_Hulk,HIGH,lightgbm,HIGH
50a4ef6110fca878,-15894,80,3292,10,1.038926124572754,6.0,4,0.85,DoS_Hulk,HIGH,lightgbm,HIGH
6843cf16f1de59bd,-15893,80,3294,10,0.3870680332183838,6.0,4,0.85,DoS_Hulk,HIGH,lightgbm,HIGH
e5b07901428f52a4,-15892,443,5929,29,62.025875091552734,6.0,0,0.85,BENIGN,INFO,lightgbm,HIGH
c077f7527ed57b8e,-15891,443,8469,23,10.82729721069336,6.0,0,0.85,BENIGN,INFO,lightgbm,HIGH
9b50ba00abbd79e5,-15890,443,6617,17,6.152987003326416,6.0,0,0.85,BENIGN,INFO,lightgbm,HIGH
4c0eec4fddadfabd,-15889,443,4069,16,6.186304092407227,6.0,0,0.85,BENIGN,INFO,lightgbm,HIGH
3013d501fd3d5bcc,-15888,80,3418,19,60.48027420043945,6.0,4,0.85,DoS_Hulk,HIGH,lightgbm,HIGH
08b32c42fe278e90,-10427,53,720,4,0.035282135009765625,17.0,0,0.85,BENIGN,INFO,lightgbm,HIGH
52d6b3a8b58b4b88,-4190,53,682,4,0.08097100257873535,17.0,0,0.85,BENIGN,INFO,lightgbm,HIGH
b69528d079dc3a72,-15887,80,5205,25,62.154930114746094,6.0,4,0.85,DoS_Hulk,HIGH,lightgbm,HIGH
ed76faca74c107fc,-5074,53,760,4,0.0002601146697998047,17.0,0,0.85,BENIGN,INFO,lightgbm,HIGH
365b3034de0e50b2,-9986,53,668,4,0.026305198669433594,17.0,0,0.85,BENIGN,INFO,lightgbm,HIGH
3db804b409d8e081,-5334,53,356,2,0.025957107543945312,17.0,0,0.85,BENIGN,INFO,lightgbm,HIGH
3ec79c5bdd96f04a,-3477,53,688,4,0.00019502639770507812,17.0,0,0.85,BENIGN,INFO,lightgbm,HIGH
8bdc94648b5111b4,-347,53,596,4,0.029056072235107422,17.0,0,0.85,BENIGN,INFO,lightgbm,HIGH
d8e64a264f84a19b,-5400,53,320,2,0.028701066970825195,17.0,0,0.85,BENIGN,INFO,lightgbm,HIGH
0389fc01b4b4d6ab,-15886,80,3806,22,62.10917663574219,6.0,4,0.85,DoS_Hulk,HIGH,lightgbm,HIGH
825ca8a4fef8a7d4,-15885,443,2752,16,0.6811239719390869,6.0,0,0.85,BENIGN,INFO,lightgbm,HIGH
05e4ac71a79a27f0,-4612,3289,780,13,1.8835067749023438e-05,17.0,0,0.85,BENIGN,INFO,lightgbm,HIGH
a363822ae532e216,-8361,53,486,4,0.058125972747802734,17.0,0,0.85,BENIGN,INFO,lightgbm,HIGH
2e1ac7e092c1953f,-3812,53,463,4,10.791460990905762,17.0,0,0.85,BENIGN,INFO,lightgbm,HIGH
bc0f7fab00669dd5,-15884,443,2739,16,0.6494021415710449,6.0,0,0.85,BENIGN,INFO,lightgbm,HIGH
72aa38811af96a76,-12203,53,360,4,0.0001461505889892578,17.0,0,0.85,BENIGN,INFO,lightgbm,HIGH
941edd15a48375a7,-5921,53,450,4,0.00014901161193847656,17.0,0,0.85,BENIGN,INFO,lightgbm,HIGH
2aa27c7c4453854c,-5751,53,336,4,0.029237031936645508,17.0,0,0.85,BENIGN,INFO,lightgbm,HIGH
14dfd6e0e42f2f71,-5438,53,190,2,0.02891397476196289,17.0,0,0.85,BENIGN,INFO,lightgbm,HIGH
0a7072ea86cd168f,-1405,53,664,4,0.05843710899353027,17.0,0,0.85,BENIGN,INFO,lightgbm,HIGH
a4dbdede074cbfe2,-5167,53,354,2,0.05797696113586426,17.0,0,0.85,BENIGN,INFO,lightgbm,HIGH
4994399ba1668882,-15883,443,8004,29,61.01988220214844,6.0,0,0.85,BENIGN,INFO,lightgbm,HIGH
be0ab0ca21cb8f5e,-15882,443,8256,31,61.78227233886719,6.0,0,0.85,BENIGN,INFO,lightgbm,HIGH
0c77fb2be401548f,-9030,53,336,4,0.00013399124145507812,17.0,0,0.85,BENIGN,INFO,lightgbm,HIGH
2dfb0da4a5b500a2,-10193,53,456,4,0.0780479907989502,17.0,0,0.85,BENIGN,INFO,lightgbm,HIGH
86ac43044b254fcc,-3305,53,250,2,0.07769393920898438,17.0,0,0.85,BENIGN,INFO,lightgbm,HIGH
67dbe9a7b9f6c2e8,-4276,53,676,4,0.00018906593322753906,17.0,0,0.85,BENIGN,INFO,lightgbm,HIGH
f741f7fc3aba8d99,-7934,53,794,6,0.1388859748840332,17.0,0,0.85,BENIGN,INFO,lightgbm,HIGH
4306bf1afd95c9b0,-4116,53,314,2,0.1385340690612793,17.0,0,0.85,BENIGN,INFO,lightgbm,HIGH
f31cff229da6f873,-2440,53,324,4,0.030093908309936523,17.0,0,0.85,BENIGN,INFO,lightgbm,HIGH
896518a8041b67e6,-15881,443,6277,26,60.701873779296875,6.0,0,0.85,BENIGN,INFO,lightgbm,HIGH
c6b3bb8ef1f8adb5,-353,53,324,4,0.0001590251922607422,17.0,0,0.85,BENIGN,INFO,lightgbm,HIGH
349f4f0238568a6d,-8133,53,438,4,0.029649972915649414,17.0,0,0.85,BENIGN,INFO,lightgbm,HIGH
30eee2d094b55dbd,-5088,53,241,2,0.029314041137695312,17.0,0,0.85,BENIGN,INFO,lightgbm,HIGH
3c666e62cbcbb3e0,-9325,53,492,4,0.0008139610290527344,17.0,0,0.85,BENIGN,INFO,lightgbm,HIGH
3be4620da973e2a7,-9548,53,492,4,0.00018596649169921875,17.0,0,0.85,BENIGN,INFO,lightgbm,HIGH
0c84649ebf728f2f,-15880,443,6319,28,60.79744338989258,6.0,0,0.85,BENIGN,INFO,lightgbm,HIGH
1c70da9556e958c4,-15879,443,6287,28,60.70690155029297,6.0,0,0.85,BENIGN,INFO,lightgbm,HIGH
ddbd360cb993b127,-15878,443,8484,31,60.553531646728516,6.0,0,0.85,BENIGN,INFO,lightgbm,HIGH
aaed97fb25826a60,-15877,443,5943,24,60.72882080078125,6.0,0,0.85,BENIGN,INFO,lightgbm,HIGH
b42dd2e44701e748,-15876,80,2976,13,0.6671011447906494,6.0,4,0.85,DoS_Hulk,HIGH,lightgbm,HIGH
a52169ae37a5f45a,-15875,80,3360,19,60.4391975402832,6.0,4,0.85,DoS_Hulk,HIGH,lightgbm,HIGH
9c0e4b193d28431c,-14992,53,324,4,0.03292393684387207,17.0,0,0.85,BENIGN,INFO,lightgbm,HIGH
7880b5ccb9677c96,-4280,53,324,4,0.05589795112609863,17.0,0,0.85,BENIGN,INFO,lightgbm,HIGH
3327db49dacf0243,-3752,53,184,2,0.05562090873718262,17.0,0,0.85,BENIGN,INFO,lightgbm,HIGH
9b3bffd624a6886c,-16307,53,682,6,0.20244193077087402,17.0,0,0.85,BENIGN,INFO,lightgbm,HIGH
20838cbe546411b2,-15971,53,324,4,0.00015687942504882812,17.0,0,0.85,BENIGN,INFO,lightgbm,HIGH
05233b4335849c66,-2741,53,438,4,0.055346012115478516,17.0,0,0.85,BENIGN,INFO,lightgbm,HIGH
59274be66d0b81b8,-138,53,438,4,0.055238962173461914,17.0,0,0.85,BENIGN,INFO,lightgbm,HIGH
003d899b17e48687,-3823,53,612,4,1.147287130355835,17.0,0,0.85,BENIGN,INFO,lightgbm,HIGH
19de782bc563b5f0,-15874,443,5479,17,11.102088928222656,6.0,0,0.85,BENIGN,INFO,lightgbm,HIGH
fde0b0d7ba2d73db,-15873,443,4314,18,6.566650390625,6.0,0,0.85,BENIGN,INFO,lightgbm,HIGH
03a8e81b3de91acd,-15872,443,5939,25,60.622314453125,6.0,0,0.85,BENIGN,INFO,lightgbm,HIGH
8e6ffc97da1c80a9,-15871,443,4198,16,11.097455024719238,6.0,0,0.85,BENIGN,INFO,lightgbm,HIGH
47cbb264eb68eba6,-10748,53,638,4,0.00020694732666015625,17.0,0,0.85,BENIGN,INFO,lightgbm,HIGH
12428c064ebafcaa,-761,53,638,4,0.00019788742065429688,17.0,0,0.85,BENIGN,INFO,lightgbm,HIGH
dfc9e6261f8a6fdf,-2875,53,628,4,0.00016117095947265625,17.0,0,0.85,BENIGN,INFO,lightgbm,HIGH
7e6e6f27f59a320e,-2622,53,376,4,0.0002429485321044922,17.0,0,0.85,BENIGN,INFO,lightgbm,HIGH
5dae4243cde560e6,-16283,53,434,4,0.031286001205444336,17.0,0,0.85,BENIGN,INFO,lightgbm,HIGH
481415ac747ddca6,-4265,53,239,2,0.03092503547668457,17.0,0,0.85,BENIGN,INFO,lightgbm,HIGH
9e6a819ab2f1ffa9,-15870,80,372,6,5.239849090576172,6.0,4,0.85,DoS_Hulk,HIGH,lightgbm,HIGH
2a506073f76ac800,-15869,80,2410,19,60.222103118896484,6.0,4,0.85,DoS_Hulk,HIGH,lightgbm,HIGH
be5409640a802659,-2164,53,522,6,0.10679316520690918,17.0,0,0.85,BENIGN,INFO,lightgbm,HIGH
2836467ae1cfd485,-3401,53,213,2,0.1064298152923584,17.0,0,0.85,BENIGN,INFO,lightgbm,HIGH
9af167c4bec98b87,-11252,53,356,4,0.0001499652862548828,17.0,0,0.85,BENIGN,INFO,lightgbm,HIGH
4d31e1cb248b1f1a,-13545,53,456,4,0.07603693008422852,17.0,0,0.85,BENIGN,INFO,lightgbm,HIGH
70fcdc9f36d07bcf,-3208,53,250,2,0.07569098472595215,17.0,0,0.85,BENIGN,INFO,lightgbm,HIGH
4fda8d88c1bab404,-15868,443,4550,15,5.953886985778809,6.0,0,0.85,BENIGN,INFO,lightgbm,HIGH
5868be2552155155,-15867,443,6365,17,5.32834529876709,6.0,0,0.85,BENIGN,INFO,lightgbm,HIGH
0b72c949769783fb,-23313,1124,1027,13,1.7881393432617188e-05,17.0,10,0.85,PortScan,MEDIUM,lightgbm,HIGH
76aeb847fa65e969,-15866,443,2438,14,0.26484203338623047,6.0,0,0.85,BENIGN,INFO,lightgbm,HIGH
d90912d623815bd7,-15865,443,1799,14,5.844076156616211,6.0,0,0.85,BENIGN,INFO,lightgbm,HIGH
7396988640aa1c7b,-3709,53,768,4,0.0012159347534179688,17.0,0,0.85,BENIGN,INFO,lightgbm,HIGH
8acb29914d5bec77,-9704,53,700,4,0.00019097328186035156,17.0,0,0.85,BENIGN,INFO,lightgbm,HIGH
3be7a8c13fc7c1b1,-9353,53,638,4,0.0010828971862792969,17.0,0,0.85,BENIGN,INFO,lightgbm,HIGH
00aacabeebc11cb8,-11723,53,638,4,0.00020313262939453125,17.0,0,0.85,BENIGN,INFO,lightgbm,HIGH
32c28fe9cb8846c8,-14453,53,878,6,0.12457013130187988,17.0,0,0.85,BENIGN,INFO,lightgbm,HIGH
d8f7e593371d6eab,-4878,53,390,2,0.12407803535461426,17.0,0,0.85,BENIGN,INFO,lightgbm,HIGH
ae534bdcf000ac4d,-8411,53,842,6,0.16758394241333008,17.0,0,0.85,BENIGN,INFO,lightgbm,HIGH
bdae5889b9160516,-15864,443,6779,31,61.54533386230469,6.0,0,0.85,BENIGN,INFO,lightgbm,HIGH
c2294fa03d8b30b9,-15863,443,4669,16,5.387356758117676,6.0,0,0.85,BENIGN,INFO,lightgbm,HIGH
610a3a6e74af4744,-844,53,764,4,0.0002238750457763672,17.0,0,0.85,BENIGN,INFO,lightgbm,HIGH
f049db9f4011909b,-13801,53,664,4,0.033975839614868164,17.0,0,0.85,BENIGN,INFO,lightgbm,HIGH
d207256be27c716b,-15862,443,1159,12,2.432298183441162,6.0,0,0.85,BENIGN,INFO,lightgbm,HIGH
d10e809abca646a7,-15861,443,4228,13,5.296180725097656,6.0,0,0.85,BENIGN,INFO,lightgbm,HIGH
6528674e94bba557,-15860,443,9390,28,62.55025863647461,6.0,0,0.85,BENIGN,INFO,lightgbm,HIGH
94811154b186bc08,-15061,53,392,4,0.00015997886657714844,17.0,0,0.85,BENIGN,INFO,lightgbm,HIGH
d635ff6092804a30,-3840,53,514,4,0.05950188636779785,17.0,0,0.85,BENIGN,INFO,lightgbm,HIGH
51acb473d406b38b,-4456,53,790,6,0.1533801555633545,17.0,0,0.85,BENIGN,INFO,lightgbm,HIGH
42d4ab236a6f1e05,-15859,443,6582,31,61.15001678466797,6.0,0,0.85,BENIGN,INFO,lightgbm,HIGH
857abfa422aa1897,-4011,53,620,4,0.00018310546875,17.0,0,0.85,BENIGN,INFO,lightgbm,HIGH
f4c2d391d04033eb,-11678,53,656,4,0.03513908386230469,17.0,0,0.85,BENIGN,INFO,lightgbm,HIGH
01ffb74efc2163a5,-16263,3268,11050,31,0.017674922943115234,6.0,0,0.85,BENIGN,INFO,lightgbm,HIGH
e5971d39891eff53,-16262,389,11050,31,0.01778101921081543,6.0,0,0.85,BENIGN,INFO,lightgbm,HIGH
9d29f0622984ce9a,-8984,53,430,4,0.21982598304748535,17.0,0,0.85,BENIGN,INFO,lightgbm,HIGH
ff324edcc914432c,-16261,443,30653,42,36.01824188232422,6.0,0,0.85,BENIGN,INFO,lightgbm,HIGH
841f8700c27e8482,-7632,53,432,4,0.1430351734161377,17.0,0,0.85,BENIGN,INFO,lightgbm,HIGH
3e2e8a4e566006b8,-5376,53,238,2,0.14264202117919922,17.0,0,0.85,BENIGN,INFO,lightgbm,HIGH
f5dda3b7acf2b22a,-16260,443,340905,276,35.5403938293457,6.0,0,0.85,BENIGN,INFO,lightgbm,HIGH
ac27dcff17d663dd,-16259,443,704493,594,35.47977828979492,6.0,0,0.85,BENIGN,INFO,lightgbm,HIGH
18d5f88e796574f1,-16258,443,395756,379,35.54190444946289,6.0,0,0.85,BENIGN,INFO,lightgbm,HIGH
78e1e3aece6f6eaf,-16257,443,85745,98,35.5391731262207,6.0,0,0.85,BENIGN,INFO,lightgbm,HIGH
c47258607ef67ac0,-16343,137,1196,13,2.1219253540039062e-05,17.0,0,0.85,BENIGN,INFO,lightgbm,HIGH
119a402a4527157a,137,-16343,208,2,4.0531158447265625e-06,17.0,0,0.85,BENIGN,INFO,lightgbm,HIGH
5623ffdafc3bd8fd,-16256,139,11314,84,0.07524991035461426,6.0,0,0.85,BENIGN,INFO,lightgbm,HIGH
57788d93060c4d6b,-1437,53,260,4,0.000247955322265625,17.0,0,0.85,BENIGN,INFO,lightgbm,HIGH
e2291f142e76ba7c,27146,53,260,4,0.00021409988403320312,17.0,0,0.85,BENIGN,INFO,lightgbm,HIGH
49248eea2b8ba51d,-6308,53,260,4,0.00016689300537109375,17.0,0,0.85,BENIGN,INFO,lightgbm,HIGH
40c71b96ee232925,-7118,53,260,4,0.00016498565673828125,17.0,0,0.85,BENIGN,INFO,lightgbm,HIGH
a31bd7a1b1f10619,30182,53,260,4,0.00020003318786621094,17.0,0,0.85,BENIGN,INFO,lightgbm,HIGH
0d5a0d734c30790b,-22770,53,260,4,0.0001518726348876953,17.0,0,0.85,BENIGN,INFO,lightgbm,HIGH
f8c53a3701089e33,-8762,53,260,4,0.00026106834411621094,17.0,0,0.85,BENIGN,INFO,lightgbm,HIGH
f39624c38d3b8aef,3556,53,260,4,0.00021409988403320312,17.0,0,0.85,BENIGN,INFO,lightgbm,HIGH
481b4af5b303f32d,1787,53,260,4,0.00015115737915039062,17.0,0,0.85,BENIGN,INFO,lightgbm,HIGH
5eaa9cf54d9b267b,-31138,53,260,4,0.00014901161193847656,17.0,0,0.85,BENIGN,INFO,lightgbm,HIGH
985bfe1233c21627,27967,53,260,4,0.0001990795135498047,17.0,0,0.85,BENIGN,INFO,lightgbm,HIGH
55ae78df63248f0f,-19360,53,260,4,0.00015211105346679688,17.0,0,0.85,BENIGN,INFO,lightgbm,HIGH
7f6719f34a2cf154,12469,53,260,4,0.0002009868621826172,17.0,0,0.85,BENIGN,INFO,lightgbm,HIGH
82bf114a93fb9627,15869,53,260,4,0.00015497207641601562,17.0,0,0.85,BENIGN,INFO,lightgbm,HIGH
68aa7b870bca330f,3239,53,260,4,0.00019812583923339844,17.0,0,0.85,BENIGN,INFO,lightgbm,HIGH
33768c794acd44eb,-11462,53,260,4,0.0001499652862548828,17.0,0,0.85,BENIGN,INFO,lightgbm,HIGH
f07025ce65adacb0,-16255,443,41351,58,34.09745407104492,6.0,0,0.85,BENIGN,INFO,lightgbm,HIGH
6084a9e2c86dc617,-3707,53,416,4,0.0002911090850830078,17.0,0,0.85,BENIGN,INFO,lightgbm,HIGH
3be9486a4ea2a074,-16254,443,107908,109,34.083030700683594,6.0,0,0.85,BENIGN,INFO,lightgbm,HIGH
58dd0f6e939aefc4,-9041,53,466,4,0.28037285804748535,17.0,0,0.85,BENIGN,INFO,lightgbm,HIGH
4e6023f03be2a278,-5143,53,239,2,0.2799561023712158,17.0,0,0.85,BENIGN,INFO,lightgbm,HIGH
3819c80c69f503d7,-14033,53,456,4,0.05049300193786621,17.0,0,0.85,BENIGN,INFO,lightgbm,HIGH
d4f166a087b9fc01,-16253,443,7225,22,33.92697525024414,6.0,0,0.85,BENIGN,INFO,lightgbm,HIGH
80483e441008a8c4,-15281,53,924,6,0.13052797317504883,17.0,0,0.85,BENIGN,INFO,lightgbm,HIGH
7a252b236ed8649e,-12874,53,594,4,0.048616886138916016,17.0,0,0.85,BENIGN,INFO,lightgbm,HIGH
e5dcb042cfa43c76,-15881,443,43318,54,50.898841857910156,6.0,0,0.85,BENIGN,INFO,lightgbm,HIGH
7d9e88a6ab17baea,-6484,53,476,4,0.00019693374633789062,17.0,0,0.85,BENIGN,INFO,lightgbm,HIGH
a0135de6451483dd,-12705,53,550,4,0.024853944778442383,17.0,0,0.85,BENIGN,INFO,lightgbm,HIGH
30ec26e1acbfb42a,-5099,53,297,2,0.024526119232177734,17.0,0,0.85,BENIGN,INFO,lightgbm,HIGH
c6ed0afe32cd4848,-16252,443,17008,31,33.795318603515625,6.0,0,0.85,BENIGN,INFO,lightgbm,HIGH
d91e04daa1673c45,-15880,443,40913,68,52.4677619934082,6.0,0,0.85,BENIGN,INFO,lightgbm,HIGH
85ec483c71cbff73,-13033,53,612,4,0.00018405914306640625,17.0,0,0.85,BENIGN,INFO,lightgbm,HIGH
4d21ad90627ee395,-11947,53,518,4,0.04869389533996582,17.0,0,0.85,BENIGN,INFO,lightgbm,HIGH
0c5fb29def455a0d,-4456,53,281,2,0.04836392402648926,17.0,0,0.85,BENIGN,INFO,lightgbm,HIGH
762b2a583fe5d5bb,-15879,443,5035,16,5.113597869873047,6.0,0,0.85,BENIGN,INFO,lightgbm,HIGH
f41facd2daaa3328,-3773,53,506,4,0.025699138641357422,17.0,0,0.85,BENIGN,INFO,lightgbm,HIGH
eb14bfb1a04e808b,-15878,80,6454,26,60.06258773803711,6.0,4,0.85,DoS_Hulk,HIGH,lightgbm,HIGH
7ab51c8e23cdf500,-15734,443,11243,15,0.39604806900024414,6.0,0,0.85,BENIGN,INFO,lightgbm,HIGH
45bc2f4b74ae435b,-16251,443,5094,22,33.61077117919922,6.0,0,0.85,BENIGN,INFO,lightgbm,HIGH
5540107e5192b13e,-1845,53,720,4,0.02603888511657715,17.0,0,0.85,BENIGN,INFO,lightgbm,HIGH
df8ab2737174a05f,-16250,443,6709,25,33.52138900756836,6.0,0,0.85,BENIGN,INFO,lightgbm,HIGH
5bac27146a75745e,-2312,53,732,4,0.02712106704711914,17.0,0,0.85,BENIGN,INFO,lightgbm,HIGH
11c51e752bde509f,-5434,53,370,2,0.0265350341796875,17.0,0,0.85,BENIGN,INFO,lightgbm,HIGH
720d520fd952711f,-14722,53,484,4,0.2837789058685303,17.0,0,0.85,BENIGN,INFO,lightgbm,HIGH
60dc7da245efd02f,-4750,53,264,2,0.28334999084472656,17.0,0,0.85,BENIGN,INFO,lightgbm,HIGH
5d2d794677769def,-16249,443,10998,25,0.4614558219909668,6.0,0,0.85,BENIGN,INFO,lightgbm,HIGH
9f66927017e794c6,-6103,53,444,4,0.00020194053649902344,17.0,0,0.85,BENIGN,INFO,lightgbm,HIGH
d3d1200d5b809a80,-16248,443,11622,28,33.43742370605469,6.0,0,0.85,BENIGN,INFO,lightgbm,HIGH
f6371445abd5d67a,-12100,53,394,4,0.00019407272338867188,17.0,0,0.85,BENIGN,INFO,lightgbm,HIGH
42cc966a82e46024,-16247,443,11581,34,33.43067169189453,6.0,0,0.85,BENIGN,INFO,lightgbm,HIGH
9b8d357b3e490813,-7565,53,658,4,0.0002491474151611328,17.0,0,0.85,BENIGN,INFO,lightgbm,HIGH
0f7447b206bf25e7,-16246,443,10264,30,33.425689697265625,6.0,0,0.85,BENIGN,INFO,lightgbm,HIGH
b0ec20b136453b3f,-13040,53,340,4,0.026454925537109375,17.0,0,0.85,BENIGN,INFO,lightgbm,HIGH
73d28e550b843d89,-14106,53,708,4,0.06349611282348633,17.0,0,0.85,BENIGN,INFO,lightgbm,HIGH
3c86813c4e940ba6,-5078,53,376,2,0.06298208236694336,17.0,0,0.85,BENIGN,INFO,lightgbm,HIGH
4d9581a2b99ff065,-16245,443,11633,26,14.532780647277832,6.0,0,0.85,BENIGN,INFO,lightgbm,HIGH
932e0801f9ccdb6d,-8920,53,612,4,0.00020503997802734375,17.0,0,0.85,BENIGN,INFO,lightgbm,HIGH
58a69a84ab0011d5,-15877,443,6379,24,50.278167724609375,6.0,0,0.85,BENIGN,INFO,lightgbm,HIGH
cb4a498f0bae7aaa,-15876,443,13760,30,51.93660354614258,6.0,0,0.85,BENIGN,INFO,lightgbm,HIGH
8cb231af55feae0e,-16244,443,6767,29,33.17509460449219,6.0,0,0.85,BENIGN,INFO,lightgbm,HIGH
8a9f1114384384a2,-6488,53,778,6,0.22991299629211426,17.0,0,0.85,BENIGN,INFO,lightgbm,HIGH
258c6a4f18740476,-4729,53,256,2,0.22948098182678223,17.0,0,0.85,BENIGN,INFO,lightgbm,HIGH
956bb240fd7b4f9e,-16243,443,3136,20,32.58468246459961,6.0,0,0.85,BENIGN,INFO,lightgbm,HIGH
d8d0fa5cf7df3ee9,-8658,53,456,4,0.0001819133758544922,17.0,0,0.85,BENIGN,INFO,lightgbm,HIGH
b0642b3cfef24891,-14770,53,394,4,0.06469607353210449,17.0,0,0.85,BENIGN,INFO,lightgbm,HIGH
3674947403920ee7,-16242,443,2851,17,32.584075927734375,6.0,0,0.85,BENIGN,INFO,lightgbm,HIGH
4993f9345d44551f,-9387,53,328,4,0.00021791458129882812,17.0,0,0.85,BENIGN,INFO,lightgbm,HIGH
d0f54a2ce514a8aa,-16241,443,11856,32,0.47617292404174805,6.0,0,0.85,BENIGN,INFO,lightgbm,HIGH
c1a0bdb722de3183,-14729,53,352,4,0.02940511703491211,17.0,0,0.85,BENIGN,INFO,lightgbm,HIGH
91df5305f9524eb1,-11613,53,430,4,0.0001652240753173828,17.0,0,0.85,BENIGN,INFO,lightgbm,HIGH
0a76c8824be9c14e,-5873,53,662,4,0.0002110004425048828,17.0,0,0.85,BENIGN,INFO,lightgbm,HIGH
ae25c8325ed7d27c,-14405,53,426,4,0.0001499652862548828,17.0,0,0.85,BENIGN,INFO,lightgbm,HIGH
99ecc2274bdb0d47,-12730,53,422,4,0.059072017669677734,17.0,0,0.85,BENIGN,INFO,lightgbm,HIGH
d892f45618c7b3e9,-5192,53,233,2,0.058680057525634766,17.0,0,0.85,BENIGN,INFO,lightgbm,HIGH
c9d32c84726fb6a1,-16240,443,8349,30,32.5752067565918,6.0,0,0.85,BENIGN,INFO,lightgbm,HIGH
b103e3630536a2d6,-16239,443,8007,25,32.53767013549805,6.0,0,0.85,BENIGN,INFO,lightgbm,HIGH
3bb86fdc2a7e9a23,-16238,443,34547,47,32.52218246459961,6.0,0,0.85,BENIGN,INFO,lightgbm,HIGH
af3f7c478c5308d4,-16237,443,8235,29,32.574649810791016,6.0,0,0.85,BENIGN,INFO,lightgbm,HIGH
e566a0541e61ca16,-16236,443,5518,21,32.53171920776367,6.0,0,0.85,BENIGN,INFO,lightgbm,HIGH
15995727fb077093,-16235,443,9860,27,32.56130599975586,6.0,0,0.85,BENIGN,INFO,lightgbm,HIGH
2127519b5c3ac4c8,-16234,443,6606,19,14.127800941467285,6.0,0,0.85,BENIGN,INFO,lightgbm,HIGH
02b6ddc2e6e9f725,-16233,443,2742,21,32.56736373901367,6.0,0,0.85,BENIGN,INFO,lightgbm,HIGH
ebd320950f978fbb,-16232,443,11678,31,32.4837532043457,6.0,0,0.85,BENIGN,INFO,lightgbm,HIGH
3b9fff8da2dca50d,-16231,443,7461,27,32.5097541809082,6.0,0,0.85,BENIGN,INFO,lightgbm,HIGH
a684f27b73e22f3d,-15733,443,53879,60,16.053573608398438,6.0,0,0.85,BENIGN,INFO,lightgbm,HIGH
14081a1fb0ad6049,-16230,443,2726,21,32.48159408569336,6.0,0,0.85,BENIGN,INFO,lightgbm,HIGH
53514cbd21c1350b,-16229,443,3286,21,32.48358917236328,6.0,0,0.85,BENIGN,INFO,lightgbm,HIGH
e7296045749e25db,-12717,53,886,6,0.09299993515014648,17.0,0,0.85,BENIGN,INFO,lightgbm,HIGH
175fddd7e899710a,-16228,443,6044,24,0.28929996490478516,6.0,0,0.85,BENIGN,INFO,lightgbm,HIGH
2348f8fab5614336,-12866,53,352,4,0.029685020446777344,17.0,0,0.85,BENIGN,INFO,lightgbm,HIGH
68739be65e9aaf51,-4984,53,198,2,0.02935194969177246,17.0,0,0.85,BENIGN,INFO,lightgbm,HIGH
4a1586d96ee7cde8,-9785,53,324,4,0.00017905235290527344,17.0,0,0.85,BENIGN,INFO,lightgbm,HIGH
0cf758c3f4b10c33,-11943,53,728,4,0.00025200843811035156,17.0,0,0.85,BENIGN,INFO,lightgbm,HIGH
677f4e5dbc8359fc,-16227,443,6803,23,32.207489013671875,6.0,0,0.85,BENIGN,INFO,lightgbm,HIGH
f53ca1f8e9a87d49,-16226,443,9175,28,32.208160400390625,6.0,0,0.85,BENIGN,INFO,lightgbm,HIGH
0809292de215594d,-16225,443,5955,22,0.21322107315063477,6.0,0,0.85,BENIGN,INFO,lightgbm,HIGH
06f869a5714e9b45,-16224,443,7916,20,15.701934814453125,6.0,0,0.85,BENIGN,INFO,lightgbm,HIGH
52d67541334c5060,-16223,443,7545,26,32.15127182006836,6.0,0,0.85,BENIGN,INFO,lightgbm,HIGH
4773ae5a43d942e2,-16222,443,7381,24,32.15102005004883,6.0,0,0.85,BENIGN,INFO,lightgbm,HIGH
b32099ced30e8169,-15732,443,6858,16,0.17743992805480957,6.0,0,0.85,BENIGN,INFO,lightgbm,HIGH
fc6d595d46de3048,-15731,443,9146,20,0.5358240604400635,6.0,0,0.85,BENIGN,INFO,lightgbm,HIGH
3c7e38458776b9bd,-13702,53,374,4,0.000993967056274414,17.0,0,0.85,BENIGN,INFO,lightgbm,HIGH
04e8f6222b7b3df6,-9993,53,340,4,0.032464027404785156,17.0,0,0.85,BENIGN,INFO,lightgbm,HIGH
513ff09fd76a2393,-4367,53,192,2,0.0006349086761474609,17.0,0,0.85,BENIGN,INFO,lightgbm,HIGH
f8578c6e8c57d821,-4927,53,192,2,0.03212785720825195,17.0,0,0.85,BENIGN,INFO,lightgbm,HIGH
8e8598ec200ed1bd,-10214,53,500,4,0.05859494209289551,17.0,0,0.85,BENIGN,INFO,lightgbm,HIGH
c246c99776d40ce8,-16221,443,141821,162,31.56167221069336,6.0,0,0.85,BENIGN,INFO,lightgbm,HIGH
15a99dd945d5175c,-16220,443,7211,21,12.599312782287598,6.0,0,0.85,BENIGN,INFO,lightgbm,HIGH
85bccfe957b625f1,-11368,53,898,6,0.21438002586364746,17.0,0,0.85,BENIGN,INFO,lightgbm,HIGH
2b6db90358028c76,-3862,53,338,2,0.21395015716552734,17.0,0,0.85,BENIGN,INFO,lightgbm,HIGH
d748dda73cfdf2c0,-16219,443,6552,23,31.51398468017578,6.0,0,0.85,BENIGN,INFO,lightgbm,HIGH
c21aaf075cd23c40,-15730,443,7542,14,0.13998103141784668,6.0,0,0.85,BENIGN,INFO,lightgbm,HIGH
e08715f23f13c18c,-15729,443,8316,18,0.343919038772583,6.0,0,0.85,BENIGN,INFO,lightgbm,HIGH
29eb4e056d116448,-4713,53,348,4,0.0673530101776123,17.0,0,0.85,BENIGN,INFO,lightgbm,HIGH
b3086c94d06b57c5,-4796,53,196,2,0.06697916984558105,17.0,0,0.85,BENIGN,INFO,lightgbm,HIGH
f824687424fcdc1b,-21084,3289,780,13,1.5974044799804688e-05,17.0,0,0.85,BENIGN,INFO,lightgbm,HIGH
879039245beabf69,-16218,443,12566,35,30.9885311126709,6.0,0,0.85,BENIGN,INFO,lightgbm,HIGH
628a15a9caa44982,-15339,53,332,4,0.0602719783782959,17.0,0,0.85,BENIGN,INFO,lightgbm,HIGH
204546e34c335347,-8213,53,848,6,0.15421700477600098,17.0,0,0.85,BENIGN,INFO,lightgbm,HIGH
b5e1a94bee411e32,-3557,53,249,2,0.1538071632385254,17.0,0,0.85,BENIGN,INFO,lightgbm,HIGH
d12a4912c98fe8a7,-16217,443,19588,42,30.69166374206543,6.0,0,0.85,BENIGN,INFO,lightgbm,HIGH
55ac91f2a1f47072,-15728,80,1226500,1000,16.624834060668945,6.0,4,0.85,DoS_Hulk,HIGH,lightgbm,HIGH
c7bfaca7b1e382c0,-15858,443,7758,19,11.066423416137695,6.0,0,0.85,BENIGN,INFO,lightgbm,HIGH
f6fa4afb78efac21,-16665,1124,1027,13,1.7881393432617188e-05,17.0,10,0.85,PortScan,MEDIUM,lightgbm,HIGH
f8f4e462365e3220,-14411,53,592,4,0.00022411346435546875,17.0,0,0.85,BENIGN,INFO,lightgbm,HIGH
ab4bbb7a2f27647f,-15875,443,15445,24,0.8145439624786377,6.0,0,0.85,BENIGN,INFO,lightgbm,HIGH
d480e3a041162724,29041,53,550,4,0.051084041595458984,17.0,0,0.85,BENIGN,INFO,lightgbm,HIGH
069ac9f4967c9f83,-1879,53,550,4,0.050956010818481445,17.0,0,0.85,BENIGN,INFO,lightgbm,HIGH
a9a82a5e560b70d6,-26422,53,506,4,0.02649998664855957,17.0,0,0.85,BENIGN,INFO,lightgbm,HIGH
980d3eed95f42612,-4509,53,297,2,0.05052304267883301,17.0,0,0.85,BENIGN,INFO,lightgbm,HIGH
b6c4976e32a84532,-4706,53,275,2,0.02601003646850586,17.0,0,0.85,BENIGN,INFO,lightgbm,HIGH
055d09515bf1b6c2,-8532,443,1268,10,0.033178091049194336,6.0,0,0.85,BENIGN,INFO,lightgbm,HIGH
cd3d67546098b72f,-8531,443,3010,16,0.11648702621459961,6.0,0,0.85,BENIGN,INFO,lightgbm,HIGH
c37b844b9663b666,-15874,80,97382,92,5.328033447265625,6.0,4,0.85,DoS_Hulk,HIGH,lightgbm,HIGH
1dd1a7109544dd37,-15873,80,218814,200,21.58736228942871,6.0,4,0.85,DoS_Hulk,HIGH,lightgbm,HIGH
64aa9d62868b6eb7,-10485,53,468,4,0.07742786407470703,17.0,0,0.85,BENIGN,INFO,lightgbm,HIGH
48e2a6e30486008a,-3112,53,234,2,0.07690906524658203,17.0,0,0.85,BENIGN,INFO,lightgbm,HIGH
02bbb24bbadca19b,-15872,80,157451,150,21.507461547851562,6.0,4,0.85,DoS_Hulk,HIGH,lightgbm,HIGH
31996a2917c36f3b,-15871,80,239577,207,21.561199188232422,6.0,4,0.85,DoS_Hulk,HIGH,lightgbm,HIGH
1b631bc3c39cd7e2,-15870,80,235027,202,21.59669303894043,6.0,4,0.85,DoS_Hulk,HIGH,lightgbm,HIGH
9d07d000981415d9,-15869,80,187523,170,21.59589385986328,6.0,4,0.85,DoS_Hulk,HIGH,lightgbm,HIGH
5e732d90e333014b,-15868,80,198955,168,21.594865798950195,6.0,4,0.85,DoS_Hulk,HIGH,lightgbm,HIGH
195b1680b6da0e00,-3821,53,424,4,0.0002429485321044922,17.0,0,0.85,BENIGN,INFO,lightgbm,HIGH
031de818e68423af,-15867,80,176041,191,9.689892768859863,6.0,4,0.85,DoS_Hulk,HIGH,lightgbm,HIGH
424320e9cba330b6,-15866,80,97463,105,8.962995529174805,6.0,4,0.85,DoS_Hulk,HIGH,lightgbm,HIGH
acd31fb34716bb52,-15865,80,238594,269,9.783172607421875,6.0,4,0.85,DoS_Hulk,HIGH,lightgbm,HIGH
aaabf948b3e2aa2a,-15864,80,330263,317,9.71776294708252,6.0,4,0.85,DoS_Hulk,HIGH,lightgbm,HIGH
c1cb7964e01409c8,-15863,80,63032,77,9.108993530273438,6.0,4,0.85,DoS_Hulk,HIGH,lightgbm,HIGH
bc24e493db372b95,-15862,80,288903,301,9.779318809509277,6.0,4,0.85,DoS_Hulk,HIGH,lightgbm,HIGH
7db3d5382cfc02d7,-5740,53,504,4,0.07766103744506836,17.0,0,0.85,BENIGN,INFO,lightgbm,HIGH
9eb2d7423cfeda32,-5250,53,202,2,0.07715511322021484,17.0,0,0.85,BENIGN,INFO,lightgbm,HIGH
4eee055f4d0e0c53,-84,53,360,4,0.0001609325408935547,17.0,0,0.85,BENIGN,INFO,lightgbm,HIGH
4ab22f00b4050821,-4444,53,664,4,0.04697108268737793,17.0,0,0.85,BENIGN,INFO,lightgbm,HIGH
66fcf997dedee0c4,-13041,53,664,4,0.04684901237487793,17.0,0,0.85,BENIGN,INFO,lightgbm,HIGH
26f1cef9a0ed286a,-5405,53,354,2,0.04633498191833496,17.0,0,0.85,BENIGN,INFO,lightgbm,HIGH
f6dfe44720ad8c78,-3311,53,664,4,0.0002090930938720703,17.0,0,0.85,BENIGN,INFO,lightgbm,HIGH
edde25743c00b7a3,-11842,53,648,4,0.00018596649169921875,17.0,0,0.85,BENIGN,INFO,lightgbm,HIGH
e752fb3ab6211271,-15026,53,648,4,0.00018405914306640625,17.0,0,0.85,BENIGN,INFO,lightgbm,HIGH
616e9efba798c80e,1157,443,5322,15,10.356651306152344,6.0,0,0.85,BENIGN,INFO,lightgbm,HIGH
74c73213a5527611,-1266,53,664,4,0.0002129077911376953,17.0,0,0.85,BENIGN,INFO,lightgbm,HIGH
89f61f15bfc447b8,-15727,443,5969,16,10.356689453125,6.0,0,0.85,BENIGN,INFO,lightgbm,HIGH
b296d95c4c2a26c9,-153,53,648,4,0.00021409988403320312,17.0,0,0.85,BENIGN,INFO,lightgbm,HIGH
f88058bacb24ec2b,-7833,53,738,6,0.1376938819885254,17.0,0,0.85,BENIGN,INFO,lightgbm,HIGH
42a582f3c4653a7c,-4685,53,311,2,0.13725495338439941,17.0,0,0.85,BENIGN,INFO,lightgbm,HIGH
70e1732d728b7dfb,-15726,80,1644,9,10.156305313110352,6.0,4,0.85,DoS_Hulk,HIGH,lightgbm,HIGH
6e5bd8fbc17351af,-12676,53,540,4,0.00014519691467285156,17.0,0,0.85,BENIGN,INFO,lightgbm,HIGH
2baa4c1d2f7fe5ff,-11521,53,550,4,0.024584054946899414,17.0,0,0.85,BENIGN,INFO,lightgbm,HIGH
226da787e739838a,-5184,53,297,2,0.02423691749572754,17.0,0,0.85,BENIGN,INFO,lightgbm,HIGH
b86eebe69f760e5c,-8608,53,980,8,1.423779010772705,17.0,0,0.85,BENIGN,INFO,lightgbm,HIGH
8f3a310571967048,-21842,389,394,4,0.0001480579376220703,17.0,0,0.85,BENIGN,INFO,lightgbm,HIGH
9c0196044679c864,-7363,53,368,4,0.00017213821411132812,17.0,0,0.85,BENIGN,INFO,lightgbm,HIGH
f9f09329ccc4d71f,-16287,53,704,4,0.0011150836944580078,17.0,0,0.85,BENIGN,INFO,lightgbm,HIGH
cc685032962d7040,-10827,53,704,4,0.00021505355834960938,17.0,0,0.85,BENIGN,INFO,lightgbm,HIGH
add00b97f9a892eb,-770,53,528,4,0.00016880035400390625,17.0,0,0.85,BENIGN,INFO,lightgbm,HIGH
fe44b78d87a0dfdc,24581,53,368,4,0.00016999244689941406,17.0,0,0.85,BENIGN,INFO,lightgbm,HIGH
5fa45e9e9aebb111,-15725,80,1147869,1000,0.21188783645629883,6.0,4,0.85,DoS_Hulk,HIGH,lightgbm,HIGH
7f362896627d5f44,-10180,53,388,4,0.00016808509826660156,17.0,0,0.85,BENIGN,INFO,lightgbm,HIGH
ecbed15b3f1e09a0,-15616,53,598,6,0.0925300121307373,17.0,0,0.85,BENIGN,INFO,lightgbm,HIGH
510382f55b5d24f3,-15724,80,2650,10,10.523117065429688,6.0,4,0.85,DoS_Hulk,HIGH,lightgbm,HIGH
b56b6ff3e2eb197c,-20856,53,328,4,0.0002129077911376953,17.0,0,0.85,BENIGN,INFO,lightgbm,HIGH
e91109789a0e0df1,24787,53,328,4,0.0002720355987548828,17.0,0,0.85,BENIGN,INFO,lightgbm,HIGH
634b60b8c97d4597,9513,53,352,4,0.00030994415283203125,17.0,0,0.85,BENIGN,INFO,lightgbm,HIGH
45945a3e95993224,-27727,443,7884,21,11.004778861999512,6.0,0,0.85,BENIGN,INFO,lightgbm,HIGH
49ccabd178c71e1c,-25417,53,324,4,0.00032806396484375,17.0,0,0.85,BENIGN,INFO,lightgbm,HIGH
5d5c6620bdf8e295,19604,53,348,4,0.0003809928894042969,17.0,0,0.85,BENIGN,INFO,lightgbm,HIGH
2fb52b226bd44f20,-31417,53,324,4,0.00017309188842773438,17.0,0,0.85,BENIGN,INFO,lightgbm,HIGH
4e88fe81fae3b8a5,-19498,443,80851,94,11.447070121765137,6.0,0,0.85,BENIGN,INFO,lightgbm,HIGH
40f772039cc48a7c,-14267,443,16471,31,11.202409744262695,6.0,0,0.85,BENIGN,INFO,lightgbm,HIGH
7d7ea764db3b4294,-14266,443,232236,257,11.185678482055664,6.0,0,0.85,BENIGN,INFO,lightgbm,HIGH
f06330299e121fc2,-18704,53,332,4,0.00015401840209960938,17.0,0,0.85,BENIGN,INFO,lightgbm,HIGH
19ee4466126233d9,8729,53,356,4,0.04829287528991699,17.0,0,0.85,BENIGN,INFO,lightgbm,HIGH
df86b6c2c5f9fd9e,-3921,53,200,2,0.047888994216918945,17.0,0,0.85,BENIGN,INFO,lightgbm,HIGH
9d18d4baa2f61aee,-32264,443,15053,27,10.201726913452148,6.0,0,0.85,BENIGN,INFO,lightgbm,HIGH
55aacb77ccff0a91,-26867,53,332,4,0.0010159015655517578,17.0,0,0.85,BENIGN,INFO,lightgbm,HIGH
b0677592fefd27ff,-17914,53,356,4,0.05088186264038086,17.0,0,0.85,BENIGN,INFO,lightgbm,HIGH
616018e59bcbb359,-4283,53,188,2,0.0006470680236816406,17.0,0,0.85,BENIGN,INFO,lightgbm,HIGH
0e87c02229a5fde1,-5126,53,200,2,0.0504908561706543,17.0,0,0.85,BENIGN,INFO,lightgbm,HIGH
9b62ffd51b7c5bb7,-13629,443,58477,62,10.219342231750488,6.0,0,0.85,BENIGN,INFO,lightgbm,HIGH
029e37d28d4f5a43,10310,53,374,4,0.00017881393432617188,17.0,0,0.85,BENIGN,INFO,lightgbm,HIGH
70fb401dea84e9ab,-21285,53,398,4,0.0010859966278076172,17.0,0,0.85,BENIGN,INFO,lightgbm,HIGH
be52e9b65caea9db,-3954,53,204,2,0.0006909370422363281,17.0,0,0.85,BENIGN,INFO,lightgbm,HIGH
59295b4de1187d8f,-11400,443,53294,70,10.332002639770508,6.0,0,0.85,BENIGN,INFO,lightgbm,HIGH
a11677b032422de2,-25937,53,396,4,0.0001800060272216797,17.0,0,0.85,BENIGN,INFO,lightgbm,HIGH
78b24b52f636da90,-6040,53,420,4,0.0001900196075439453,17.0,0,0.85,BENIGN,INFO,lightgbm,HIGH
3b2cd4aa0d872cc0,-12981,80,1793,9,10.131185531616211,6.0,4,0.85,DoS_Hulk,HIGH,lightgbm,HIGH
efadddae4e11c492,22509,53,396,4,0.00018715858459472656,17.0,0,0.85,BENIGN,INFO,lightgbm,HIGH
d23d8c04242cf9c2,-6189,53,494,6,0.2316129207611084,17.0,0,0.85,BENIGN,INFO,lightgbm,HIGH
2a6fb7e113c9c879,-15861,80,366,6,5.613534927368164,6.0,4,0.85,DoS_Hulk,HIGH,lightgbm,HIGH
cd0a3083baeea23b,18669,53,368,4,0.00022602081298828125,17.0,0,0.85,BENIGN,INFO,lightgbm,HIGH
2855cc1b60f6e294,-15860,443,7967,18,5.442872047424316,6.0,0,0.85,BENIGN,INFO,lightgbm,HIGH
3b7cb044922dac4b,-12405,53,340,4,0.0001780986785888672,17.0,0,0.85,BENIGN,INFO,lightgbm,HIGH
13a08b70bd41df74,-15859,443,8747,17,0.5927219390869141,6.0,0,0.85,BENIGN,INFO,lightgbm,HIGH
2c3fdf8edc31a828,-8763,53,576,6,0.19933295249938965,17.0,0,0.85,BENIGN,INFO,lightgbm,HIGH
cdb55f8bcf219d93,-11078,53,324,4,0.024230003356933594,17.0,0,0.85,BENIGN,INFO,lightgbm,HIGH
1a3023f9f2042111,-15858,80,66432,70,6.2874369621276855,6.0,4,0.85,DoS_Hulk,HIGH,lightgbm,HIGH
9b50105c3c9a576c,-13595,53,324,4,0.0001361370086669922,17.0,0,0.85,BENIGN,INFO,lightgbm,HIGH
4523fd216b8d9d78,-6460,53,406,4,0.04852890968322754,17.0,0,0.85,BENIGN,INFO,lightgbm,HIGH
ef7c16e42aea5210,-3158,53,225,2,0.04821920394897461,17.0,0,0.85,BENIGN,INFO,lightgbm,HIGH
0abf386d33bef210,-11984,3289,780,13,1.6927719116210938e-05,17.0,0,0.85,BENIGN,INFO,lightgbm,HIGH
3727fc2e72aa7c41,-31952,1124,1027,13,1.5020370483398438e-05,17.0,10,0.85,PortScan,MEDIUM,lightgbm,HIGH
49870f898b52ecf5,-15857,80,45790,54,2.2085821628570557,6.0,4,0.85,DoS_Hulk,HIGH,lightgbm,HIGH
b5b0be293aaf78d1,-15856,80,26417,35,1.7362499237060547,6.0,4,0.85,DoS_Hulk,HIGH,lightgbm,HIGH
39717736f8385baa,-15855,80,17411,24,1.6174330711364746,6.0,4,0.85,DoS_Hulk,HIGH,lightgbm,HIGH
247820057d20c7f0,-6966,53,368,4,0.048120975494384766,17.0,0,0.85,BENIGN,INFO,lightgbm,HIGH
e00b32f4d63615d0,-4914,53,206,2,0.04781484603881836,17.0,0,0.85,BENIGN,INFO,lightgbm,HIGH
5084eca1b9144d95,-15854,80,37662,42,1.7779340744018555,6.0,4,0.85,DoS_Hulk,HIGH,lightgbm,HIGH
038eac5b57902c6e,-12833,53,404,4,0.026195764541625977,17.0,0,0.85,BENIGN,INFO,lightgbm,HIGH
f611e524b08451b3,-5386,53,224,2,0.0258941650390625,17.0,0,0.85,BENIGN,INFO,lightgbm,HIGH
9b85496bb39870e4,-15853,80,17626,26,1.5895130634307861,6.0,4,0.85,DoS_Hulk,HIGH,lightgbm,HIGH
9b72c15146de6115,-14013,53,768,4,0.0010869503021240234,17.0,0,0.85,BENIGN,INFO,lightgbm,HIGH
2ce7efbf9b3ca95e,-3841,53,380,2,0.0006010532379150391,17.0,0,0.85,BENIGN,INFO,lightgbm,HIGH
40216c9c16f3b858,-1337,53,716,4,0.00020599365234375,17.0,0,0.85,BENIGN,INFO,lightgbm,HIGH
8959b50dd36a7a72,-454,53,388,4,0.0001811981201171875,17.0,0,0.85,BENIGN,INFO,lightgbm,HIGH
f8c3cbdadcd1f4af,-15852,80,50928,48,1.6042399406433105,6.0,4,0.85,DoS_Hulk,HIGH,lightgbm,HIGH
d7f4317280a0f7cc,-1533,53,364,4,0.00015497207641601562,17.0,0,0.85,BENIGN,INFO,lightgbm,HIGH
2dbdc6de0fe47263,-4220,53,452,4,0.024165868759155273,17.0,0,0.85,BENIGN,INFO,lightgbm,HIGH
342ab566ed6fe069,-15851,443,9417,27,0.920482873916626,6.0,0,0.85,BENIGN,INFO,lightgbm,HIGH
cbc610e687ef4cca,-15850,443,109270,141,1.821627140045166,6.0,0,0.85,BENIGN,INFO,lightgbm,HIGH
20cbd9c12e75f9fa,-9230,53,368,4,0.0001220703125,17.0,0,0.85,BENIGN,INFO,lightgbm,HIGH
b4605b50d9126cc1,-1763,53,472,4,0.050801992416381836,17.0,0,0.85,BENIGN,INFO,lightgbm,HIGH
f54fd33ff0378341,-15849,443,8095,26,1.4937939643859863,6.0,0,0.85,BENIGN,INFO,lightgbm,HIGH
5d4dd0683ac2d23c,-15848,443,8287,27,1.3722989559173584,6.0,0,0.85,BENIGN,INFO,lightgbm,HIGH
8730e1336d589157,-15847,443,10744,29,1.4935088157653809,6.0,0,0.85,BENIGN,INFO,lightgbm,HIGH
c8e56e359d8c90bb,-15846,443,7986,29,0.6901540756225586,6.0,0,0.85,BENIGN,INFO,lightgbm,HIGH
19bfe030db85eeda,-11898,53,452,4,0.0001678466796875,17.0,0,0.85,BENIGN,INFO,lightgbm,HIGH
ee5254c5194a53c8,-15845,80,2804,8,0.07449698448181152,6.0,4,0.85,DoS_Hulk,HIGH,lightgbm,HIGH
6b59fa5fb9de95c8,-10381,53,376,4,0.00013899803161621094,17.0,0,0.85,BENIGN,INFO,lightgbm,HIGH
8354a4a6c7c9f22e,-3521,53,400,4,0.0001518726348876953,17.0,0,0.85,BENIGN,INFO,lightgbm,HIGH
618ed68de6da211e,-11765,53,456,4,0.00015497207641601562,17.0,0,0.85,BENIGN,INFO,lightgbm,HIGH
533013dc81dbb061,-15844,80,192,3,0.04134178161621094,6.0,4,0.85,DoS_Hulk,HIGH,lightgbm,HIGH
d173b4dc020279e9,-9639,53,404,4,0.0001380443572998047,17.0,0,0.85,BENIGN,INFO,lightgbm,HIGH
c4e6d983f93dc479,-12348,53,428,4,0.00015091896057128906,17.0,0,0.85,BENIGN,INFO,lightgbm,HIGH
2ad9becbbf127194,-1818,53,448,4,0.02394390106201172,17.0,0,0.85,BENIGN,INFO,lightgbm,HIGH
e605469482fa351d,-4706,53,416,4,0.024260997772216797,17.0,0,0.85,BENIGN,INFO,lightgbm,HIGH
825a69e0c378ddf4,-10907,53,1008,4,0.024763107299804688,17.0,0,0.85,BENIGN,INFO,lightgbm,HIGH
f87561d9fd7c2dec,-5284,53,230,2,0.023931026458740234,17.0,0,0.85,BENIGN,INFO,lightgbm,HIGH
44c481749b49c080,-4943,53,336,4,0.04890108108520508,17.0,0,0.85,BENIGN,INFO,lightgbm,HIGH
a7b033eb1a1cb818,-11094,53,440,4,0.024112939834594727,17.0,0,0.85,BENIGN,INFO,lightgbm,HIGH
620bf5ab60048bec,-2996,53,242,2,0.0236971378326416,17.0,0,0.85,BENIGN,INFO,lightgbm,HIGH
e269e2426217136d,-4126,53,584,4,0.06068611145019531,17.0,0,0.85,BENIGN,INFO,lightgbm,HIGH
847b5f11f1223a3c,-15843,80,3750,9,0.3050699234008789,6.0,4,0.85,DoS_Hulk,HIGH,lightgbm,HIGH
670e6db302b53031,-15842,80,1083,7,0.2518198490142822,6.0,4,0.85,DoS_Hulk,HIGH,lightgbm,HIGH
d801681dab632cbf,-8067,53,336,4,0.00014710426330566406,17.0,0,0.85,BENIGN,INFO,lightgbm,HIGH
fd2a1e973fca2687,-1358,53,448,4,0.00015997886657714844,17.0,0,0.85,BENIGN,INFO,lightgbm,HIGH
92621f6088d237fb,-1480,53,420,4,0.047415971755981445,17.0,0,0.85,BENIGN,INFO,lightgbm,HIGH
d89e3b29222fe1a5,-4781,53,232,2,0.04710102081298828,17.0,0,0.85,BENIGN,INFO,lightgbm,HIGH
ea290403a3aca712,-1257,53,416,4,0.00019812583923339844,17.0,0,0.85,BENIGN,INFO,lightgbm,HIGH
1a0d1d06d46b48d2,-15056,53,488,6,0.2978789806365967,17.0,0,0.85,BENIGN,INFO,lightgbm,HIGH
60791a541a412dfe,-5159,53,194,2,0.2975599765777588,17.0,0,0.85,BENIGN,INFO,lightgbm,HIGH
e50486e2c03eee11,-14500,53,344,4,0.025295019149780273,17.0,0,0.85,BENIGN,INFO,lightgbm,HIGH
dd56d32c7e9807a6,-2111,53,1008,4,0.000392913818359375,17.0,0,0.85,BENIGN,INFO,lightgbm,HIGH
577bff9618c6335b,-9940,53,404,4,0.02392578125,17.0,0,0.85,BENIGN,INFO,lightgbm,HIGH
1690a6a14ddcba91,-4309,53,440,4,0.0001480579376220703,17.0,0,0.85,BENIGN,INFO,lightgbm,HIGH
a7b2e00c82be904b,-6623,53,368,4,0.023643970489501953,17.0,0,0.85,BENIGN,INFO,lightgbm,HIGH
d3b8235427899dbe,-5664,53,384,4,0.00015592575073242188,17.0,0,0.85,BENIGN,INFO,lightgbm,HIGH
47c54ca38e669397,-2723,53,432,4,0.06011795997619629,17.0,0,0.85,BENIGN,INFO,lightgbm,HIGH
bf3425ee63265845,-15841,80,4758,12,0.5479698181152344,6.0,4,0.85,DoS_Hulk,HIGH,lightgbm,HIGH
de5081e7a7969562,-15840,80,3296,10,0.527597188949585,6.0,4,0.85,DoS_Hulk,HIGH,lightgbm,HIGH
5734477922efc014,-15839,443,6859,16,1.6055901050567627,6.0,0,0.85,BENIGN,INFO,lightgbm,HIGH
7fe63d41ee6ae267,-15838,443,7603,18,2.2965879440307617,6.0,0,0.85,BENIGN,INFO,lightgbm,HIGH
daa2b106a8938e25,-15837,80,2293,10,1.0519390106201172,6.0,4,0.85,DoS_Hulk,HIGH,lightgbm,HIGH
88f7f11f3564a1f3,-8626,53,444,4,0.00015997886657714844,17.0,0,0.85,BENIGN,INFO,lightgbm,HIGH
f370a711e9fc56c3,-15836,443,77798,89,1.0510079860687256,6.0,0,0.85,BENIGN,INFO,lightgbm,HIGH
231520f85bfa52ab,-10840,53,380,4,0.0001418590545654297,17.0,0,0.85,BENIGN,INFO,lightgbm,HIGH
4fb5b18aadbc40ab,-10110,53,468,4,0.0009009838104248047,17.0,0,0.85,BENIGN,INFO,lightgbm,HIGH
c8bd66d128f96f07,-3769,53,256,2,0.0005640983581542969,17.0,0,0.85,BENIGN,INFO,lightgbm,HIGH
fbe9354334b8f690,-15835,443,17037,40,1.772975206375122,6.0,0,0.85,BENIGN,INFO,lightgbm,HIGH
4b1d32702c12bbbb,-15834,443,3646,21,0.9144539833068848,6.0,0,0.85,BENIGN,INFO,lightgbm,HIGH
4791ee2ec250ec20,-15833,443,44340,48,1.808276891708374,6.0,0,0.85,BENIGN,INFO,lightgbm,HIGH
b2c7283283ebe04e,-15832,443,162579,134,2.0697879791259766,6.0,0,0.85,BENIGN,INFO,lightgbm,HIGH
430986ce1e0b57e8,-1662,53,376,4,0.0002110004425048828,17.0,0,0.85,BENIGN,INFO,lightgbm,HIGH
5abf61e4593b0f4e,-15831,443,7772,15,0.9132280349731445,6.0,0,0.85,BENIGN,INFO,lightgbm,HIGH
475afb42f8f063d2,-15830,80,6897,18,2.29447603225708,6.0,4,0.85,DoS_Hulk,HIGH,lightgbm,HIGH
e1fccc84af4d1f7f,-9788,53,492,4,0.04948019981384277,17.0,0,0.85,BENIGN,INFO,lightgbm,HIGH
d2be20748f3fa059,-5209,53,265,2,0.04899001121520996,17.0,0,0.85,BENIGN,INFO,lightgbm,HIGH
eb9c872643422ee1,-7686,53,376,4,0.00014710426330566406,17.0,0,0.85,BENIGN,INFO,lightgbm,HIGH
090b92a3929b0c72,-11897,53,456,4,0.07752299308776855,17.0,0,0.85,BENIGN,INFO,lightgbm,HIGH
4b36feeffc892fd7,-5257,53,250,2,0.07721304893493652,17.0,0,0.85,BENIGN,INFO,lightgbm,HIGH
0d9ed4547943c81b,-10881,53,328,4,0.02941298484802246,17.0,0,0.85,BENIGN,INFO,lightgbm,HIGH
3b86ba08e1c03e90,-5680,53,328,4,0.00015997886657714844,17.0,0,0.85,BENIGN,INFO,lightgbm,HIGH
423678cf47179f85,-5322,53,210,2,0.023407936096191406,17.0,0,0.85,BENIGN,INFO,lightgbm,HIGH
42bc2bd83c6652e1,-2569,53,492,4,0.0002658367156982422,17.0,0,0.85,BENIGN,INFO,lightgbm,HIGH
163ed9686af41a82,-15829,80,2986,13,0.3204841613769531,6.0,4,0.85,DoS_Hulk,HIGH,lightgbm,HIGH
94db0ffcd3c6ec6a,-15828,443,7946,13,0.08857297897338867,6.0,0,0.85,BENIGN,INFO,lightgbm,HIGH
dfcb5bc79928a8bc,-15827,80,192,3,0.13568878173828125,6.0,4,0.85,DoS_Hulk,HIGH,lightgbm,HIGH
f6960838d61fa904,-15826,80,4976,10,2.232410192489624,6.0,4,0.85,DoS_Hulk,HIGH,lightgbm,HIGH
4b87b02f1b131e5f,-15825,443,5321,10,0.13062000274658203,6.0,0,0.85,BENIGN,INFO,lightgbm,HIGH
1bc216b2621436e2,-15824,80,28325,28,0.46140599250793457,6.0,4,0.85,DoS_Hulk,HIGH,lightgbm,HIGH
919f43fe9820c176,-15823,80,2598,7,0.07693290710449219,6.0,4,0.85,DoS_Hulk,HIGH,lightgbm,HIGH
b297ab64bf95f684,-6002,53,504,4,0.0001800060272216797,17.0,0,0.85,BENIGN,INFO,lightgbm,HIGH
352ee7bcd3496113,-15822,443,6859,24,0.21775102615356445,6.0,0,0.85,BENIGN,INFO,lightgbm,HIGH
41825ff15354878a,-15612,53,460,4,0.00020194053649902344,17.0,0,0.85,BENIGN,INFO,lightgbm,HIGH
b7752ddd9ceb8e1b,-2868,53,388,4,0.00014090538024902344,17.0,0,0.85,BENIGN,INFO,lightgbm,HIGH
6e6a2a0d48538f0e,-15821,443,5702,18,0.17421793937683105,6.0,0,0.85,BENIGN,INFO,lightgbm,HIGH
5913ddea078a57a9,-15820,443,1213,9,0.29418206214904785,6.0,0,0.85,BENIGN,INFO,lightgbm,HIGH
55b6a8737a32f4e8,-1193,53,348,4,0.050351858139038086,17.0,0,0.85,BENIGN,INFO,lightgbm,HIGH
aea4083d2b12a5cd,-3986,53,196,2,0.049829959869384766,17.0,0,0.85,BENIGN,INFO,lightgbm,HIGH
122da28ec87ede93,-15819,443,5978,13,0.6676890850067139,6.0,0,0.85,BENIGN,INFO,lightgbm,HIGH
028dcb77715de76d,-15818,443,4853,12,0.512598991394043,6.0,0,0.85,BENIGN,INFO,lightgbm,HIGH
f94e5eafb1173bcd,-8739,53,348,4,0.00014090538024902344,17.0,0,0.85,BENIGN,INFO,lightgbm,HIGH
add0ebe3224e817f,-8053,53,432,4,0.05139803886413574,17.0,0,0.85,BENIGN,INFO,lightgbm,HIGH
33549866453cb640,-11387,53,396,4,0.027551889419555664,17.0,0,0.85,BENIGN,INFO,lightgbm,HIGH
59966b793625e288,-15817,443,6030,24,0.34066295623779297,6.0,0,0.85,BENIGN,INFO,lightgbm,HIGH
1f2a9bb3bff8caab,-15816,443,7356,29,0.39443302154541016,6.0,0,0.85,BENIGN,INFO,lightgbm,HIGH
ce5cc53a6ae880f5,-3805,53,396,4,0.0001418590545654297,17.0,0,0.85,BENIGN,INFO,lightgbm,HIGH
aef704398815e999,-10593,53,476,4,0.04823112487792969,17.0,0,0.85,BENIGN,INFO,lightgbm,HIGH
ba855d9dae7b1388,-11070,53,332,4,0.00014209747314453125,17.0,0,0.85,BENIGN,INFO,lightgbm,HIGH
347470a4d78978e5,-15815,80,1364,7,0.4361410140991211,6.0,4,0.85,DoS_Hulk,HIGH,lightgbm,HIGH
bba9105f590c7e59,-11066,53,332,4,0.00013399124145507812,17.0,0,0.85,BENIGN,INFO,lightgbm,HIGH
22fd4c224eacc07c,-5186,53,356,4,0.0001671314239501953,17.0,0,0.85,BENIGN,INFO,lightgbm,HIGH
dd86f3d63e6037e7,-15814,80,192,3,0.03073287010192871,6.0,4,0.85,DoS_Hulk,HIGH,lightgbm,HIGH
7fdc27822b85fa29,-7378,53,458,4,0.0001418590545654297,17.0,0,0.85,BENIGN,INFO,lightgbm,HIGH
2758b821f0cad12f,-15813,80,16101,21,0.6169700622558594,6.0,4,0.85,DoS_Hulk,HIGH,lightgbm,HIGH
911f9c2ba51bf8a3,-6413,53,400,4,0.00011491775512695312,17.0,0,0.85,BENIGN,INFO,lightgbm,HIGH
49f36432e516c53f,-9114,53,424,4,0.00011992454528808594,17.0,0,0.85,BENIGN,INFO,lightgbm,HIGH
4231c51e456c6726,-15812,80,1494,7,1.4331700801849365,6.0,4,0.85,DoS_Hulk,HIGH,lightgbm,HIGH
bb9c90aa19a9cd7d,-15811,80,192,3,0.03696799278259277,6.0,4,0.85,DoS_Hulk,HIGH,lightgbm,HIGH
5897dfa870fe3634,-8403,53,468,4,0.00014901161193847656,17.0,0,0.85,BENIGN,INFO,lightgbm,HIGH
fa814243b559c7ab,-15810,443,182791,196,1.3687129020690918,6.0,0,0.85,BENIGN,INFO,lightgbm,HIGH
2e59876fdb792d4d,-15809,443,16492,35,0.8531861305236816,6.0,0,0.85,BENIGN,INFO,lightgbm,HIGH
d2e27b8cbd48e17f,-15808,80,192,3,0.03703713417053223,6.0,4,0.85,DoS_Hulk,HIGH,lightgbm,HIGH
e462809032ff636f,-15807,80,65179,63,0.33846592903137207,6.0,4,0.85,DoS_Hulk,HIGH,lightgbm,HIGH
fe15e4fadb098531,-15806,443,7350,22,0.6694629192352295,6.0,0,0.85,BENIGN,INFO,lightgbm,HIGH
9364c7cf1d49b01b,-15805,443,5940,17,0.38075995445251465,6.0,0,0.85,BENIGN,INFO,lightgbm,HIGH
2e8206dddf5c2465,-13282,53,430,4,0.0002930164337158203,17.0,0,0.85,BENIGN,INFO,lightgbm,HIGH
3a081164bc5eb9c9,-15804,443,50777,83,0.9203488826751709,6.0,0,0.85,BENIGN,INFO,lightgbm,HIGH
fc37da26d0429b56,-15803,443,8972,26,0.2698829174041748,6.0,0,0.85,BENIGN,INFO,lightgbm,HIGH
344eb5b0f663a78b,-15802,443,18409,39,0.37653517723083496,6.0,0,0.85,BENIGN,INFO,lightgbm,HIGH
153aeaa08cfe7b9e,-15801,443,5994,18,0.3691279888153076,6.0,0,0.85,BENIGN,INFO,lightgbm,HIGH
bba2435e757b28d6,-2325,53,406,4,0.05019712448120117,17.0,0,0.85,BENIGN,INFO,lightgbm,HIGH
d216fd891866121d,-1502,53,598,6,0.18590879440307617,17.0,0,0.85,BENIGN,INFO,lightgbm,HIGH
0985ed7eea337c98,-2767,53,328,4,0.0001270771026611328,17.0,0,0.85,BENIGN,INFO,lightgbm,HIGH
e1bd52cb371705c5,-15800,443,13201,33,0.27371907234191895,6.0,0,0.85,BENIGN,INFO,lightgbm,HIGH
4ecd7c1119348ac5,-15799,80,2296,10,0.8798661231994629,6.0,4,0.85,DoS_Hulk,HIGH,lightgbm,HIGH
d601414c2de84767,-10114,53,328,4,0.00012111663818359375,17.0,0,0.85,BENIGN,INFO,lightgbm,HIGH
2e1506e2f0356556,-1495,53,352,4,0.00013494491577148438,17.0,0,0.85,BENIGN,INFO,lightgbm,HIGH
585b37471513b497,-15798,80,2934,10,0.43077802658081055,6.0,4,0.85,DoS_Hulk,HIGH,lightgbm,HIGH
c6b75c707b512cfd,-15797,80,2934,10,0.42368006706237793,6.0,4,0.85,DoS_Hulk,HIGH,lightgbm,HIGH
869982bf58ed75eb,-15796,80,192,3,0.036531925201416016,6.0,4,0.85,DoS_Hulk,HIGH,lightgbm,HIGH
f2e6871a56d2c8a5,-15795,443,5700,18,0.24136590957641602,6.0,0,0.85,BENIGN,INFO,lightgbm,HIGH
8f977fdb41cc3773,-15794,443,5646,17,0.24175596237182617,6.0,0,0.85,BENIGN,INFO,lightgbm,HIGH
582d7470752588b2,-10975,53,392,4,0.05180215835571289,17.0,0,0.85,BENIGN,INFO,lightgbm,HIGH
ff55f357955ba85d,-11975,53,418,4,0.024065017700195312,17.0,0,0.85,BENIGN,INFO,lightgbm,HIGH
70e0a1c75c78cb20,-4494,53,212,2,0.023773908615112305,17.0,0,0.85,BENIGN,INFO,lightgbm,HIGH
17f68e400509cf20,-9827,53,526,4,0.08691000938415527,17.0,0,0.85,BENIGN,INFO,lightgbm,HIGH
961744c7762083b9,-8828,53,430,4,0.04967188835144043,17.0,0,0.85,BENIGN,INFO,lightgbm,HIGH
cfa7b094e92a5e7d,-4897,53,237,2,0.049314022064208984,17.0,0,0.85,BENIGN,INFO,lightgbm,HIGH
4f32ea0dc0b06d46,-977,53,380,4,0.0002760887145996094,17.0,0,0.85,BENIGN,INFO,lightgbm,HIGH
957bcda26a2fd801,-15793,80,3346,11,0.17554903030395508,6.0,4,0.85,DoS_Hulk,HIGH,lightgbm,HIGH
c3a8a432460949e5,-9723,53,368,4,0.00028514862060546875,17.0,0,0.85,BENIGN,INFO,lightgbm,HIGH
a21f86adab5f47fa,-11192,53,368,4,0.00014495849609375,17.0,0,0.85,BENIGN,INFO,lightgbm,HIGH
5a307db8d7d09dcb,-4790,53,388,4,0.0001251697540283203,17.0,0,0.85,BENIGN,INFO,lightgbm,HIGH
4555f2096cfd5b85,-15792,80,3334,11,0.177962064743042,6.0,4,0.85,DoS_Hulk,HIGH,lightgbm,HIGH
46c2a396a8bfb1de,-15791,80,3346,11,0.17798495292663574,6.0,4,0.85,DoS_Hulk,HIGH,lightgbm,HIGH
f40479f36522f456,-15790,443,6866,22,0.32245302200317383,6.0,0,0.85,BENIGN,INFO,lightgbm,HIGH
7d2cc1d180f58426,-15789,443,37519,54,0.35480690002441406,6.0,0,0.85,BENIGN,INFO,lightgbm,HIGH
9f85310c21f7b215,-15788,443,5698,18,0.31263089179992676,6.0,0,0.85,BENIGN,INFO,lightgbm,HIGH
65e4f5e51aca5ec5,-15787,443,4621,11,0.18652009963989258,6.0,0,0.85,BENIGN,INFO,lightgbm,HIGH
69a983ec4dad05c1,-15786,443,8902,16,0.1464388370513916,6.0,0,0.85,BENIGN,INFO,lightgbm,HIGH
fbcff9660a5d015c,-15785,80,3340,11,0.8492889404296875,6.0,4,0.85,DoS_Hulk,HIGH,lightgbm,HIGH
2ebbe4fa729202aa,-11862,53,456,4,0.0010139942169189453,17.0,0,0.85,BENIGN,INFO,lightgbm,HIGH
8c7ebd6afe779154,-3835,53,250,2,0.0005018711090087891,17.0,0,0.85,BENIGN,INFO,lightgbm,HIGH
1c6feb684a8205ed,-9265,53,392,4,0.05051302909851074,17.0,0,0.85,BENIGN,INFO,lightgbm,HIGH
4d2f9d430574a73c,-6295,53,530,4,0.04981398582458496,17.0,0,0.85,BENIGN,INFO,lightgbm,HIGH
2832e5049b63254d,-15784,443,15868,24,0.17514801025390625,6.0,0,0.85,BENIGN,INFO,lightgbm,HIGH
983bec947e05fdd2,-10400,53,484,4,0.00032711029052734375,17.0,0,0.85,BENIGN,INFO,lightgbm,HIGH
c7308c9ed2d9fe3d,-5281,53,544,4,0.047589778900146484,17.0,0,0.85,BENIGN,INFO,lightgbm,HIGH
58d12274bf2175c6,-5137,53,456,4,0.02478504180908203,17.0,0,0.85,BENIGN,INFO,lightgbm,HIGH
d067af849bc71f0d,-4360,53,250,2,0.024360179901123047,17.0,0,0.85,BENIGN,INFO,lightgbm,HIGH
062bd0d9a94fd1d8,-4951,53,440,4,0.024966001510620117,17.0,0,0.85,BENIGN,INFO,lightgbm,HIGH
5622cb9633635132,-5140,53,242,2,0.0244901180267334,17.0,0,0.85,BENIGN,INFO,lightgbm,HIGH
2169acb9410dc177,-9465,53,518,4,0.025428056716918945,17.0,0,0.85,BENIGN,INFO,lightgbm,HIGH
5a028ac71471de8c,-4008,53,281,2,0.024782896041870117,17.0,0,0.85,BENIGN,INFO,lightgbm,HIGH
bb20d02d2fb3898b,-15783,80,37036,37,0.42942214012145996,6.0,4,0.85,DoS_Hulk,HIGH,lightgbm,HIGH
361ec7329112c6ae,-15782,80,192,3,0.10089421272277832,6.0,4,0.85,DoS_Hulk,HIGH,lightgbm,HIGH
8f78e77c080def59,-8556,53,456,4,0.0003190040588378906,17.0,0,0.85,BENIGN,INFO,lightgbm,HIGH
60235d6a84911904,-15439,53,384,4,0.0238950252532959,17.0,0,0.85,BENIGN,INFO,lightgbm,HIGH
bfd47504ccbde1bd,-10687,53,440,4,0.00021195411682128906,17.0,0,0.85,BENIGN,INFO,lightgbm,HIGH
41329dd369dd3858,-15890,53,448,4,0.00018906593322753906,17.0,0,0.85,BENIGN,INFO,lightgbm,HIGH
55e704563368940c,-15781,443,8025,16,0.4004218578338623,6.0,0,0.85,BENIGN,INFO,lightgbm,HIGH
3974c14b6bdb9219,-15780,443,6993,14,0.5250310897827148,6.0,0,0.85,BENIGN,INFO,lightgbm,HIGH
ea838ac7cae5eb5f,-15779,443,15023,20,0.6124417781829834,6.0,0,0.85,BENIGN,INFO,lightgbm,HIGH
48779427a709db49,-15778,443,15064,21,0.5248589515686035,6.0,0,0.85,BENIGN,INFO,lightgbm,HIGH
158a2a5492fd980b,-11391,53,368,4,0.027209043502807617,17.0,0,0.85,BENIGN,INFO,lightgbm,HIGH
ba7dcff0bfb0051c,-4822,53,206,2,0.02691507339477539,17.0,0,0.85,BENIGN,INFO,lightgbm,HIGH
0f16cbb25dbfc952,-908,53,488,6,0.23344993591308594,17.0,0,0.85,BENIGN,INFO,lightgbm,HIGH
5d0406d5b117a0bd,-3833,53,194,2,0.23311901092529297,17.0,0,0.85,BENIGN,INFO,lightgbm,HIGH
78bedb41e4773195,-15777,443,6215,13,0.546687126159668,6.0,0,0.85,BENIGN,INFO,lightgbm,HIGH
fd083be128006abc,-15776,80,8131,13,0.0976111888885498,6.0,4,0.85,DoS_Hulk,HIGH,lightgbm,HIGH
1b4ffe9287b16b49,-10382,53,424,4,0.023704051971435547,17.0,0,0.85,BENIGN,INFO,lightgbm,HIGH
ecd33708cd4e2ffc,-6138,53,432,4,0.02349710464477539,17.0,0,0.85,BENIGN,INFO,lightgbm,HIGH
92ed828767c9c1ae,-16016,53,424,4,0.00013303756713867188,17.0,0,0.85,BENIGN,INFO,lightgbm,HIGH
0ce3b8a220493750,-15775,443,7182,19,0.5406620502471924,6.0,0,0.85,BENIGN,INFO,lightgbm,HIGH
39874befbee623ca,-15774,443,23960,31,0.5588889122009277,6.0,0,0.85,BENIGN,INFO,lightgbm,HIGH
d983825729fd2f54,-15773,443,8984,21,0.6044890880584717,6.0,0,0.85,BENIGN,INFO,lightgbm,HIGH
2796ae19e7ec7cd0,-15772,443,7441,23,0.5685858726501465,6.0,0,0.85,BENIGN,INFO,lightgbm,HIGH
3abc0bec91dfc1f7,-15771,443,5287,13,0.5512361526489258,6.0,0,0.85,BENIGN,INFO,lightgbm,HIGH
bf9ccc473245f269,-15770,443,4279,11,0.5547361373901367,6.0,0,0.85,BENIGN,INFO,lightgbm,HIGH
e87afe1e06272ff6,-10717,53,432,4,0.00015807151794433594,17.0,0,0.85,BENIGN,INFO,lightgbm,HIGH
59aeaec83c312b66,-5988,53,408,4,0.02350783348083496,17.0,0,0.85,BENIGN,INFO,lightgbm,HIGH
92286121bb477ea1,-4258,53,226,2,0.023192882537841797,17.0,0,0.85,BENIGN,INFO,lightgbm,HIGH
b91fd4579dc70d32,-16348,53,392,4,0.04715299606323242,17.0,0,0.85,BENIGN,INFO,lightgbm,HIGH
848406b519b36f40,-14086,53,384,4,0.046380043029785156,17.0,0,0.85,BENIGN,INFO,lightgbm,HIGH
68156261927eb7af,-15769,443,8631,19,0.4002721309661865,6.0,0,0.85,BENIGN,INFO,lightgbm,HIGH
033d299d7c3c2ed2,-11481,53,348,4,0.00014400482177734375,17.0,0,0.85,BENIGN,INFO,lightgbm,HIGH
a826ce456deba453,-3373,53,478,4,0.04833698272705078,17.0,0,0.85,BENIGN,INFO,lightgbm,HIGH
13bd955e65122472,-3598,53,476,4,0.07243680953979492,17.0,0,0.85,BENIGN,INFO,lightgbm,HIGH
280668d9d242ef8c,-15768,80,3400,12,0.13425302505493164,6.0,4,0.85,DoS_Hulk,HIGH,lightgbm,HIGH
0b1f5ef8b397197c,-15767,80,3346,11,0.13419508934020996,6.0,4,0.85,DoS_Hulk,HIGH,lightgbm,HIGH
182f9da8d56a9b01,-15766,80,3346,11,0.1340620517730713,6.0,4,0.85,DoS_Hulk,HIGH,lightgbm,HIGH
fc56f33152d0730e,-1605,53,392,4,0.00013494491577148438,17.0,0,0.85,BENIGN,INFO,lightgbm,HIGH
3b1697d0b4095d39,-1937,53,416,4,0.048062801361083984,17.0,0,0.85,BENIGN,INFO,lightgbm,HIGH
4e439a8c1351e480,-15765,443,5383,10,0.2700059413909912,6.0,0,0.85,BENIGN,INFO,lightgbm,HIGH
a9845e86eeeedcdd,-15764,443,5437,11,0.26503515243530273,6.0,0,0.85,BENIGN,INFO,lightgbm,HIGH
ffe2e06ac6c68ca2,-15763,443,5383,10,0.2656700611114502,6.0,0,0.85,BENIGN,INFO,lightgbm,HIGH
4a394e5f0d1ce005,-15762,80,192,3,0.03319716453552246,6.0,4,0.85,DoS_Hulk,HIGH,lightgbm,HIGH
3aa336e7c4528889,-15761,80,186,3,0.03357386589050293,6.0,4,0.85,DoS_Hulk,HIGH,lightgbm,HIGH
fb142ee141abf384,-15760,80,192,3,0.033412933349609375,6.0,4,0.85,DoS_Hulk,HIGH,lightgbm,HIGH
cb69b03cbfec9263,-15759,80,324,5,0.07638907432556152,6.0,4,0.85,DoS_Hulk,HIGH,lightgbm,HIGH
b6d10eeb759a295f,-3210,53,170,2,2.86102294921875e-06,17.0,0,0.85,BENIGN,INFO,lightgbm,HIGH
